"function evaluation" "current f(x)" "best-so-far f(x)" "current af(x)+b"  "best af(x)+b"
1 41422.083564 41422.083564 41545.913564 41545.913564
5 41422.039274 41422.039274 41545.869274 41545.869274
21 7098.167072 7098.167072 7221.997072 7221.997072
23 7098.163426 7098.163426 7221.993426 7221.993426
25 7098.149987 7098.149987 7221.979987 7221.979987
131 3714.857134 3714.857134 3838.687134 3838.687134
132 3714.853569 3714.853569 3838.683569 3838.683569
133 3714.842476 3714.842476 3838.672476 3838.672476
138 3714.836686 3714.836686 3838.666686 3838.666686
535 2848.504482 2848.504482 2972.334482 2972.334482
537 1720.022945 1720.022945 1843.852945 1843.852945
544 1343.253593 1343.253593 1467.083593 1467.083593
722 964.997363 964.997363 1088.827363 1088.827363
731 956.169266 956.169266 1079.999266 1079.999266
1274 912.460175 912.460175 1036.290175 1036.290175
1278 911.940686 911.940686 1035.770686 1035.770686
1801 911.935953 911.935953 1035.765953 1035.765953
1807 911.933001 911.933001 1035.763001 1035.763001
1896 772.657086 772.657086 896.487086 896.487086
2093 689.243700 689.243700 813.073700 813.073700
2094 123.373672 123.373672 247.203672 247.203672
2841 123.373433 123.373433 247.203433 247.203433
2844 123.372583 123.372583 247.202583 247.202583
2850 123.372038 123.372038 247.202038 247.202038
3244 118.218261 118.218261 242.048261 242.048261
4072 118.217817 118.217817 242.047817 242.047817
4073 118.217420 118.217420 242.047420 242.047420
4076 118.216897 118.216897 242.046897 242.046897
8647 79.590756 79.590756 203.420756 203.420756
9476 79.590574 79.590574 203.420574 203.420574
9478 79.589985 79.589985 203.419985 203.419985
9479 79.589085 79.589085 203.419085 203.419085
135000 14641.816380 79.589085 14641.816380 203.419085
"function evaluation" "current f(x)" "best-so-far f(x)" "current af(x)+b"  "best af(x)+b"
1 106318.252302 106318.252302 106442.082302 106442.082302
2 106317.802329 106317.802329 106441.632329 106441.632329
11 51514.558394 51514.558394 51638.388394 51638.388394
13 51514.521541 51514.521541 51638.351541 51638.351541
15 51514.442515 51514.442515 51638.272515 51638.272515
31 11279.738590 11279.738590 11403.568590 11403.568590
37 11279.715292 11279.715292 11403.545292 11403.545292
101 6895.818773 6895.818773 7019.648773 7019.648773
102 6895.771422 6895.771422 7019.601422 7019.601422
105 6895.769032 6895.769032 7019.599032 7019.599032
201 3886.082612 3886.082612 4009.912612 4009.912612
202 3886.056060 3886.056060 4009.886060 4009.886060
204 3886.053987 3886.053987 4009.883987 4009.883987
206 3886.046193 3886.046193 4009.876193 4009.876193
451 1504.086584 1504.086584 1627.916584 1627.916584
453 1504.082714 1504.082714 1627.912714 1627.912714
682 1302.073953 1302.073953 1425.903953 1425.903953
843 1141.420671 1141.420671 1265.250671 1265.250671
844 1121.848252 1121.848252 1245.678252 1245.678252
845 1110.011320 1110.011320 1233.841320 1233.841320
847 981.285953 981.285953 1105.115953 1105.115953
849 705.884048 705.884048 829.714048 829.714048
1266 475.751903 475.751903 599.581903 599.581903
1268 316.752596 316.752596 440.582596 440.582596
1269 243.009750 243.009750 366.839750 366.839750
1802 243.009250 243.009250 366.839250 366.839250
1803 243.009061 243.009061 366.839061 366.839061
1809 243.008314 243.008314 366.838314 366.838314
8884 203.004658 203.004658 326.834658 326.834658
9611 203.004472 203.004472 326.834472 326.834472
9616 203.002193 203.002193 326.832193 326.832193
9619 203.002146 203.002146 326.832146 326.832146
29145 106.907072 106.907072 230.737072 230.737072
29876 106.905775 106.905775 230.735775 230.735775
29879 106.905091 106.905091 230.735091 230.735091
89797 82.116776 82.116776 205.946776 205.946776
90565 82.116301 82.116301 205.946301 205.946301
90568 82.115743 82.115743 205.945743 205.945743
90569 82.115238 82.115238 205.945238 205.945238
135000 56138.052933 82.115238 56138.052933 205.945238
"function evaluation" "current f(x)" "best-so-far f(x)" "current af(x)+b"  "best af(x)+b"
1 75589.408629 75589.408629 75713.238629 75713.238629
5 75589.386375 75589.386375 75713.216375 75713.216375
11 9674.693401 9674.693401 9798.523401 9798.523401
12 9674.624823 9674.624823 9798.454823 9798.454823
61 1884.518181 1884.518181 2008.348181 2008.348181
62 1884.515709 1884.515709 2008.345709 2008.345709
63 1884.512733 1884.512733 2008.342733 2008.342733
68 1884.504958 1884.504958 2008.334958 2008.334958
603 1062.365703 1062.365703 1186.195703 1186.195703
605 967.334962 967.334962 1091.164962 1091.164962
606 352.533868 352.533868 476.363868 476.363868
1411 352.533662 352.533662 476.363662 476.363662
1413 352.533317 352.533317 476.363317 476.363317
1418 352.532088 352.532088 476.362088 476.362088
1953 308.140266 308.140266 431.970266 431.970266
2010 209.113734 209.113734 332.943734 332.943734
2017 71.632552 71.632552 195.462552 195.462552
2792 71.632225 71.632225 195.462225 195.462225
2794 71.632159 71.632159 195.462159 195.462159
2795 71.631427 71.631427 195.461427 195.461427
135000 14641.816380 71.631427 14641.816380 195.461427
"function evaluation" "current f(x)" "best-so-far f(x)" "current af(x)+b"  "best af(x)+b"
1 184920.167305 184920.167305 184967.677305 184967.677305
4 184920.113245 184920.113245 184967.623245 184967.623245
8 184919.838033 184919.838033 184967.348033 184967.348033
11 116864.752900 116864.752900 116912.262900 116912.262900
12 116864.553695 116864.553695 116912.063695 116912.063695
13 116864.540540 116864.540540 116912.050540 116912.050540
16 116864.363821 116864.363821 116911.873821 116911.873821
21 108373.088054 108373.088054 108420.598054 108420.598054
22 108372.893162 108372.893162 108420.403162 108420.403162
23 108372.837685 108372.837685 108420.347685 108420.347685
25 108372.797205 108372.797205 108420.307205 108420.307205
30 108372.753807 108372.753807 108420.263807 108420.263807
31 37099.086074 37099.086074 37146.596074 37146.596074
34 37099.034599 37099.034599 37146.544599 37146.544599
35 37099.033836 37099.033836 37146.543836 37146.543836
37 37099.018203 37099.018203 37146.528203 37146.528203
91 19932.815403 19932.815403 19980.325403 19980.325403
92 19932.768850 19932.768850 19980.278850 19980.278850
97 19932.704777 19932.704777 19980.214777 19980.214777
101 15237.989095 15237.989095 15285.499095 15285.499095
102 15237.980070 15237.980070 15285.490070 15285.490070
106 15237.915136 15237.915136 15285.425136 15285.425136
211 5493.231753 5493.231753 5540.741753 5540.741753
214 5493.220629 5493.220629 5540.730629 5540.730629
215 5493.215087 5493.215087 5540.725087 5540.725087
271 1043.575009 1043.575009 1091.085009 1091.085009
274 1043.571322 1043.571322 1091.081322 1091.081322
278 1043.567235 1043.567235 1091.077235 1091.077235
960 665.229435 665.229435 712.739435 712.739435
962 306.534359 306.534359 354.044359 354.044359
963 68.484116 68.484116 115.994116 115.994116
1621 68.483872 68.483872 115.993872 115.993872
1624 68.483434 68.483434 115.993434 115.993434
135000 146817.637504 68.483434 146817.637504 115.993434
"function evaluation" "current f(x)" "best-so-far f(x)" "current af(x)+b"  "best af(x)+b"
1 36477.191310 36477.191310 36524.701310 36524.701310
4 36477.169456 36477.169456 36524.679456 36524.679456
6 36477.104430 36477.104430 36524.614430 36524.614430
11 1924.898937 1924.898937 1972.408937 1972.408937
12 1924.891318 1924.891318 1972.401318 1972.401318
16 1924.885183 1924.885183 1972.395183 1972.395183
20 1924.883898 1924.883898 1972.393898 1972.393898
518 633.456898 633.456898 680.966898 680.966898
525 502.879742 502.879742 550.389742 550.389742
529 474.937586 474.937586 522.447586 522.447586
1273 368.398787 368.398787 415.908787 415.908787
1802 368.397366 368.397366 415.907366 415.907366
1803 368.394247 368.394247 415.904247 415.904247
2263 275.624906 275.624906 323.134906 323.134906
2941 275.624365 275.624365 323.134365 323.134365
2944 275.624077 275.624077 323.134077 323.134077
2945 275.622870 275.622870 323.132870 323.132870
135000 194787.796722 275.622870 194787.796722 323.132870
"function evaluation" "current f(x)" "best-so-far f(x)" "current af(x)+b"  "best af(x)+b"
1 54494.076645 54494.076645 54541.586645 54541.586645
2 54493.941783 54493.941783 54541.451783 54541.451783
3 54493.851025 54493.851025 54541.361025 54541.361025
21 44885.340096 44885.340096 44932.850096 44932.850096
22 44885.282195 44885.282195 44932.792195 44932.792195
23 44885.225026 44885.225026 44932.735026 44932.735026
41 24626.020263 24626.020263 24673.530263 24673.530263
42 24625.940194 24625.940194 24673.450194 24673.450194
47 24625.896031 24625.896031 24673.406031 24673.406031
61 17391.347906 17391.347906 17438.857906 17438.857906
62 17391.313485 17391.313485 17438.823485 17438.823485
66 17391.257814 17391.257814 17438.767814 17438.767814
81 7691.251704 7691.251704 7738.761704 7738.761704
82 7691.243532 7691.243532 7738.753532 7738.753532
83 7691.236322 7691.236322 7738.746322 7738.746322
88 7691.235163 7691.235163 7738.745163 7738.745163
89 7691.207361 7691.207361 7738.717361 7738.717361
637 3109.275913 3109.275913 3156.785913 3156.785913
639 2470.176485 2470.176485 2517.686485 2517.686485
645 2030.628068 2030.628068 2078.138068 2078.138068
1432 2030.627726 2030.627726 2078.137726 2078.137726
1434 2030.626975 2030.626975 2078.136975 2078.136975
1436 2030.623989 2030.623989 2078.133989 2078.133989
1439 2030.613606 2030.613606 2078.123606 2078.123606
1960 1426.130809 1426.130809 1473.640809 1473.640809
2004 677.832647 677.832647 725.342647 725.342647
2578 575.022614 575.022614 622.532614 622.532614
3121 575.022303 575.022303 622.532303 622.532303
3124 575.021392 575.021392 622.531392 622.531392
3126 575.020335 575.020335 622.530335 622.530335
3130 575.018591 575.018591 622.528591 622.528591
3815 366.081066 366.081066 413.591066 413.591066
4412 366.080839 366.080839 413.590839 413.590839
4416 366.078358 366.078358 413.588358 413.588358
135000 146817.637504 366.078358 146817.637504 413.588358
"function evaluation" "current f(x)" "best-so-far f(x)" "current af(x)+b"  "best af(x)+b"
1 118847.949007 118847.949007 118903.289007 118903.289007
2 118847.375762 118847.375762 118902.715762 118902.715762
11 109344.500128 109344.500128 109399.840128 109399.840128
13 109344.481265 109344.481265 109399.821265 109399.821265
18 109344.471292 109344.471292 109399.811292 109399.811292
20 109344.377425 109344.377425 109399.717425 109399.717425
21 23741.552784 23741.552784 23796.892784 23796.892784
22 23741.410784 23741.410784 23796.750784 23796.750784
29 23741.409748 23741.409748 23796.749748 23796.749748
41 3808.867409 3808.867409 3864.207409 3864.207409
50 3808.865560 3808.865560 3864.205560 3864.205560
111 3148.992836 3148.992836 3204.332836 3204.332836
117 3148.989883 3148.989883 3204.329883 3204.329883
231 1270.871441 1270.871441 1326.211441 1326.211441
232 1270.855781 1270.855781 1326.195781 1326.195781
351 393.860168 393.860168 449.200168 449.200168
352 393.857810 393.857810 449.197810 449.197810
355 393.855757 393.855757 449.195757 449.195757
892 188.762691 188.762691 244.102691 244.102691
901 183.240939 183.240939 238.580939 238.580939
902 115.160750 115.160750 170.500750 170.500750
1582 115.159046 115.159046 170.499046 170.499046
1589 115.158983 115.158983 170.498983 170.498983
135000 34234.261615 115.158983 34234.261615 170.498983
"function evaluation" "current f(x)" "best-so-far f(x)" "current af(x)+b"  "best af(x)+b"
1 84529.143570 84529.143570 84584.483570 84584.483570
3 84529.101292 84529.101292 84584.441292 84584.441292
11 21951.746479 21951.746479 22007.086479 22007.086479
13 21951.711895 21951.711895 22007.051895 22007.051895
17 21951.688670 21951.688670 22007.028670 22007.028670
71 6807.214668 6807.214668 6862.554668 6862.554668
72 6807.206420 6807.206420 6862.546420 6862.546420
76 6807.180856 6807.180856 6862.520856 6862.520856
191 4098.818673 4098.818673 4154.158673 4154.158673
195 4098.808763 4098.808763 4154.148763 4154.148763
211 1042.263430 1042.263430 1097.603430 1097.603430
212 1042.257813 1042.257813 1097.597813 1097.597813
216 1042.253883 1042.253883 1097.593883 1097.593883
361 853.546643 853.546643 908.886643 908.886643
363 853.545276 853.545276 908.885276 908.885276
367 853.544599 853.544599 908.884599 908.884599
858 841.004902 841.004902 896.344902 896.344902
865 624.591291 624.591291 679.931291 679.931291
1115 253.034490 253.034490 308.374490 308.374490
1117 181.695716 181.695716 237.035716 237.035716
1118 131.108097 131.108097 186.448097 186.448097
1121 108.918637 108.918637 164.258637 164.258637
1711 108.917539 108.917539 164.257539 164.257539
2639 81.763473 81.763473 137.103473 137.103473
3161 81.762757 81.762757 137.102757 137.102757
3163 81.762481 81.762481 137.102481 137.102481
3167 81.762139 81.762139 137.102139 137.102139
135000 17946.263542 81.762139 17946.263542 137.102139
"function evaluation" "current f(x)" "best-so-far f(x)" "current af(x)+b"  "best af(x)+b"
1 18432.504145 18432.504145 18487.844145 18487.844145
2 18432.484278 18432.484278 18487.824278 18487.824278
4 18432.420483 18432.420483 18487.760483 18487.760483
41 18051.156031 18051.156031 18106.496031 18106.496031
42 18051.023614 18051.023614 18106.363614 18106.363614
101 13583.147071 13583.147071 13638.487071 13638.487071
103 13583.143663 13583.143663 13638.483663 13638.483663
106 13583.125568 13583.125568 13638.465568 13638.465568
110 13583.111002 13583.111002 13638.451002 13638.451002
161 11735.340181 11735.340181 11790.680181 11790.680181
165 11735.325932 11735.325932 11790.665932 11790.665932
191 1615.442106 1615.442106 1670.782106 1670.782106
198 1615.438170 1615.438170 1670.778170 1670.778170
824 430.665340 430.665340 486.005340 486.005340
827 389.362435 389.362435 444.702435 444.702435
834 315.131598 315.131598 370.471598 370.471598
1541 315.131223 315.131223 370.471223 370.471223
1545 315.130493 315.130493 370.470493 370.470493
1548 315.129057 315.129057 370.469057 370.469057
2092 162.787245 162.787245 218.127245 218.127245
2842 162.786078 162.786078 218.126078 218.126078
2846 162.784787 162.784787 218.124787 218.124787
2847 162.784515 162.784515 218.124515 218.124515
135000 34234.261615 162.784515 34234.261615 218.124515
"function evaluation" "current f(x)" "best-so-far f(x)" "current af(x)+b"  "best af(x)+b"
1 30717.369825 30717.369825 30627.039825 30627.039825
31 18390.650435 18390.650435 18300.320435 18300.320435
32 18390.539038 18390.539038 18300.209038 18300.209038
61 11879.622747 11879.622747 11789.292747 11789.292747
62 11879.604876 11879.604876 11789.274876 11789.274876
64 11879.578426 11879.578426 11789.248426 11789.248426
70 11879.575364 11879.575364 11789.245364 11789.245364
81 2129.161932 2129.161932 2038.831932 2038.831932
82 2129.138260 2129.138260 2038.808260 2038.808260
637 1178.285479 1178.285479 1087.955479 1087.955479
639 733.677291 733.677291 643.347291 643.347291
640 274.143020 274.143020 183.813020 183.813020
645 260.266765 260.266765 169.936765 169.936765
1432 260.264656 260.264656 169.934656 169.934656
2397 59.403238 59.403238 -30.926762 -30.926762
3022 59.402254 59.402254 -30.927746 -30.927746
135000 40370.110437 59.402254 40370.110437 -30.927746
"function evaluation" "current f(x)" "best-so-far f(x)" "current af(x)+b"  "best af(x)+b"
1 58227.652536 58227.652536 58137.322536 58137.322536
31 188.919255 188.919255 98.589255 98.589255
32 188.915857 188.915857 98.585857 98.585857
554 166.386485 166.386485 76.056485 76.056485
560 156.986504 156.986504 66.656504 66.656504
887 156.358426 156.358426 66.028426 66.028426
1571 156.358027 156.358027 66.028027 66.028027
1573 156.356866 156.356866 66.026866 66.026866
135000 40370.110437 156.356866 40370.110437 66.026866
"function evaluation" "current f(x)" "best-so-far f(x)" "current af(x)+b"  "best af(x)+b"
1 50544.667669 50544.667669 50454.337669 50454.337669
3 50544.583910 50544.583910 50454.253910 50454.253910
11 11111.528738 11111.528738 11021.198738 11021.198738
13 11111.499041 11111.499041 11021.169041 11021.169041
31 4471.572807 4471.572807 4381.242807 4381.242807
33 4471.571392 4471.571392 4381.241392 4381.241392
61 1630.976219 1630.976219 1540.646219 1540.646219
62 1630.964030 1630.964030 1540.634030 1540.634030
558 1282.373004 1282.373004 1192.043004 1192.043004
563 1123.122529 1123.122529 1032.792529 1032.792529
603 593.149816 593.149816 502.819816 502.819816
607 525.597415 525.597415 435.267415 435.267415
609 498.192496 498.192496 407.862496 407.862496
1412 498.189878 498.189878 407.859878 407.859878
2098 420.717812 420.717812 330.387812 330.387812
2364 134.087367 134.087367 43.757367 43.757367
3001 134.086561 134.086561 43.756561 43.756561
3010 134.085835 134.085835 43.755835 43.755835
135000 108892.964578 134.085835 108892.964578 43.755835
"function evaluation" "current f(x)" "best-so-far f(x)" "current af(x)+b"  "best af(x)+b"
1 15663.133125 15663.133125 15728.743125 15728.743125
11 15047.662898 15047.662898 15113.272898 15113.272898
12 15047.529348 15047.529348 15113.139348 15113.139348
31 11802.077705 11802.077705 11867.687705 11867.687705
32 11802.009933 11802.009933 11867.619933 11867.619933
51 1730.562801 1730.562801 1796.172801 1796.172801
52 1730.557817 1730.557817 1796.167817 1796.167817
54 1730.551898 1730.551898 1796.161898 1796.161898
121 898.411417 898.411417 964.021417 964.021417
128 898.406100 898.406100 964.016100 964.016100
371 891.171865 891.171865 956.781865 956.781865
374 891.167840 891.167840 956.777840 956.777840
586 194.001013 194.001013 259.611013 259.611013
596 160.449783 160.449783 226.059783 226.059783
707 139.268364 139.268364 204.878364 204.878364
709 132.429806 132.429806 198.039806 198.039806
712 128.189099 128.189099 193.799099 193.799099
713 62.953512 62.953512 128.563512 128.563512
1472 62.953013 62.953013 128.563013 128.563013
1474 62.952957 62.952957 128.562957 128.562957
1478 62.952553 62.952553 128.562553 128.562553
135000 28437.513988 62.952553 28437.513988 128.562553
"function evaluation" "current f(x)" "best-so-far f(x)" "current af(x)+b"  "best af(x)+b"
1 82483.248690 82483.248690 82548.858690 82548.858690
3 82483.161233 82483.161233 82548.771233 82548.771233
8 82483.051846 82483.051846 82548.661846 82548.661846
11 37959.188268 37959.188268 38024.798268 38024.798268
12 37959.149414 37959.149414 38024.759414 38024.759414
14 37959.103090 37959.103090 38024.713090 38024.713090
20 37959.045062 37959.045062 38024.655062 38024.655062
31 21731.107127 21731.107127 21796.717127 21796.717127
32 21731.096951 21731.096951 21796.706951 21796.706951
33 21731.052550 21731.052550 21796.662550 21796.662550
37 21731.037595 21731.037595 21796.647595 21796.647595
101 6801.217429 6801.217429 6866.827429 6866.827429
121 5764.446483 5764.446483 5830.056483 5830.056483
122 5764.377156 5764.377156 5829.987156 5829.987156
556 5134.979060 5134.979060 5200.589060 5200.589060
671 2834.687513 2834.687513 2900.297513 2900.297513
675 2288.483052 2288.483052 2354.093052 2354.093052
677 1390.429128 1390.429128 1456.039128 1456.039128
679 1079.821857 1079.821857 1145.431857 1145.431857
1451 1079.812462 1079.812462 1145.422462 1145.422462
1871 476.945846 476.945846 542.555846 542.555846
1874 314.821180 314.821180 380.431180 380.431180
1881 192.579698 192.579698 258.189698 258.189698
2712 192.578535 192.578535 258.188535 258.188535
2713 192.578054 192.578054 258.188054 258.188054
135000 74542.031276 192.578054 74542.031276 258.188054
"function evaluation" "current f(x)" "best-so-far f(x)" "current af(x)+b"  "best af(x)+b"
1 33508.373773 33508.373773 33573.983773 33573.983773
8 33508.363713 33508.363713 33573.973713 33573.973713
21 7617.750747 7617.750747 7683.360747 7683.360747
22 7617.744712 7617.744712 7683.354712 7683.354712
24 7617.724369 7617.724369 7683.334369 7683.334369
27 7617.720832 7617.720832 7683.330832 7683.330832
91 5017.370293 5017.370293 5082.980293 5082.980293
92 5017.311814 5017.311814 5082.921814 5082.921814
161 588.393832 588.393832 654.003832 654.003832
162 588.390701 588.390701 654.000701 654.000701
163 588.389229 588.389229 653.999229 653.999229
168 588.387335 588.387335 653.997335 653.997335
169 588.386968 588.386968 653.996968 653.996968
773 164.123454 164.123454 229.733454 229.733454
775 86.886546 86.886546 152.496546 152.496546
782 8.096997 8.096997 73.706997 73.706997
1512 8.096988 8.096988 73.706988 73.706988
1513 8.096517 8.096517 73.706517 73.706517
135000 40242.770370 8.096517 40242.770370 73.706517
