"function evaluation" "current f(x)" "best-so-far f(x)" "current af(x)+b"  "best af(x)+b"
1 27.133635 27.133635 34.003635 34.003635
2 27.114836 27.114836 33.984836 33.984836
8 27.113685 27.113685 33.983685 33.983685
21 23.661478 23.661478 30.531478 30.531478
27 23.652750 23.652750 30.522750 30.522750
31 12.341778 12.341778 19.211778 19.211778
32 12.335927 12.335927 19.205927 19.205927
71 11.714209 11.714209 18.584209 18.584209
77 11.711968 11.711968 18.581968 18.581968
91 6.402131 6.402131 13.272131 13.272131
94 6.401829 6.401829 13.271829 13.271829
95 6.400922 6.400922 13.270922 13.270922
161 4.679872 4.679872 11.549872 11.549872
162 4.674618 4.674618 11.544618 11.544618
281 3.085568 3.085568 9.955568 9.955568
282 3.084032 3.084032 9.954032 9.954032
283 3.083574 3.083574 9.953574 9.953574
286 3.083355 3.083355 9.953355 9.953355
290 3.083326 3.083326 9.953326 9.953326
680 2.850292 2.850292 9.720292 9.720292
713 2.665595 2.665595 9.535595 9.535595
1472 2.665260 2.665260 9.535260 9.535260
1474 2.665106 2.665106 9.535106 9.535106
1475 2.663931 2.663931 9.533931 9.533931
3484 2.278843 2.278843 9.148843 9.148843
4211 2.277467 2.277467 9.147467 9.147467
4213 2.276594 2.276594 9.146594 9.146594
4677 1.794154 1.794154 8.664154 8.664154
5472 1.792051 1.792051 8.662051 8.662051
5478 1.790706 1.790706 8.660706 8.660706
24140 1.265529 1.265529 8.135529 8.135529
24702 1.264181 1.264181 8.134181 8.134181
52333 1.115295 1.115295 7.985295 7.985295
52965 1.113964 1.113964 7.983964 7.983964
84782 0.779007 0.779007 7.649007 7.649007
85392 0.777927 0.777927 7.647927 7.647927
85398 0.777298 0.777298 7.647298 7.647298
135000 5.597762 0.777298 5.597762 7.647298
"function evaluation" "current f(x)" "best-so-far f(x)" "current af(x)+b"  "best af(x)+b"
1 32.720840 32.720840 39.590840 39.590840
2 32.718923 32.718923 39.588923 39.588923
8 32.717628 32.717628 39.587628 39.587628
11 29.821473 29.821473 36.691473 36.691473
17 29.821074 29.821074 36.691074 36.691074
21 14.422473 14.422473 21.292473 21.292473
22 14.418049 14.418049 21.288049 21.288049
24 14.416873 14.416873 21.286873 21.286873
28 14.414668 14.414668 21.284668 21.284668
91 9.658920 9.658920 16.528920 16.528920
92 9.641079 9.641079 16.511079 16.511079
98 9.638363 9.638363 16.508363 16.508363
131 7.251678 7.251678 14.121678 14.121678
137 7.248607 7.248607 14.118607 14.118607
341 2.899516 2.899516 9.769516 9.769516
342 2.896847 2.896847 9.766847 9.766847
343 2.896134 2.896134 9.766134 9.766134
348 2.896094 2.896094 9.766094 9.766094
589 2.872185 2.872185 9.742185 9.742185
1187 2.282315 2.282315 9.152315 9.152315
1241 1.530151 1.530151 8.400151 8.400151
1782 1.529687 1.529687 8.399687 8.399687
1786 1.529421 1.529421 8.399421 8.399421
34431 0.610529 0.610529 7.480529 7.480529
35204 0.608953 0.608953 7.478953 7.478953
35205 0.608805 0.608805 7.478805 7.478805
135000 7.472138 0.608805 7.472138 7.478805
"function evaluation" "current f(x)" "best-so-far f(x)" "current af(x)+b"  "best af(x)+b"
1 32.488259 32.488259 39.358259 39.358259
2 32.478381 32.478381 39.348381 39.348381
8 32.477378 32.477378 39.347378 39.347378
11 14.164581 14.164581 21.034581 21.034581
13 14.163564 14.163564 21.033564 21.033564
14 14.163467 14.163467 21.033467 21.033467
16 14.160881 14.160881 21.030881 21.030881
71 7.349401 7.349401 14.219401 14.219401
77 7.348767 7.348767 14.218767 14.218767
261 3.516829 3.516829 10.386829 10.386829
267 3.516132 3.516132 10.386132 10.386132
506 3.208170 3.208170 10.078170 10.078170
679 2.617002 2.617002 9.487002 9.487002
695 1.869721 1.869721 8.739721 8.739721
795 1.454335 1.454335 8.324335 8.324335
1521 1.453321 1.453321 8.323321 8.323321
1524 1.452730 1.452730 8.322730 8.322730
8044 1.234276 1.234276 8.104276 8.104276
8566 1.233250 1.233250 8.103250 8.103250
43929 1.044716 1.044716 7.914716 7.914716
44681 1.042723 1.042723 7.912723 7.912723
102128 0.602645 0.602645 7.472645 7.472645
102821 0.601571 0.601571 7.471571 7.471571
102827 0.601252 0.601252 7.471252 7.471252
135000 7.472138 0.601252 7.472138 7.471252
"function evaluation" "current f(x)" "best-so-far f(x)" "current af(x)+b"  "best af(x)+b"
1 28.287020 28.287020 28.297020 28.297020
3 28.283257 28.283257 28.293257 28.293257
10 28.282294 28.282294 28.292294 28.292294
31 12.653200 12.653200 12.663200 12.663200
33 12.651395 12.651395 12.661395 12.661395
81 11.739201 11.739201 11.749201 11.749201
82 11.732090 11.732090 11.742090 11.742090
88 11.730558 11.730558 11.740558 11.740558
101 8.176208 8.176208 8.186208 8.186208
102 8.175838 8.175838 8.185838 8.185838
106 8.175575 8.175575 8.185575 8.185575
108 8.174494 8.174494 8.184494 8.184494
110 8.173809 8.173809 8.183809 8.183809
161 4.580375 4.580375 4.590375 4.590375
162 4.576346 4.576346 4.586346 4.586346
164 4.574024 4.574024 4.584024 4.584024
168 4.570917 4.570917 4.580917 4.580917
221 2.383706 2.383706 2.393706 2.393706
222 2.380991 2.380991 2.390991 2.390991
228 2.378470 2.378470 2.388470 2.388470
506 2.107414 2.107414 2.117414 2.117414
1352 2.106676 2.106676 2.116676 2.116676
1358 2.105269 2.105269 2.115269 2.115269
13045 1.285809 1.285809 1.295809 1.295809
13731 1.284637 1.284637 1.294637 1.294637
13737 1.282890 1.282890 1.292890 1.292890
15973 1.105833 1.105833 1.115833 1.115833
16562 1.105254 1.105254 1.115254 1.115254
16570 1.104776 1.104776 1.114776 1.114776
19631 1.098019 1.098019 1.108019 1.108019
45244 0.959006 0.959006 0.969006 0.969006
46013 0.957636 0.957636 0.967636 0.967636
46017 0.957312 0.957312 0.967312 0.967312
130681 0.794065 0.794065 0.804065 0.804065
131291 0.792569 0.792569 0.802569 0.802569
131297 0.791381 0.791381 0.801381 0.801381
135000 3.150628 0.791381 3.150628 0.801381
"function evaluation" "current f(x)" "best-so-far f(x)" "current af(x)+b"  "best af(x)+b"
1 40.772310 40.772310 40.782310 40.782310
7 40.767216 40.767216 40.777216 40.777216
11 26.083835 26.083835 26.093835 26.093835
17 26.081336 26.081336 26.091336 26.091336
31 15.551021 15.551021 15.561021 15.561021
32 15.547414 15.547414 15.557414 15.557414
38 15.545991 15.545991 15.555991 15.555991
51 10.736062 10.736062 10.746062 10.746062
54 10.734650 10.734650 10.744650 10.744650
91 9.143236 9.143236 9.153236 9.153236
92 9.137285 9.137285 9.147285 9.147285
98 9.135798 9.135798 9.145798 9.145798
201 7.889162 7.889162 7.899162 7.899162
202 7.884779 7.884779 7.894779 7.894779
206 7.884640 7.884640 7.894640 7.894640
209 7.883940 7.883940 7.893940 7.893940
381 6.540936 6.540936 6.550936 6.550936
382 6.536570 6.536570 6.546570 6.546570
386 6.533616 6.533616 6.543616 6.543616
391 6.299938 6.299938 6.309938 6.309938
392 6.296818 6.296818 6.306818 6.306818
398 6.296548 6.296548 6.306548 6.306548
481 5.529756 5.529756 5.539756 5.539756
487 5.525933 5.525933 5.535933 5.535933
503 3.922692 3.922692 3.932692 3.932692
594 3.185708 3.185708 3.195708 3.195708
863 2.704399 2.704399 2.714399 2.714399
912 2.615075 2.615075 2.625075 2.625075
990 2.431269 2.431269 2.441269 2.441269
1631 2.430464 2.430464 2.440464 2.440464
1637 2.429679 2.429679 2.439679 2.439679
1938 1.882267 1.882267 1.892267 1.892267
2752 1.881651 1.881651 1.891651 1.891651
2753 1.881642 1.881642 1.891642 1.891642
2756 1.881300 1.881300 1.891300 1.891300
3221 1.103080 1.103080 1.113080 1.113080
3274 0.924910 0.924910 0.934910 0.934910
4091 0.924681 0.924681 0.934681 0.934681
4093 0.923874 0.923874 0.933874 0.933874
135000 7.925745 0.923874 7.925745 0.933874
"function evaluation" "current f(x)" "best-so-far f(x)" "current af(x)+b"  "best af(x)+b"
1 8.328259 8.328259 8.338259 8.338259
2 8.321453 8.321453 8.331453 8.331453
8 8.319973 8.319973 8.329973 8.329973
71 7.446514 7.446514 7.456514 7.456514
72 7.445328 7.445328 7.455328 7.455328
74 7.441389 7.441389 7.451389 7.451389
91 3.161211 3.161211 3.171211 3.171211
92 3.157879 3.157879 3.167879 3.167879
98 3.157732 3.157732 3.167732 3.167732
577 2.606352 2.606352 2.616352 2.616352
1194 2.500443 2.500443 2.510443 2.510443
1751 2.496100 2.496100 2.506100 2.506100
1757 2.493608 2.493608 2.503608 2.503608
3869 1.401384 1.401384 1.411384 1.411384
4441 1.401000 1.401000 1.411000 1.411000
4443 1.399931 1.399931 1.409931 1.409931
4447 1.399739 1.399739 1.409739 1.409739
5329 1.399409 1.399409 1.409409 1.409409
5860 1.398847 1.398847 1.408847 1.408847
17164 1.351413 1.351413 1.361413 1.361413
17822 1.350304 1.350304 1.360304 1.360304
17829 1.349956 1.349956 1.359956 1.359956
90360 0.941788 0.941788 0.951788 0.951788
90892 0.941341 0.941341 0.951341 0.951341
90898 0.941170 0.941170 0.951170 0.951170
96514 0.889804 0.889804 0.899804 0.899804
97292 0.889191 0.889191 0.899191 0.899191
97294 0.889031 0.889031 0.899031 0.899031
97807 0.768998 0.768998 0.778998 0.778998
98612 0.767913 0.767913 0.777913 0.777913
135000 7.832632 0.767913 7.832632 0.777913
"function evaluation" "current f(x)" "best-so-far f(x)" "current af(x)+b"  "best af(x)+b"
1 34.219649 34.219649 -96.390351 -96.390351
2 34.209708 34.209708 -96.400292 -96.400292
8 34.208737 34.208737 -96.401263 -96.401263
10 34.208595 34.208595 -96.401405 -96.401405
11 14.518353 14.518353 -116.091647 -116.091647
12 14.512901 14.512901 -116.097099 -116.097099
15 14.509299 14.509299 -116.100701 -116.100701
91 8.211523 8.211523 -122.398477 -122.398477
92 8.209171 8.209171 -122.400829 -122.400829
94 8.208357 8.208357 -122.401643 -122.401643
96 8.203395 8.203395 -122.406605 -122.406605
161 3.591244 3.591244 -127.018756 -127.018756
163 3.590320 3.590320 -127.019680 -127.019680
165 3.588733 3.588733 -127.021267 -127.021267
647 2.121322 2.121322 -128.488678 -128.488678
733 1.880927 1.880927 -128.729073 -128.729073
1033 1.397445 1.397445 -129.212555 -129.212555
1661 1.396262 1.396262 -129.213738 -129.213738
1663 1.396224 1.396224 -129.213776 -129.213776
1665 1.394169 1.394169 -129.215831 -129.215831
11328 0.587361 0.587361 -130.022639 -130.022639
12161 0.586911 0.586911 -130.023089 -130.023089
12166 0.586240 0.586240 -130.023760 -130.023760
135000 4.279089 0.586240 4.279089 -130.023760
"function evaluation" "current f(x)" "best-so-far f(x)" "current af(x)+b"  "best af(x)+b"
1 17.671304 17.671304 -112.938696 -112.938696
21 16.479359 16.479359 -114.130641 -114.130641
22 16.474142 16.474142 -114.135858 -114.135858
26 16.472949 16.472949 -114.137051 -114.137051
31 11.446752 11.446752 -119.163248 -119.163248
32 11.441328 11.441328 -119.168672 -119.168672
35 11.437267 11.437267 -119.172733 -119.172733
101 10.496960 10.496960 -120.113040 -120.113040
102 10.496140 10.496140 -120.113860 -120.113860
103 10.494731 10.494731 -120.115269 -120.115269
109 10.494704 10.494704 -120.115296 -120.115296
121 7.471728 7.471728 -123.138272 -123.138272
122 7.469853 7.469853 -123.140147 -123.140147
126 7.467041 7.467041 -123.142959 -123.142959
129 7.466128 7.466128 -123.143872 -123.143872
281 4.112052 4.112052 -126.497948 -126.497948
286 4.111141 4.111141 -126.498859 -126.498859
289 4.108880 4.108880 -126.501120 -126.501120
552 2.477271 2.477271 -128.132729 -128.132729
725 1.426041 1.426041 -129.183959 -129.183959
1489 1.425307 1.425307 -129.184693 -129.184693
20108 1.214200 1.214200 -129.395800 -129.395800
20663 1.213225 1.213225 -129.396775 -129.396775
20665 1.212493 1.212493 -129.397507 -129.397507
72432 1.199451 1.199451 -129.410549 -129.410549
73122 1.199132 1.199132 -129.410868 -129.410868
73126 1.198196 1.198196 -129.411804 -129.411804
126688 1.182531 1.182531 -129.427469 -129.427469
127273 1.182522 1.182522 -129.427478 -129.427478
127278 1.182090 1.182090 -129.427910 -129.427910
135000 5.173505 1.182090 5.173505 -129.427910
"function evaluation" "current f(x)" "best-so-far f(x)" "current af(x)+b"  "best af(x)+b"
1 12.897526 12.897526 -117.712474 -117.712474
3 12.896468 12.896468 -117.713532 -117.713532
5 12.891016 12.891016 -117.718984 -117.718984
11 9.047914 9.047914 -121.562086 -121.562086
16 9.045926 9.045926 -121.564074 -121.564074
111 5.276319 5.276319 -125.333681 -125.333681
113 5.275511 5.275511 -125.334489 -125.334489
115 5.272957 5.272957 -125.337043 -125.337043
623 4.759941 4.759941 -125.850059 -125.850059
641 3.566979 3.566979 -127.043021 -127.043021
833 3.109934 3.109934 -127.500066 -127.500066
945 2.071930 2.071930 -128.538070 -128.538070
1292 1.809302 1.809302 -128.800698 -128.800698
1811 1.808867 1.808867 -128.801133 -128.801133
1815 1.808107 1.808107 -128.801893 -128.801893
2038 1.668362 1.668362 -128.941638 -128.941638
2811 1.668324 1.668324 -128.941676 -128.941676
2812 1.668309 1.668309 -128.941691 -128.941691
2814 1.666643 1.666643 -128.943357 -128.943357
2816 1.663518 1.663518 -128.946482 -128.946482
24845 0.999982 0.999982 -129.610018 -129.610018
25672 0.999088 0.999088 -129.610912 -129.610912
25676 0.997893 0.997893 -129.612107 -129.612107
135000 6.739621 0.997893 6.739621 -129.612107
"function evaluation" "current f(x)" "best-so-far f(x)" "current af(x)+b"  "best af(x)+b"
1 31.931574 31.931574 -191.188426 -191.188426
2 31.929427 31.929427 -191.190573 -191.190573
6 31.924043 31.924043 -191.195957 -191.195957
11 5.728089 5.728089 -217.391911 -217.391911
13 5.725934 5.725934 -217.394066 -217.394066
16 5.725845 5.725845 -217.394155 -217.394155
61 4.983247 4.983247 -218.136753 -218.136753
62 4.982580 4.982580 -218.137420 -218.137420
63 4.978870 4.978870 -218.141130 -218.141130
151 4.005718 4.005718 -219.114282 -219.114282
154 4.004642 4.004642 -219.115358 -219.115358
155 4.004370 4.004370 -219.115630 -219.115630
401 1.694271 1.694271 -221.425729 -221.425729
402 1.693013 1.693013 -221.426987 -221.426987
403 1.692914 1.692914 -221.427086 -221.427086
408 1.692640 1.692640 -221.427360 -221.427360
3654 1.581991 1.581991 -221.538009 -221.538009
4311 1.580937 1.580937 -221.539063 -221.539063
4314 1.579743 1.579743 -221.540257 -221.540257
52634 0.606172 0.606172 -222.513828 -222.513828
53141 0.606131 0.606131 -222.513869 -222.513869
53147 0.605848 0.605848 -222.514152 -222.514152
122719 0.473183 0.473183 -222.646817 -222.646817
123274 0.472822 0.472822 -222.647178 -222.647178
135000 6.327849 0.472822 6.327849 -222.647178
"function evaluation" "current f(x)" "best-so-far f(x)" "current af(x)+b"  "best af(x)+b"
1 39.720435 39.720435 -183.399565 -183.399565
2 39.714404 39.714404 -183.405596 -183.405596
4 39.708764 39.708764 -183.411236 -183.411236
5 39.705629 39.705629 -183.414371 -183.414371
8 39.702826 39.702826 -183.417174 -183.417174
11 11.744209 11.744209 -211.375791 -211.375791
13 11.743641 11.743641 -211.376359 -211.376359
16 11.736965 11.736965 -211.383035 -211.383035
17 11.736780 11.736780 -211.383220 -211.383220
61 6.791757 6.791757 -216.328243 -216.328243
526 4.428899 4.428899 -218.691101 -218.691101
578 3.703537 3.703537 -219.416463 -219.416463
673 3.399333 3.399333 -219.720667 -219.720667
735 1.401060 1.401060 -221.718940 -221.718940
1481 1.400585 1.400585 -221.719415 -221.719415
1484 1.398194 1.398194 -221.721806 -221.721806
5004 1.184324 1.184324 -221.935676 -221.935676
5661 1.183621 1.183621 -221.936379 -221.936379
5667 1.182962 1.182962 -221.937038 -221.937038
34679 1.129825 1.129825 -221.990175 -221.990175
35352 1.129256 1.129256 -221.990744 -221.990744
35353 1.128801 1.128801 -221.991199 -221.991199
49467 0.962663 0.962663 -222.157337 -222.157337
50162 0.962141 0.962141 -222.157859 -222.157859
50163 0.960754 0.960754 -222.159246 -222.159246
50166 0.960384 0.960384 -222.159616 -222.159616
83321 0.750011 0.750011 -222.369989 -222.369989
83971 0.749699 0.749699 -222.370301 -222.370301
83973 0.748953 0.748953 -222.371047 -222.371047
135000 7.167060 0.748953 7.167060 -222.371047
"function evaluation" "current f(x)" "best-so-far f(x)" "current af(x)+b"  "best af(x)+b"
1 11.916786 11.916786 -211.203214 -211.203214
4 11.913396 11.913396 -211.206604 -211.206604
5 11.912511 11.912511 -211.207489 -211.207489
8 11.911589 11.911589 -211.208411 -211.208411
11 7.207856 7.207856 -215.912144 -215.912144
16 7.207390 7.207390 -215.912610 -215.912610
17 7.206859 7.206859 -215.913141 -215.913141
101 3.620719 3.620719 -219.499281 -219.499281
103 3.618555 3.618555 -219.501445 -219.501445
1086 2.266234 2.266234 -220.853766 -220.853766
1101 2.110459 2.110459 -221.009541 -221.009541
1701 2.110078 2.110078 -221.009922 -221.009922
1704 2.107263 2.107263 -221.012737 -221.012737
3718 2.074168 2.074168 -221.045832 -221.045832
4352 2.073313 2.073313 -221.046687 -221.046687
4356 2.071381 2.071381 -221.048619 -221.048619
7331 1.832906 1.832906 -221.287094 -221.287094
8142 1.832813 1.832813 -221.287187 -221.287187
8145 1.829820 1.829820 -221.290180 -221.290180
8148 1.829705 1.829705 -221.290295 -221.290295
14012 1.453033 1.453033 -221.666967 -221.666967
14858 1.452543 1.452543 -221.667457 -221.667457
17194 1.414089 1.414089 -221.705911 -221.705911
17843 1.413466 1.413466 -221.706534 -221.706534
17850 1.413040 1.413040 -221.706960 -221.706960
21203 1.122129 1.122129 -221.997871 -221.997871
21862 1.121439 1.121439 -221.998561 -221.998561
21868 1.121419 1.121419 -221.998581 -221.998581
135000 2.480140 1.121419 2.480140 -221.998581
"function evaluation" "current f(x)" "best-so-far f(x)" "current af(x)+b"  "best af(x)+b"
1 31.147075 31.147075 -13.282925 -13.282925
2 31.121259 31.121259 -13.308741 -13.308741
11 17.476009 17.476009 -26.953991 -26.953991
12 17.468985 17.468985 -26.961015 -26.961015
31 10.933550 10.933550 -33.496450 -33.496450
32 10.930083 10.930083 -33.499917 -33.499917
35 10.929752 10.929752 -33.500248 -33.500248
71 7.372061 7.372061 -37.057939 -37.057939
81 4.796069 4.796069 -39.633931 -39.633931
666 1.490295 1.490295 -42.939705 -42.939705
1441 1.489426 1.489426 -42.940574 -42.940574
1872 1.298898 1.298898 -43.131102 -43.131102
2711 1.296246 1.296246 -43.133754 -43.133754
17323 1.260178 1.260178 -43.169822 -43.169822
17912 1.258042 1.258042 -43.171958 -43.171958
44931 1.255787 1.255787 -43.174213 -43.174213
102249 1.234827 1.234827 -43.195173 -43.195173
102894 1.233844 1.233844 -43.196156 -43.196156
102897 1.233149 1.233149 -43.196851 -43.196851
135000 10.048254 1.233149 10.048254 -43.196851
"function evaluation" "current f(x)" "best-so-far f(x)" "current af(x)+b"  "best af(x)+b"
1 8.207283 8.207283 -36.222717 -36.222717
2 8.191659 8.191659 -36.238341 -36.238341
461 6.879179 6.879179 -37.550821 -37.550821
481 5.693301 5.693301 -38.736699 -38.736699
531 5.401408 5.401408 -39.028592 -39.028592
537 3.253118 3.253118 -41.176882 -41.176882
639 2.179620 2.179620 -42.250380 -42.250380
1141 1.738966 1.738966 -42.691034 -42.691034
1721 1.737193 1.737193 -42.692807 -42.692807
8766 1.226371 1.226371 -43.203629 -43.203629
9541 1.223915 1.223915 -43.206085 -43.206085
43159 1.158132 1.158132 -43.271868 -43.271868
43672 1.155744 1.155744 -43.274256 -43.274256
48555 1.109096 1.109096 -43.320904 -43.320904
49071 1.106288 1.106288 -43.323712 -43.323712
63425 1.101837 1.101837 -43.328163 -43.328163
63931 1.100163 1.100163 -43.329837 -43.329837
63938 1.099544 1.099544 -43.330456 -43.330456
86034 1.086661 1.086661 -43.343339 -43.343339
86683 1.085356 1.085356 -43.344644 -43.344644
86687 1.084445 1.084445 -43.345555 -43.345555
135000 9.051270 1.084445 9.051270 -43.345555
"function evaluation" "current f(x)" "best-so-far f(x)" "current af(x)+b"  "best af(x)+b"
1 18.285559 18.285559 -26.144441 -26.144441
2 18.277439 18.277439 -26.152561 -26.152561
7 18.275545 18.275545 -26.154455 -26.154455
11 10.031674 10.031674 -34.398326 -34.398326
131 5.901762 5.901762 -38.528238 -38.528238
134 5.901192 5.901192 -38.528808 -38.528808
138 5.897912 5.897912 -38.532088 -38.532088
331 2.781534 2.781534 -41.648466 -41.648466
391 2.358371 2.358371 -42.071629 -42.071629
985 1.812544 1.812544 -42.617456 -42.617456
1632 1.810182 1.810182 -42.619818 -42.619818
2536 1.647531 1.647531 -42.782469 -42.782469
3102 1.644863 1.644863 -42.785137 -42.785137
3754 1.137773 1.137773 -43.292227 -43.292227
4371 1.136829 1.136829 -43.293171 -43.293171
4376 1.136698 1.136698 -43.293302 -43.293302
17137 1.016794 1.016794 -43.413206 -43.413206
17804 1.015901 1.015901 -43.414099 -43.414099
135000 7.297981 1.015901 7.297981 -43.414099
