"function evaluation" "current f(x)" "best-so-far f(x)" "current af(x)+b"  "best af(x)+b"
1 1512.264394 1512.264394 1542.234394 1542.234394
5 1512.264015 1512.264015 1542.234015 1542.234015
21 530.764504 530.764504 560.734504 560.734504
25 530.764086 530.764086 560.734086 560.734086
28 530.763870 530.763870 560.733870 560.733870
471 382.137884 382.137884 412.107884 412.107884
478 382.137218 382.137218 412.107218 412.107218
535 344.122572 344.122572 374.092572 374.092572
546 319.337310 319.337310 349.307310 349.307310
1302 252.157624 252.157624 282.127624 282.127624
1304 228.583417 228.583417 258.553417 258.553417
1822 228.583308 228.583308 258.553308 258.553308
1824 228.583102 228.583102 258.553102 258.553102
1825 228.582603 228.582603 258.552603 258.552603
2110 178.706734 178.706734 208.676734 208.676734
2852 178.706170 178.706170 208.676170 208.676170
2858 178.706143 178.706143 208.676143 208.676143
135000 1051.201696 178.706143 1051.201696 208.676143
"function evaluation" "current f(x)" "best-so-far f(x)" "current af(x)+b"  "best af(x)+b"
1 1828.129582 1828.129582 1858.099582 1858.099582
2 1828.129172 1828.129172 1858.099172 1858.099172
4 1828.129146 1828.129146 1858.099146 1858.099146
5 1828.128465 1828.128465 1858.098465 1858.098465
7 1828.128453 1828.128453 1858.098453 1858.098453
11 1305.471881 1305.471881 1335.441881 1335.441881
13 1305.471276 1305.471276 1335.441276 1335.441276
16 1305.470721 1305.470721 1335.440721 1335.440721
41 1259.652270 1259.652270 1289.622270 1289.622270
47 1259.651999 1259.651999 1289.621999 1289.621999
51 1104.845155 1104.845155 1134.815155 1134.815155
111 615.034853 615.034853 645.004853 645.004853
112 615.033261 615.033261 645.003261 645.003261
401 557.224638 557.224638 587.194638 587.194638
403 557.224638 557.224638 587.194638 587.194638
405 557.224389 557.224389 587.194389 587.194389
688 515.688506 515.688506 545.658506 545.658506
690 441.301314 441.301314 471.271314 471.271314
695 413.171102 413.171102 443.141102 443.141102
1462 413.170314 413.170314 443.140314 443.140314
2041 317.692455 317.692455 347.662455 347.662455
2043 258.119362 258.119362 288.089362 288.089362
2812 258.119036 258.119036 288.089036 288.089036
2816 258.118764 258.118764 288.088764 288.088764
15379 252.320054 252.320054 282.290054 282.290054
16211 252.319755 252.319755 282.289755 282.289755
16218 252.319521 252.319521 282.289521 282.289521
26739 239.540546 239.540546 269.510546 269.510546
27341 239.540477 239.540477 269.510477 269.510477
27346 239.539750 239.539750 269.509750 269.509750
27348 239.539608 239.539608 269.509608 269.509608
133198 208.909792 208.909792 238.879792 238.879792
133881 208.909354 208.909354 238.879354 238.879354
133886 208.909186 208.909186 238.879186 238.879186
133888 208.909115 208.909115 238.879115 238.879115
135000 1507.779243 208.909115 1507.779243 238.879115
"function evaluation" "current f(x)" "best-so-far f(x)" "current af(x)+b"  "best af(x)+b"
1 2205.034249 2205.034249 2235.004249 2235.004249
2 2205.033563 2205.033563 2235.003563 2235.003563
4 2205.033513 2205.033513 2235.003513 2235.003513
5 2205.032815 2205.032815 2235.002815 2235.002815
11 1622.705780 1622.705780 1652.675780 1652.675780
12 1622.704965 1622.704965 1652.674965 1652.674965
14 1622.704840 1622.704840 1652.674840 1652.674840
15 1622.704166 1622.704166 1652.674166 1652.674166
21 1115.465164 1115.465164 1145.435164 1145.435164
22 1115.464678 1115.464678 1145.434678 1145.434678
26 1115.464436 1115.464436 1145.434436 1145.434436
27 1115.464352 1115.464352 1145.434352 1145.434352
30 1115.464296 1115.464296 1145.434296 1145.434296
41 895.297861 895.297861 925.267861 925.267861
42 895.296250 895.296250 925.266250 925.266250
91 454.296317 454.296317 484.266317 484.266317
92 454.295790 454.295790 484.265790 484.265790
93 454.295685 454.295685 484.265685 484.265685
96 454.295677 454.295677 484.265677 484.265677
98 454.295454 454.295454 484.265454 484.265454
654 380.465444 380.465444 410.435444 410.435444
657 322.797763 322.797763 352.767763 352.767763
1442 322.797486 322.797486 352.767486 352.767486
1445 322.797471 322.797471 352.767471 352.767471
1450 322.797445 322.797445 352.767445 352.767445
3561 140.377325 140.377325 170.347325 170.347325
4262 140.376926 140.376926 170.346926 170.346926
4266 140.376728 140.376728 170.346728 170.346728
135000 1110.101740 140.376728 1110.101740 170.346728
"function evaluation" "current f(x)" "best-so-far f(x)" "current af(x)+b"  "best af(x)+b"
1 1932.438208 1932.438208 1880.728208 1880.728208
2 1932.436407 1932.436407 1880.726407 1880.726407
11 1732.063734 1732.063734 1680.353734 1680.353734
12 1732.061782 1732.061782 1680.351782 1680.351782
21 1626.721447 1626.721447 1575.011447 1575.011447
22 1626.721172 1626.721172 1575.011172 1575.011172
23 1626.721163 1626.721163 1575.011163 1575.011163
25 1626.720258 1626.720258 1575.010258 1575.010258
31 1395.075836 1395.075836 1343.365836 1343.365836
32 1395.075360 1395.075360 1343.365360 1343.365360
35 1395.074601 1395.074601 1343.364601 1343.364601
61 564.136368 564.136368 512.426368 512.426368
67 564.136022 564.136022 512.426022 512.426022
603 484.518376 484.518376 432.808376 432.808376
605 452.416161 452.416161 400.706161 400.706161
609 450.819676 450.819676 399.109676 399.109676
612 414.826133 414.826133 363.116133 363.116133
1411 414.826048 414.826048 363.116048 363.116048
1414 414.825959 414.825959 363.115959 363.115959
1417 414.825502 414.825502 363.115502 363.115502
2159 200.815834 200.815834 149.105834 149.105834
2881 200.815589 200.815589 149.105589 149.105589
2889 200.815050 200.815050 149.105050 149.105050
3210 110.121208 110.121208 58.411208 58.411208
4052 110.120684 110.120684 58.410684 58.410684
4057 110.120593 110.120593 58.410593 58.410593
135000 1143.509501 110.120593 1143.509501 58.410593
"function evaluation" "current f(x)" "best-so-far f(x)" "current af(x)+b"  "best af(x)+b"
1 836.865114 836.865114 785.155114 785.155114
2 836.864798 836.864798 785.154798 785.154798
4 836.864599 836.864599 785.154599 785.154599
5 836.864295 836.864295 785.154295 785.154295
21 691.037151 691.037151 639.327151 639.327151
22 691.036729 691.036729 639.326729 639.326729
25 691.036249 691.036249 639.326249 639.326249
41 433.816536 433.816536 382.106536 382.106536
42 433.815383 433.815383 382.105383 382.105383
171 397.797091 397.797091 346.087091 346.087091
569 392.791683 392.791683 341.081683 341.081683
571 345.427903 345.427903 293.717903 293.717903
572 318.444017 318.444017 266.734017 266.734017
573 310.190150 310.190150 258.480150 258.480150
576 263.645638 263.645638 211.935638 211.935638
793 257.826344 257.826344 206.116344 206.116344
794 185.755183 185.755183 134.045183 134.045183
1521 185.754292 185.754292 134.044292 134.044292
135000 645.713819 185.754292 645.713819 134.044292
"function evaluation" "current f(x)" "best-so-far f(x)" "current af(x)+b"  "best af(x)+b"
1 2013.716888 2013.716888 1962.006888 1962.006888
2 2013.716245 2013.716245 1962.006245 1962.006245
5 2013.715749 2013.715749 1962.005749 1962.005749
11 1027.987120 1027.987120 976.277120 976.277120
14 1027.986648 1027.986648 976.276648 976.276648
51 1023.964655 1023.964655 972.254655 972.254655
52 1023.964042 1023.964042 972.254042 972.254042
54 1023.963995 1023.963995 972.253995 972.253995
55 1023.963783 1023.963783 972.253783 972.253783
111 593.863425 593.863425 542.153425 542.153425
112 593.862646 593.862646 542.152646 542.152646
115 593.862482 593.862482 542.152482 542.152482
119 593.862480 593.862480 542.152480 542.152480
311 523.249086 523.249086 471.539086 471.539086
688 453.079753 453.079753 401.369753 401.369753
690 419.940696 419.940696 368.230696 368.230696
694 376.888303 376.888303 325.178303 325.178303
1031 346.890373 346.890373 295.180373 295.180373
1035 321.116566 321.116566 269.406566 269.406566
1661 321.116096 321.116096 269.406096 269.406096
3447 245.736751 245.736751 194.026751 194.026751
3480 214.243679 214.243679 162.533679 162.533679
4211 214.243290 214.243290 162.533290 162.533290
4217 214.243254 214.243254 162.533254 162.533254
135000 906.372334 214.243254 906.372334 162.533254
"function evaluation" "current f(x)" "best-so-far f(x)" "current af(x)+b"  "best af(x)+b"
1 2447.868409 2447.868409 2167.918409 2167.918409
3 2447.868108 2447.868108 2167.918108 2167.918108
21 2034.888002 2034.888002 1754.938002 1754.938002
23 2034.887279 2034.887279 1754.937279 1754.937279
31 1925.668671 1925.668671 1645.718671 1645.718671
33 1925.668435 1925.668435 1645.718435 1645.718435
51 1093.798986 1093.798986 813.848986 813.848986
91 764.785204 764.785204 484.835204 484.835204
93 764.785073 764.785073 484.835073 484.835073
96 764.785045 764.785045 484.835045 484.835045
654 637.597404 637.597404 357.647404 357.647404
656 628.814403 628.814403 348.864403 348.864403
661 605.403587 605.403587 325.453587 325.453587
662 582.981164 582.981164 303.031164 303.031164
1441 582.981128 582.981128 303.031128 303.031128
1443 582.980944 582.980944 303.030944 303.030944
1446 582.980617 582.980617 303.030617 303.030617
2008 557.069069 557.069069 277.119069 277.119069
2009 463.138823 463.138823 183.188823 183.188823
2016 431.109300 431.109300 151.159300 151.159300
2791 431.108437 431.108437 151.158437 151.158437
2793 431.108267 431.108267 151.158267 151.158267
3223 390.952043 390.952043 111.002043 111.002043
3257 317.824825 317.824825 37.874825 37.874825
3258 264.947625 264.947625 -15.002375 -15.002375
3376 163.027888 163.027888 -116.922112 -116.922112
3891 121.681592 121.681592 -158.268408 -158.268408
3959 115.845767 115.845767 -164.104233 -164.104233
4494 115.845322 115.845322 -164.104678 -164.104678
4498 115.845089 115.845089 -164.104911 -164.104911
135000 655.747983 115.845089 655.747983 -164.104911
"function evaluation" "current f(x)" "best-so-far f(x)" "current af(x)+b"  "best af(x)+b"
1 1480.599145 1480.599145 1200.649145 1200.649145
3 1480.598970 1480.598970 1200.648970 1200.648970
51 978.528899 978.528899 698.578899 698.578899
101 751.673511 751.673511 471.723511 471.723511
102 751.673003 751.673003 471.723003 471.723003
106 751.672840 751.672840 471.722840 471.722840
109 751.672791 751.672791 471.722791 471.722791
291 493.724192 493.724192 213.774192 213.774192
292 493.723805 493.723805 213.773805 213.773805
293 493.723797 493.723797 213.773797 213.773797
296 493.723500 493.723500 213.773500 213.773500
994 421.374227 421.374227 141.424227 141.424227
996 339.577198 339.577198 59.627198 59.627198
1642 339.577051 339.577051 59.627051 59.627051
1646 339.576730 339.576730 59.626730 59.626730
1649 339.576724 339.576724 59.626724 59.626724
3229 319.917934 319.917934 39.967934 39.967934
3350 217.490120 217.490120 -62.459880 -62.459880
4133 217.489634 217.489634 -62.460366 -62.460366
4138 217.489283 217.489283 -62.460717 -62.460717
42696 215.321342 215.321342 -64.628658 -64.628658
43035 193.940548 193.940548 -86.009452 -86.009452
43602 193.939857 193.939857 -86.010143 -86.010143
43604 193.939608 193.939608 -86.010392 -86.010392
135000 1113.679587 193.939608 1113.679587 -86.010392
"function evaluation" "current f(x)" "best-so-far f(x)" "current af(x)+b"  "best af(x)+b"
1 2190.690641 2190.690641 1910.740641 1910.740641
11 1725.615538 1725.615538 1445.665538 1445.665538
13 1725.615129 1725.615129 1445.665129 1445.665129
31 1693.272444 1693.272444 1413.322444 1413.322444
81 1007.205729 1007.205729 727.255729 727.255729
83 1007.204843 1007.204843 727.254843 727.254843
637 705.550486 705.550486 425.600486 425.600486
1431 705.550323 705.550323 425.600323 425.600323
1433 705.549405 705.549405 425.599405 425.599405
1999 679.754067 679.754067 399.804067 399.804067
2783 679.752981 679.752981 399.802981 399.802981
3203 553.368783 553.368783 273.418783 273.418783
3206 461.923265 461.923265 181.973265 181.973265
3218 404.166464 404.166464 124.216464 124.216464
3425 258.205522 258.205522 -21.744478 -21.744478
3548 244.449596 244.449596 -35.500404 -35.500404
4252 244.449001 244.449001 -35.500999 -35.500999
4254 244.448519 244.448519 -35.501481 -35.501481
17460 186.400627 186.400627 -93.549373 -93.549373
17993 186.399893 186.399893 -93.550107 -93.550107
20195 116.526428 116.526428 -163.423572 -163.423572
20712 116.526028 116.526028 -163.423972 -163.423972
20714 116.525714 116.525714 -163.424286 -163.424286
20718 116.525702 116.525702 -163.424298 -163.424298
135000 668.163172 116.525702 668.163172 -163.424298
"function evaluation" "current f(x)" "best-so-far f(x)" "current af(x)+b"  "best af(x)+b"
1 858.338714 858.338714 1790.328714 1790.328714
2 858.338238 858.338238 1790.328238 1790.328238
6 858.337739 858.337739 1790.327739 1790.327739
141 555.022379 555.022379 1487.012379 1487.012379
142 555.022004 555.022004 1487.012004 1487.012004
143 555.021457 555.021457 1487.011457 1487.011457
149 555.021403 555.021403 1487.011403 1487.011403
161 548.341195 548.341195 1480.331195 1480.331195
162 548.340220 548.340220 1480.330220 1480.330220
739 389.940595 389.940595 1321.930595 1321.930595
741 325.593676 325.593676 1257.583676 1257.583676
750 289.527409 289.527409 1221.517409 1221.517409
1491 289.527038 289.527038 1221.517038 1221.517038
1493 289.526966 289.526966 1221.516966 1221.516966
2066 248.668641 248.668641 1180.658641 1180.658641
2128 238.857937 238.857937 1170.847937 1170.847937
2133 231.950451 231.950451 1163.940451 1163.940451
2641 195.922886 195.922886 1127.912886 1127.912886
3162 195.922302 195.922302 1127.912302 1127.912302
3169 195.921689 195.921689 1127.911689 1127.911689
40172 195.021349 195.021349 1127.011349 1127.011349
40802 195.020895 195.020895 1127.010895 1127.010895
40803 195.020788 195.020788 1127.010788 1127.010788
40809 195.020697 195.020697 1127.010697 1127.010697
135000 904.528285 195.020697 904.528285 1127.010697
"function evaluation" "current f(x)" "best-so-far f(x)" "current af(x)+b"  "best af(x)+b"
1 1359.724989 1359.724989 2291.714989 2291.714989
6 1359.724740 1359.724740 2291.714740 2291.714740
10 1359.724328 1359.724328 2291.714328 2291.714328
21 1020.737270 1020.737270 1952.727270 1952.727270
26 1020.737215 1020.737215 1952.727215 1952.727215
30 1020.737151 1020.737151 1952.727151 1952.727151
91 993.522655 993.522655 1925.512655 1925.512655
94 993.522515 993.522515 1925.512515 1925.512515
100 993.522047 993.522047 1925.512047 1925.512047
101 580.688602 580.688602 1512.678602 1512.678602
102 580.687044 580.687044 1512.677044 1512.677044
421 415.538281 415.538281 1347.528281 1347.528281
422 415.537748 415.537748 1347.527748 1347.527748
426 415.537627 415.537627 1347.527627 1347.527627
427 415.537454 415.537454 1347.527454 1347.527454
481 325.014292 325.014292 1257.004292 1257.004292
482 325.013886 325.013886 1257.003886 1257.003886
488 325.013693 325.013693 1257.003693 1257.003693
490 325.013455 325.013455 1257.003455 1257.003455
707 322.487455 322.487455 1254.477455 1254.477455
708 315.020774 315.020774 1247.010774 1247.010774
1226 311.187803 311.187803 1243.177803 1243.177803
1319 193.158819 193.158819 1125.148819 1125.148819
1832 193.158709 193.158709 1125.148709 1125.148709
1833 193.158629 193.158629 1125.148629 1125.148629
1836 193.158503 193.158503 1125.148503 1125.148503
1840 193.158112 193.158112 1125.148112 1125.148112
135000 1154.630584 193.158112 1154.630584 1125.148112
"function evaluation" "current f(x)" "best-so-far f(x)" "current af(x)+b"  "best af(x)+b"
1 1675.544381 1675.544381 2607.534381 2607.534381
6 1675.543927 1675.543927 2607.533927 2607.533927
10 1675.543926 1675.543926 2607.533926 2607.533926
11 964.534062 964.534062 1896.524062 1896.524062
16 964.533713 964.533713 1896.523713 1896.523713
51 941.684846 941.684846 1873.674846 1873.674846
52 941.684244 941.684244 1873.674244 1873.674244
56 941.684192 941.684192 1873.674192 1873.674192
60 941.684049 941.684049 1873.674049 1873.674049
61 882.281650 882.281650 1814.271650 1814.271650
62 882.280420 882.280420 1814.270420 1814.270420
63 882.280372 882.280372 1814.270372 1814.270372
69 882.280253 882.280253 1814.270253 1814.270253
71 653.798436 653.798436 1585.788436 1585.788436
72 653.797459 653.797459 1585.787459 1585.787459
75 653.797131 653.797131 1585.787131 1585.787131
171 650.091132 650.091132 1582.081132 1582.081132
172 650.090490 650.090490 1582.080490 1582.080490
174 650.090109 650.090109 1582.080109 1582.080109
251 525.960230 525.960230 1457.950230 1457.950230
252 525.959007 525.959007 1457.949007 1457.949007
381 493.604797 493.604797 1425.594797 1425.594797
384 493.604202 493.604202 1425.594202 1425.594202
385 493.603971 493.603971 1425.593971 1425.593971
622 418.520077 418.520077 1350.510077 1350.510077
623 400.900775 400.900775 1332.890775 1332.890775
1045 354.916611 354.916611 1286.906611 1286.906611
1047 347.254569 347.254569 1279.244569 1279.244569
1048 293.503555 293.503555 1225.493555 1225.493555
1054 255.324438 255.324438 1187.314438 1187.314438
1671 255.323676 255.323676 1187.313676 1187.313676
2418 248.620360 248.620360 1180.610360 1180.610360
2463 110.761902 110.761902 1042.751902 1042.751902
3061 110.761621 110.761621 1042.751621 1042.751621
3063 110.761444 110.761444 1042.751444 1042.751444
3066 110.761371 110.761371 1042.751371 1042.751371
135000 588.766067 110.761371 588.766067 1042.751371
"function evaluation" "current f(x)" "best-so-far f(x)" "current af(x)+b"  "best af(x)+b"
1 887.229032 887.229032 1000.539032 1000.539032
2 887.228320 887.228320 1000.538320 1000.538320
4 887.227983 887.227983 1000.537983 1000.537983
11 668.577818 668.577818 781.887818 781.887818
12 668.577180 668.577180 781.887180 781.887180
18 668.577061 668.577061 781.887061 781.887061
161 656.631723 656.631723 769.941723 769.941723
163 656.631026 656.631026 769.941026 769.941026
166 656.630932 656.630932 769.940932 769.940932
518 644.101738 644.101738 757.411738 757.411738
520 613.248992 613.248992 726.558992 726.558992
523 591.055843 591.055843 704.365843 704.365843
529 576.253298 576.253298 689.563298 689.563298
637 523.074760 523.074760 636.384760 636.384760
639 492.646937 492.646937 605.956937 605.956937
641 475.598160 475.598160 588.908160 588.908160
642 474.938806 474.938806 588.248806 588.248806
777 468.870220 468.870220 582.180220 582.180220
778 448.834437 448.834437 562.144437 562.144437
784 441.998560 441.998560 555.308560 555.308560
1512 441.998379 441.998379 555.308379 555.308379
1513 441.997880 441.997880 555.307880 555.307880
1516 441.997710 441.997710 555.307710 555.307710
1854 425.869944 425.869944 539.179944 539.179944
1858 381.155425 381.155425 494.465425 494.465425
1905 310.970465 310.970465 424.280465 424.280465
1960 296.692710 296.692710 410.002710 410.002710
2761 296.691924 296.691924 410.001924 410.001924
3305 260.403651 260.403651 373.713651 373.713651
4111 260.403232 260.403232 373.713232 373.713232
4114 260.403187 260.403187 373.713187 373.713187
12070 222.088225 222.088225 335.398225 335.398225
12602 222.087598 222.087598 335.397598 335.397598
12607 222.087514 222.087514 335.397514 335.397514
135000 1149.089148 222.087514 1149.089148 335.397514
"function evaluation" "current f(x)" "best-so-far f(x)" "current af(x)+b"  "best af(x)+b"
1 1361.408144 1361.408144 1474.718144 1474.718144
3 1361.407938 1361.407938 1474.717938 1474.717938
6 1361.407818 1361.407818 1474.717818 1474.717818
21 1140.659045 1140.659045 1253.969045 1253.969045
24 1140.658231 1140.658231 1253.968231 1253.968231
51 1093.722502 1093.722502 1207.032502 1207.032502
53 1093.722329 1093.722329 1207.032329 1207.032329
56 1093.722191 1093.722191 1207.032191 1207.032191
58 1093.722141 1093.722141 1207.032141 1207.032141
81 790.865075 790.865075 904.175075 904.175075
82 790.864191 790.864191 904.174191 904.174191
86 790.864022 790.864022 904.174022 904.174022
90 790.863910 790.863910 904.173910 904.173910
191 724.033504 724.033504 837.343504 837.343504
200 724.033368 724.033368 837.343368 837.343368
221 581.733664 581.733664 695.043664 695.043664
222 581.732439 581.732439 695.042439 695.042439
227 581.732362 581.732362 695.042362 695.042362
643 521.737265 521.737265 635.047265 635.047265
877 494.749382 494.749382 608.059382 608.059382
878 470.683461 470.683461 583.993461 583.993461
879 462.952051 462.952051 576.262051 576.262051
885 398.921926 398.921926 512.231926 512.231926
1572 398.921318 398.921318 512.231318 512.231318
1577 398.921270 398.921270 512.231270 512.231270
1974 374.745289 374.745289 488.055289 488.055289
1975 315.626008 315.626008 428.936008 428.936008
2771 315.625595 315.625595 428.935595 428.935595
2773 315.625337 315.625337 428.935337 428.935337
2776 315.625227 315.625227 428.935227 428.935227
3754 214.914878 214.914878 328.224878 328.224878
4372 214.914452 214.914452 328.224452 328.224452
4377 214.914157 214.914157 328.224157 328.224157
135000 1169.980705 214.914157 1169.980705 328.224157
"function evaluation" "current f(x)" "best-so-far f(x)" "current af(x)+b"  "best af(x)+b"
1 949.638157 949.638157 1062.948157 1062.948157
4 949.637664 949.637664 1062.947664 1062.947664
11 554.761728 554.761728 668.071728 668.071728
14 554.761591 554.761591 668.071591 668.071591
15 554.761578 554.761578 668.071578 668.071578
20 554.761433 554.761433 668.071433 668.071433
261 354.215186 354.215186 467.525186 467.525186
264 354.215078 354.215078 467.525078 467.525078
270 354.214891 354.214891 467.524891 467.524891
943 220.883011 220.883011 334.193011 334.193011
945 205.169351 205.169351 318.479351 318.479351
947 195.156927 195.156927 308.466927 308.466927
1612 195.156604 195.156604 308.466604 308.466604
1616 195.156346 195.156346 308.466346 308.466346
1620 195.156208 195.156208 308.466208 308.466208
2096 191.548901 191.548901 304.858901 304.858901
2099 166.434568 166.434568 279.744568 279.744568
2841 166.434238 166.434238 279.744238 279.744238
2843 166.434125 166.434125 279.744125 279.744125
2846 166.434005 166.434005 279.744005 279.744005
23854 151.643489 151.643489 264.953489 264.953489
24531 151.643233 151.643233 264.953233 264.953233
24535 151.642576 151.642576 264.952576 264.952576
135000 1171.726464 151.642576 1171.726464 264.952576
