"function evaluation" "current f(x)" "best-so-far f(x)" "current af(x)+b"  "best af(x)+b"
1 27534501.784492 27534501.784492 27533880.674492 27533880.674492
4 27506092.235349 27506092.235349 27505471.125349 27505471.125349
71 13287864.093880 13287864.093880 13287242.983880 13287242.983880
74 13282699.101079 13282699.101079 13282077.991079 13282077.991079
620 9587807.400676 9587807.400676 9587186.290676 9587186.290676
623 8132497.359777 8132497.359777 8131876.249777 8131876.249777
625 6218186.842462 6218186.842462 6217565.732462 6217565.732462
627 6008571.029760 6008571.029760 6007949.919760 6007949.919760
1421 5995635.285132 5995635.285132 5995014.175132 5995014.175132
1424 5990773.280384 5990773.280384 5990152.170384 5990152.170384
2228 5151674.920329 5151674.920329 5151053.810329 5151053.810329
2605 4888459.315365 4888459.315365 4887838.205365 4887838.205365
2623 2490052.968997 2490052.968997 2489431.858997 2489431.858997
3152 2488466.082661 2488466.082661 2487844.972661 2487844.972661
3154 2475838.302833 2475838.302833 2475217.192833 2475217.192833
3872 1703396.698321 1703396.698321 1702775.588321 1702775.588321
4442 1695411.470094 1695411.470094 1694790.360094 1694790.360094
4448 1688138.553054 1688138.553054 1687517.443054 1687517.443054
135000 159431773.691096 1688138.553054 159431773.691096 1687517.443054
"function evaluation" "current f(x)" "best-so-far f(x)" "current af(x)+b"  "best af(x)+b"
1 246647266.247412 246647266.247412 246646645.137412 246646645.137412
2 245996671.429066 245996671.429066 245996050.319066 245996050.319066
5 245709552.514346 245709552.514346 245708931.404346 245708931.404346
10 245667331.797096 245667331.797096 245666710.687096 245666710.687096
21 76217175.831845 76217175.831845 76216554.721845 76216554.721845
22 76200134.344377 76200134.344377 76199513.234377 76199513.234377
24 76128388.793465 76128388.793465 76127767.683465 76127767.683465
61 42776444.158364 42776444.158364 42775823.048364 42775823.048364
69 42774223.660114 42774223.660114 42773602.550114 42773602.550114
81 37226084.204716 37226084.204716 37225463.094716 37225463.094716
87 37219866.338163 37219866.338163 37219245.228163 37219245.228163
121 28226861.122642 28226861.122642 28226240.012642 28226240.012642
127 28224944.610104 28224944.610104 28224323.500104 28224323.500104
281 21752020.247457 21752020.247457 21751399.137457 21751399.137457
282 21623204.506410 21623204.506410 21622583.396410 21622583.396410
431 7716589.823806 7716589.823806 7715968.713806 7715968.713806
432 7659782.141058 7659782.141058 7659161.031058 7659161.031058
437 7656681.104520 7656681.104520 7656059.994520 7656059.994520
1232 2636908.847244 2636908.847244 2636287.737244 2636287.737244
1235 2326366.763675 2326366.763675 2325745.653675 2325745.653675
1782 2324395.901202 2324395.901202 2323774.791202 2323774.791202
1787 2311833.092332 2311833.092332 2311211.982332 2311211.982332
3390 1486659.297787 1486659.297787 1486038.187787 1486038.187787
3836 706903.705320 706903.705320 706282.595320 706282.595320
4421 698903.718230 698903.718230 698282.608230 698282.608230
135000 49727689.138564 698903.718230 49727689.138564 698282.608230
"function evaluation" "current f(x)" "best-so-far f(x)" "current af(x)+b"  "best af(x)+b"
1 20291115.503513 20291115.503513 20290494.393513 20290494.393513
7 20261210.311658 20261210.311658 20260589.201658 20260589.201658
261 10976435.944833 10976435.944833 10975814.834833 10975814.834833
441 9787545.391107 9787545.391107 9786924.281107 9786924.281107
442 9638417.873228 9638417.873228 9637796.763228 9637796.763228
451 5099622.873048 5099622.873048 5099001.763048 5099001.763048
457 5094791.437783 5094791.437783 5094170.327783 5094170.327783
947 5071331.556617 5071331.556617 5070710.446617 5070710.446617
953 4965092.790323 4965092.790323 4964471.680323 4964471.680323
1249 1918160.851748 1918160.851748 1917539.741748 1917539.741748
1254 1598156.593527 1598156.593527 1597535.483527 1597535.483527
1277 1146579.949211 1146579.949211 1145958.839211 1145958.839211
1801 1140707.501167 1140707.501167 1140086.391167 1140086.391167
1807 1138965.566046 1138965.566046 1138344.456046 1138344.456046
3398 1114440.570731 1114440.570731 1113819.460731 1113819.460731
4161 1105131.800606 1105131.800606 1104510.690606 1104510.690606
135000 49679671.436951 1105131.800606 49679671.436951 1104510.690606
"function evaluation" "current f(x)" "best-so-far f(x)" "current af(x)+b"  "best af(x)+b"
1 12416353310.941849 12416353310.941849 12416353056.121849 12416353056.121849
2 12394270302.489639 12394270302.489639 12394270047.669640 12394270047.669640
9 12382975895.907261 12382975895.907261 12382975641.087261 12382975641.087261
11 1854761586.953555 1854761586.953555 1854761332.133555 1854761332.133555
12 1850741475.688509 1850741475.688509 1850741220.868509 1850741220.868509
19 1848772374.365868 1848772374.365868 1848772119.545868 1848772119.545868
21 289924680.017167 289924680.017167 289924425.197167 289924425.197167
22 289129084.696778 289129084.696778 289128829.876778 289128829.876778
29 288820976.794811 288820976.794811 288820721.974811 288820721.974811
41 12487377.947727 12487377.947727 12487123.127727 12487123.127727
42 12429547.802143 12429547.802143 12429292.982143 12429292.982143
49 12412435.766531 12412435.766531 12412180.946531 12412180.946531
281 6040828.444361 6040828.444361 6040573.624361 6040573.624361
286 6040039.490747 6040039.490747 6039784.670747 6039784.670747
287 6034691.491770 6034691.491770 6034436.671770 6034436.671770
569 4602267.909739 4602267.909739 4602013.089739 4602013.089739
574 4299296.878769 4299296.878769 4299042.058769 4299042.058769
977 3679383.224767 3679383.224767 3679128.404767 3679128.404767
979 3636325.676119 3636325.676119 3636070.856119 3636070.856119
980 2671574.822363 2671574.822363 2671320.002363 2671320.002363
984 2543676.225540 2543676.225540 2543421.405540 2543421.405540
986 2456405.265226 2456405.265226 2456150.445226 2456150.445226
988 2438625.339868 2438625.339868 2438370.519868 2438370.519868
1631 2433730.848254 2433730.848254 2433476.028254 2433476.028254
1636 2427721.909335 2427721.909335 2427467.089335 2427467.089335
4021 1803184.963691 1803184.963691 1802930.143691 1802930.143691
4531 1796641.057301 1796641.057301 1796386.237301 1796386.237301
4533 1793967.061323 1793967.061323 1793712.241323 1793712.241323
135000 128872643.638657 1793967.061323 128872643.638657 1793712.241323
"function evaluation" "current f(x)" "best-so-far f(x)" "current af(x)+b"  "best af(x)+b"
1 291000372.072910 291000372.072910 291000117.252910 291000117.252910
2 290294943.749130 290294943.749130 290294688.929130 290294688.929130
4 290267274.031011 290267274.031011 290267019.211011 290267019.211011
9 289942780.689887 289942780.689887 289942525.869887 289942525.869887
21 67928156.471433 67928156.471433 67927901.651433 67927901.651433
22 67842402.001883 67842402.001883 67842147.181883 67842147.181883
24 67817624.560154 67817624.560154 67817369.740155 67817369.740155
29 67780721.170393 67780721.170393 67780466.350393 67780466.350393
71 32067455.209712 32067455.209712 32067200.389712 32067200.389712
72 31980149.972522 31980149.972522 31979895.152522 31979895.152522
74 31959322.451495 31959322.451495 31959067.631495 31959067.631495
79 31938191.960112 31938191.960112 31937937.140112 31937937.140112
181 24858799.010888 24858799.010888 24858544.190888 24858544.190888
184 24821160.636318 24821160.636318 24820905.816318 24820905.816318
211 15241402.738100 15241402.738100 15241147.918100 15241147.918100
212 15214281.164940 15214281.164940 15214026.344940 15214026.344940
214 15205455.619692 15205455.619692 15205200.799692 15205200.799692
218 15198610.267210 15198610.267210 15198355.447210 15198355.447210
626 14572430.316203 14572430.316203 14572175.496203 14572175.496203
627 14296787.311314 14296787.311314 14296532.491314 14296532.491314
630 14195867.435561 14195867.435561 14195612.615561 14195612.615561
813 14075988.307083 14075988.307083 14075733.487083 14075733.487083
858 10236717.285627 10236717.285627 10236462.465627 10236462.465627
861 7783104.820127 7783104.820127 7782850.000127 7782850.000127
866 7533410.990214 7533410.990214 7533156.170214 7533156.170214
1562 7526975.795939 7526975.795939 7526720.975939 7526720.975939
1564 7516758.813486 7516758.813486 7516503.993486 7516503.993486
1568 7512921.036457 7512921.036457 7512666.216457 7512666.216457
2208 7212291.182838 7212291.182838 7212036.362838 7212036.362838
2210 5313638.903669 5313638.903669 5313384.083669 5313384.083669
2217 4007794.332890 4007794.332890 4007539.512890 4007539.512890
2542 1979596.524642 1979596.524642 1979341.704642 1979341.704642
3102 1971379.724315 1971379.724315 1971124.904315 1971124.904315
3103 1969382.140102 1969382.140102 1969127.320102 1969127.320102
3958 1054770.663566 1054770.663566 1054515.843566 1054515.843566
4491 1054240.007964 1054240.007964 1053985.187964 1053985.187964
4493 1047458.011780 1047458.011780 1047203.191780 1047203.191780
135000 105419983.987618 1047458.011780 105419983.987618 1047203.191780
"function evaluation" "current f(x)" "best-so-far f(x)" "current af(x)+b"  "best af(x)+b"
1 17128489.124926 17128489.124926 17128234.304926 17128234.304926
2 17113497.664082 17113497.664082 17113242.844082 17113242.844082
4 17112962.243684 17112962.243684 17112707.423684 17112707.423684
5 17106659.933117 17106659.933117 17106405.113117 17106405.113117
7 17078592.988034 17078592.988034 17078338.168034 17078338.168034
81 6606855.214754 6606855.214754 6606600.394754 6606600.394754
83 6603130.717589 6603130.717589 6602875.897589 6602875.897589
85 6579040.239264 6579040.239264 6578785.419264 6578785.419264
161 5078416.716463 5078416.716463 5078161.896463 5078161.896463
162 5057389.783286 5057389.783286 5057134.963286 5057134.963286
166 5054909.193418 5054909.193418 5054654.373418 5054654.373418
637 4512629.682492 4512629.682492 4512374.862492 4512374.862492
639 3140025.747942 3140025.747942 3139770.927942 3139770.927942
773 2898826.584868 2898826.584868 2898571.764868 2898571.764868
775 2753673.934255 2753673.934255 2753419.114255 2753419.114255
776 1970106.707363 1970106.707363 1969851.887363 1969851.887363
777 1556276.203011 1556276.203011 1556021.383011 1556021.383011
784 976033.070059 976033.070059 975778.250059 975778.250059
1512 973032.738295 973032.738295 972777.918295 972777.918295
1516 968045.320308 968045.320308 967790.500308 967790.500308
135000 170748843.888761 968045.320308 170748843.888761 967790.500308
"function evaluation" "current f(x)" "best-so-far f(x)" "current af(x)+b"  "best af(x)+b"
1 3038154280.491306 3038154280.491306 3038154337.101306 3038154337.101306
3 3032046135.997157 3032046135.997157 3032046192.607157 3032046192.607157
11 1169117660.790657 1169117660.790657 1169117717.400657 1169117717.400657
13 1166955723.029075 1166955723.029075 1166955779.639075 1166955779.639075
21 46752342.005217 46752342.005217 46752398.615217 46752398.615217
22 46736019.494654 46736019.494654 46736076.104654 46736076.104654
23 46730932.210318 46730932.210318 46730988.820318 46730988.820318
25 46683990.732647 46683990.732647 46684047.342647 46684047.342647
101 5825595.255540 5825595.255540 5825651.865540 5825651.865540
106 5825480.375420 5825480.375420 5825536.985420 5825536.985420
107 5806265.767654 5806265.767654 5806322.377654 5806322.377654
671 3760363.355094 3760363.355094 3760419.965094 3760419.965094
675 2220170.247074 2220170.247074 2220226.857074 2220226.857074
681 1726803.605379 1726803.605379 1726860.215379 1726860.215379
1452 1724767.318840 1724767.318840 1724823.928840 1724823.928840
1455 1724424.179232 1724424.179232 1724480.789232 1724480.789232
1457 1714816.539958 1714816.539958 1714873.149958 1714873.149958
4042 660388.295710 660388.295710 660444.905710 660444.905710
4543 657991.949951 657991.949951 658048.559951 658048.559951
4550 655635.462831 655635.462831 655692.072831 655692.072831
135000 106272446.572387 655635.462831 106272446.572387 655692.072831
"function evaluation" "current f(x)" "best-so-far f(x)" "current af(x)+b"  "best af(x)+b"
1 59497268.750174 59497268.750174 59497325.360174 59497325.360174
3 59438993.036190 59438993.036190 59439049.646190 59439049.646190
81 3771184.676276 3771184.676276 3771241.286276 3771241.286276
83 3762424.734745 3762424.734745 3762481.344745 3762481.344745
637 2194144.599460 2194144.599460 2194201.209460 2194201.209460
639 1447747.604380 1447747.604380 1447804.214380 1447804.214380
642 1427001.192794 1427001.192794 1427057.802794 1427057.802794
645 1081007.151422 1081007.151422 1081063.761422 1081063.761422
647 798845.515051 798845.515051 798902.125051 798902.125051
649 763122.522659 763122.522659 763179.132659 763179.132659
1431 761755.320690 761755.320690 761811.930690 761811.930690
1433 759367.685548 759367.685548 759424.295548 759424.295548
1439 757177.189147 757177.189147 757233.799147 757233.799147
135000 53383901.177730 757177.189147 53383901.177730 757233.799147
"function evaluation" "current f(x)" "best-so-far f(x)" "current af(x)+b"  "best af(x)+b"
1 288661639.490313 288661639.490313 288661696.100313 288661696.100313
3 288112848.331343 288112848.331343 288112904.941343 288112904.941343
11 111234745.760231 111234745.760231 111234802.370231 111234802.370231
13 111172099.283138 111172099.283138 111172155.893138 111172155.893138
81 11154332.974109 11154332.974109 11154389.584109 11154389.584109
82 11093967.150104 11093967.150104 11094023.760104 11094023.760104
89 11086312.126566 11086312.126566 11086368.736566 11086368.736566
251 4395621.480151 4395621.480151 4395678.090151 4395678.090151
253 4383219.108262 4383219.108262 4383275.718262 4383275.718262
642 4250634.546594 4250634.546594 4250691.156594 4250691.156594
649 3849208.497189 3849208.497189 3849265.107189 3849265.107189
926 1559553.187784 1559553.187784 1559609.797784 1559609.797784
930 795662.570220 795662.570220 795719.180220 795719.180220
938 761383.724678 761383.724678 761440.334678 761440.334678
1602 759540.603367 759540.603367 759597.213367 759597.213367
1603 758442.770750 758442.770750 758499.380750 758499.380750
1609 754358.255478 754358.255478 754414.865478 754414.865478
135000 187665757.168053 754358.255478 187665757.168053 754414.865478
"function evaluation" "current f(x)" "best-so-far f(x)" "current af(x)+b"  "best af(x)+b"
1 14448868.771374 14448868.771374 14448850.671374 14448850.671374
2 14416633.763559 14416633.763559 14416615.663559 14416615.663559
4 14414614.065210 14414614.065210 14414595.965210 14414595.965210
8 14413094.451650 14413094.451650 14413076.351650 14413076.351650
81 14101626.342625 14101626.342625 14101608.242625 14101608.242625
83 14081759.854973 14081759.854973 14081741.754973 14081741.754973
131 13287667.435745 13287667.435745 13287649.335745 13287649.335745
132 13239481.474455 13239481.474455 13239463.374455 13239463.374455
133 13230734.591644 13230734.591644 13230716.491644 13230716.491644
501 8796034.516398 8796034.516398 8796016.416398 8796016.416398
508 7678767.816054 7678767.816054 7678749.716054 7678749.716054
645 7009757.279646 7009757.279646 7009739.179646 7009739.179646
727 6976860.109509 6976860.109509 6976842.009509 6976842.009509
728 6655106.620375 6655106.620375 6655088.520375 6655088.520375
1482 6643447.033848 6643447.033848 6643428.933848 6643428.933848
1483 6635086.542992 6635086.542992 6635068.442992 6635068.442992
1851 3212249.726669 3212249.726669 3212231.626669 3212231.626669
1855 2669883.868321 2669883.868321 2669865.768321 2669865.768321
1864 1187188.141321 1187188.141321 1187170.041321 1187170.041321
2701 1186487.260744 1186487.260744 1186469.160744 1186469.160744
2703 1181934.397298 1181934.397298 1181916.297298 1181916.297298
2709 1177881.708525 1177881.708525 1177863.608525 1177863.608525
135000 115474804.268151 1177881.708525 115474804.268151 1177863.608525
"function evaluation" "current f(x)" "best-so-far f(x)" "current af(x)+b"  "best af(x)+b"
1 107966009.151440 107966009.151440 107965991.051440 107965991.051440
4 107903041.447979 107903041.447979 107903023.347979 107903023.347979
6 107685464.243130 107685464.243130 107685446.143130 107685446.143130
31 35171410.335842 35171410.335842 35171392.235842 35171392.235842
32 35111703.866889 35111703.866889 35111685.766889 35111685.766889
36 35091723.580276 35091723.580276 35091705.480276 35091705.480276
40 35067935.755585 35067935.755585 35067917.655585 35067917.655585
51 23199291.329341 23199291.329341 23199273.229341 23199273.229341
52 23135081.199219 23135081.199219 23135063.099219 23135063.099219
53 23131899.921002 23131899.921002 23131881.821002 23131881.821002
61 21299901.869927 21299901.869927 21299883.769927 21299883.769927
64 21239552.597492 21239552.597492 21239534.497492 21239534.497492
241 16907659.075294 16907659.075294 16907640.975294 16907640.975294
261 16645373.956324 16645373.956324 16645355.856324 16645355.856324
266 16632445.190472 16632445.190472 16632427.090472 16632427.090472
268 16629188.452708 16629188.452708 16629170.352708 16629170.352708
291 5163984.394548 5163984.394548 5163966.294548 5163966.294548
292 5142057.693950 5142057.693950 5142039.593950 5142039.593950
294 5134468.763799 5134468.763799 5134450.663799 5134450.663799
994 3309195.270222 3309195.270222 3309177.170222 3309177.170222
997 1793524.591067 1793524.591067 1793506.491067 1793506.491067
1001 1626696.574291 1626696.574291 1626678.474291 1626678.474291
1642 1618429.606207 1618429.606207 1618411.506207 1618411.506207
2279 1262076.619173 1262076.619173 1262058.519173 1262058.519173
2283 1109486.132307 1109486.132307 1109468.032307 1109468.032307
2952 1102341.258088 1102341.258088 1102323.158088 1102323.158088
135000 63357390.982599 1102341.258088 63357390.982599 1102323.158088
"function evaluation" "current f(x)" "best-so-far f(x)" "current af(x)+b"  "best af(x)+b"
1 391371394.198102 391371394.198102 391371376.098101 391371376.098101
2 391038779.746486 391038779.746486 391038761.646486 391038761.646486
4 390597027.171407 390597027.171407 390597009.071407 390597009.071407
6 390403326.713076 390403326.713076 390403308.613076 390403308.613076
7 389931028.944563 389931028.944563 389931010.844563 389931010.844563
10 389668068.857566 389668068.857566 389668050.757566 389668050.757566
11 96755745.101921 96755745.101921 96755727.001921 96755727.001921
21 71104567.580129 71104567.580129 71104549.480129 71104549.480129
24 71021620.432531 71021620.432531 71021602.332531 71021602.332531
26 70873974.735785 70873974.735785 70873956.635785 70873956.635785
61 8644258.670380 8644258.670380 8644240.570380 8644240.570380
62 8643293.315792 8643293.315792 8643275.215792 8643275.215792
63 8619460.987868 8619460.987868 8619442.887868 8619442.887868
603 6696215.712783 6696215.712783 6696197.612783 6696197.612783
605 4100136.132798 4100136.132798 4100118.032798 4100118.032798
609 3617595.698347 3617595.698347 3617577.598347 3617577.598347
1411 3615925.350981 3615925.350981 3615907.250981 3615907.250981
1413 3600307.869319 3600307.869319 3600289.769319 3600289.769319
2021 2825964.512333 2825964.512333 2825946.412333 2825946.412333
2126 2438450.773984 2438450.773984 2438432.673984 2438432.673984
2234 2219613.905694 2219613.905694 2219595.805694 2219595.805694
2653 1805752.343542 1805752.343542 1805734.243542 1805734.243542
2654 1094072.036937 1094072.036937 1094053.936937 1094053.936937
3172 1085481.754402 1085481.754402 1085463.654402 1085463.654402
135000 68745872.941442 1085481.754402 68745872.941442 1085463.654402
"function evaluation" "current f(x)" "best-so-far f(x)" "current af(x)+b"  "best af(x)+b"
1 11387422.134009 11387422.134009 11387459.904009 11387459.904009
4 11371230.524998 11371230.524998 11371268.294998 11371268.294998
41 10378835.476958 10378835.476958 10378873.246958 10378873.246958
49 10374385.013931 10374385.013931 10374422.783931 10374422.783931
501 7438762.315857 7438762.315857 7438800.085857 7438800.085857
507 6384485.632324 6384485.632324 6384523.402324 6384523.402324
511 6361078.679335 6361078.679335 6361116.449335 6361116.449335
573 6324074.326010 6324074.326010 6324112.096010 6324112.096010
575 5648658.953072 5648658.953072 5648696.723072 5648696.723072
576 4768059.377795 4768059.377795 4768097.147795 4768097.147795
681 3512412.164850 3512412.164850 3512449.934850 3512449.934850
943 3366288.977353 3366288.977353 3366326.747353 3366326.747353
946 3233346.079591 3233346.079591 3233383.849591 3233383.849591
947 2064790.541833 2064790.541833 2064828.311833 2064828.311833
1612 2064113.731430 2064113.731430 2064151.501430 2064151.501430
1614 2053200.909024 2053200.909024 2053238.679024 2053238.679024
1964 1008456.812899 1008456.812899 1008494.582899 1008494.582899
2761 1006770.929451 1006770.929451 1006808.699451 1006808.699451
2763 1001739.579022 1001739.579022 1001777.349022 1001777.349022
2770 1000135.790624 1000135.790624 1000173.560624 1000173.560624
4614 752457.651057 752457.651057 752495.421057 752495.421057
5433 741980.010460 741980.010460 742017.780460 742017.780460
135000 5322666.670116 741980.010460 5322666.670116 742017.780460
"function evaluation" "current f(x)" "best-so-far f(x)" "current af(x)+b"  "best af(x)+b"
1 56103453.168219 56103453.168219 56103490.938219 56103490.938219
2 55866106.908870 55866106.908870 55866144.678870 55866144.678870
4 55729264.046478 55729264.046478 55729301.816478 55729301.816478
21 54041882.178151 54041882.178151 54041919.948151 54041919.948151
22 54029412.814463 54029412.814463 54029450.584463 54029450.584463
24 54012076.375685 54012076.375685 54012114.145685 54012114.145685
26 53986475.140493 53986475.140493 53986512.910493 53986512.910493
41 26474525.463734 26474525.463734 26474563.233734 26474563.233734
42 26459658.870852 26459658.870852 26459696.640852 26459696.640852
44 26450525.146343 26450525.146343 26450562.916343 26450562.916343
48 26436315.201589 26436315.201589 26436352.971589 26436352.971589
49 26431222.849311 26431222.849311 26431260.619311 26431260.619311
131 22254944.870091 22254944.870091 22254982.640091 22254982.640091
132 22165859.926834 22165859.926834 22165897.696834 22165897.696834
201 19402591.059982 19402591.059982 19402628.829982 19402628.829982
203 19389233.985036 19389233.985036 19389271.755036 19389271.755036
205 19381792.157423 19381792.157423 19381829.927423 19381829.927423
207 19338160.286495 19338160.286495 19338198.056495 19338198.056495
391 16834361.988822 16834361.988822 16834399.758822 16834399.758822
392 16827282.773601 16827282.773601 16827320.543601 16827320.543601
394 16820904.201854 16820904.201854 16820941.971854 16820941.971854
396 16806423.026422 16806423.026422 16806460.796422 16806460.796422
398 16801966.838668 16801966.838668 16802004.608668 16802004.608668
491 6058341.108995 6058341.108995 6058378.878995 6058378.878995
492 6031198.995548 6031198.995548 6031236.765548 6031236.765548
494 6027305.050136 6027305.050136 6027342.820136 6027342.820136
1334 1632945.412012 1632945.412012 1632983.182012 1632983.182012
1842 1627941.586245 1627941.586245 1627979.356245 1627979.356245
1844 1625736.705853 1625736.705853 1625774.475853 1625774.475853
2044 1258415.262923 1258415.262923 1258453.032923 1258453.032923
2811 1256649.032888 1256649.032888 1256686.802888 1256686.802888
2813 1254695.513331 1254695.513331 1254733.283331 1254733.283331
2817 1249896.132139 1249896.132139 1249933.902139 1249933.902139
2820 1248611.859473 1248611.859473 1248649.629473 1248649.629473
135000 49116674.695392 1248611.859473 49116674.695392 1248649.629473
"function evaluation" "current f(x)" "best-so-far f(x)" "current af(x)+b"  "best af(x)+b"
1 1216796062.337463 1216796062.337463 1216796100.107463 1216796100.107463
2 1212155405.504662 1212155405.504662 1212155443.274662 1212155443.274662
4 1210529057.730188 1210529057.730188 1210529095.500188 1210529095.500188
7 1210512856.487872 1210512856.487872 1210512894.257872 1210512894.257872
11 30151553.847179 30151553.847179 30151591.617179 30151591.617179
12 30131598.889280 30131598.889280 30131636.659280 30131636.659280
16 30101670.212193 30101670.212193 30101707.982193 30101707.982193
71 23262434.279165 23262434.279165 23262472.049165 23262472.049165
76 23247706.819985 23247706.819985 23247744.589985 23247744.589985
101 18476833.830330 18476833.830330 18476871.600330 18476871.600330
102 18429801.657624 18429801.657624 18429839.427624 18429839.427624
181 11367379.472841 11367379.472841 11367417.242841 11367417.242841
182 11323312.994055 11323312.994055 11323350.764055 11323350.764055
598 10762700.319877 10762700.319877 10762738.089877 10762738.089877
673 10401605.763519 10401605.763519 10401643.533519 10401643.533519
682 9722991.245013 9722991.245013 9723029.015013 9723029.015013
807 6483451.557523 6483451.557523 6483489.327523 6483489.327523
809 5637366.864619 5637366.864619 5637404.634619 5637404.634619
818 5622054.978029 5622054.978029 5622092.748029 5622092.748029
1532 5604158.243688 5604158.243688 5604196.013688 5604196.013688
1875 1698350.113806 1698350.113806 1698387.883806 1698387.883806
2554 1523356.791385 1523356.791385 1523394.561385 1523394.561385
3112 1514947.210400 1514947.210400 1514984.980400 1514984.980400
135000 5322666.670116 1514947.210400 5322666.670116 1514984.980400
