"function evaluation" "current f(x)" "best-so-far f(x)" "current af(x)+b"  "best af(x)+b"
1 902.278895 902.278895 1004.888895 1004.888895
2 901.516657 901.516657 1004.126657 1004.126657
4 900.963520 900.963520 1003.573520 1003.573520
6 900.721127 900.721127 1003.331127 1003.331127
10 899.571040 899.571040 1002.181040 1002.181040
11 898.617751 898.617751 1001.227751 1001.227751
19 898.510987 898.510987 1001.120987 1001.120987
21 897.034395 897.034395 999.644395 999.644395
41 636.379449 636.379449 738.989449 738.989449
42 636.010293 636.010293 738.620293 738.620293
44 633.686535 633.686535 736.296535 736.296535
47 633.219612 633.219612 735.829612 735.829612
69 633.074103 633.074103 735.684103 735.684103
321 625.331590 625.331590 727.941590 727.941590
322 620.837000 620.837000 723.447000 723.447000
323 617.600830 617.600830 720.210830 720.210830
350 617.175368 617.175368 719.785368 719.785368
681 470.146981 470.146981 572.756981 572.756981
683 468.350021 468.350021 570.960021 570.960021
2294 455.841337 455.841337 558.451337 558.451337
2295 451.194415 451.194415 553.804415 553.804415
3532 450.381122 450.381122 552.991122 552.991122
3534 448.580009 448.580009 551.190009 551.190009
3557 447.798025 447.798025 550.408025 550.408025
285000 1564.751165 447.798025 1564.751165 550.408025
"function evaluation" "current f(x)" "best-so-far f(x)" "current af(x)+b"  "best af(x)+b"
1 687.712050 687.712050 790.322050 790.322050
2 687.601935 687.601935 790.211935 790.211935
4 685.958498 685.958498 788.568498 788.568498
7 685.381064 685.381064 787.991064 787.991064
28 685.043852 685.043852 787.653852 787.653852
29 684.497894 684.497894 787.107894 787.107894
161 677.270589 677.270589 779.880589 779.880589
176 677.080548 677.080548 779.690548 779.690548
182 676.049708 676.049708 778.659708 778.659708
184 674.856818 674.856818 777.466818 777.466818
321 535.523146 535.523146 638.133146 638.133146
322 528.982338 528.982338 631.592338 631.592338
324 527.123845 527.123845 629.733845 629.733845
2144 492.112057 492.112057 594.722057 594.722057
3172 490.010328 490.010328 592.620328 592.620328
3184 489.455455 489.455455 592.065455 592.065455
3194 488.372555 488.372555 590.982555 590.982555
3195 487.600861 487.600861 590.210861 590.210861
5676 443.119400 443.119400 545.729400 545.729400
7622 440.534574 440.534574 543.144574 543.144574
285000 1520.824259 440.534574 1520.824259 543.144574
"function evaluation" "current f(x)" "best-so-far f(x)" "current af(x)+b"  "best af(x)+b"
1 1001.143306 1001.143306 1103.753306 1103.753306
3 999.122332 999.122332 1101.732332 1101.732332
41 754.600909 754.600909 857.210909 857.210909
44 754.413206 754.413206 857.023206 857.023206
46 754.087413 754.087413 856.697413 856.697413
48 753.758811 753.758811 856.368811 856.368811
53 753.758747 753.758747 856.368747 856.368747
55 753.308790 753.308790 855.918790 855.918790
60 753.257808 753.257808 855.867808 855.867808
63 751.249401 751.249401 853.859401 853.859401
81 642.353898 642.353898 744.963898 744.963898
96 642.025463 642.025463 744.635463 744.635463
107 641.983965 641.983965 744.593965 744.593965
281 629.808933 629.808933 732.418933 732.418933
282 628.861072 628.861072 731.471072 731.471072
285 628.588013 628.588013 731.198013 731.198013
287 627.950946 627.950946 730.560946 730.560946
291 627.190559 627.190559 729.800559 729.800559
297 626.941756 626.941756 729.551756 729.551756
309 626.913281 626.913281 729.523281 729.523281
961 573.243879 573.243879 675.853879 675.853879
962 568.484712 568.484712 671.094712 671.094712
964 568.423810 568.423810 671.033810 671.033810
981 565.822298 565.822298 668.432298 668.432298
1481 565.252888 565.252888 667.862888 667.862888
1482 558.695889 558.695889 661.305889 661.305889
1483 557.196193 557.196193 659.806193 659.806193
1761 451.490576 451.490576 554.100576 554.100576
1796 450.862672 450.862672 553.472672 553.472672
2749 388.521080 388.521080 491.131080 491.131080
2762 388.254586 388.254586 490.864586 490.864586
4611 384.454389 384.454389 487.064389 487.064389
4646 384.310688 384.310688 486.920688 486.920688
285000 1475.807932 384.310688 1475.807932 486.920688
"function evaluation" "current f(x)" "best-so-far f(x)" "current af(x)+b"  "best af(x)+b"
1 752.517685 752.517685 845.817685 845.817685
2 751.203165 751.203165 844.503165 844.503165
4 751.202717 751.202717 844.502717 844.502717
5 747.858518 747.858518 841.158518 841.158518
22 747.404916 747.404916 840.704916 840.704916
35 745.117082 745.117082 838.417082 838.417082
241 600.573419 600.573419 693.873419 693.873419
242 592.988960 592.988960 686.288960 686.288960
265 591.516263 591.516263 684.816263 684.816263
761 588.755443 588.755443 682.055443 682.055443
765 587.623063 587.623063 680.923063 680.923063
767 587.594622 587.594622 680.894622 680.894622
770 586.610275 586.610275 679.910275 679.910275
2103 575.425017 575.425017 668.725017 668.725017
2108 540.049538 540.049538 633.349538 633.349538
2329 512.015084 512.015084 605.315084 605.315084
3611 511.848510 511.848510 605.148510 605.148510
3614 509.963041 509.963041 603.263041 603.263041
3616 509.805230 509.805230 603.105230 603.105230
3640 508.930375 508.930375 602.230375 602.230375
5254 486.828841 486.828841 580.128841 580.128841
6622 485.473675 485.473675 578.773675 578.773675
6624 482.652879 482.652879 575.952879 575.952879
285000 1425.388538 482.652879 1425.388538 575.952879
"function evaluation" "current f(x)" "best-so-far f(x)" "current af(x)+b"  "best af(x)+b"
1 484.125935 484.125935 577.425935 577.425935
2 484.030476 484.030476 577.330476 577.330476
3 478.713170 478.713170 572.013170 572.013170
2004 475.410135 475.410135 568.710135 568.710135
2009 469.016179 469.016179 562.316179 562.316179
2014 458.802444 458.802444 552.102444 552.102444
2852 458.737080 458.737080 552.037080 552.037080
2854 455.345351 455.345351 548.645351 548.645351
2879 454.081110 454.081110 547.381110 547.381110
5713 454.049926 454.049926 547.349926 547.349926
5732 453.073272 453.073272 546.373272 546.373272
285000 1307.011414 453.073272 1307.011414 546.373272
"function evaluation" "current f(x)" "best-so-far f(x)" "current af(x)+b"  "best af(x)+b"
1 1002.532620 1002.532620 1095.832620 1095.832620
2 998.289419 998.289419 1091.589419 1091.589419
4 994.882199 994.882199 1088.182199 1088.182199
41 819.239937 819.239937 912.539937 912.539937
42 818.087645 818.087645 911.387645 911.387645
46 817.401414 817.401414 910.701414 910.701414
48 815.948202 815.948202 909.248202 909.248202
51 815.607490 815.607490 908.907490 908.907490
54 814.499493 814.499493 907.799493 907.799493
59 814.115787 814.115787 907.415787 907.415787
73 814.046880 814.046880 907.346880 907.346880
121 597.016585 597.016585 690.316585 690.316585
126 595.565261 595.565261 688.865261 688.865261
133 594.440309 594.440309 687.740309 687.740309
1601 591.290713 591.290713 684.590713 684.590713
1604 590.250754 590.250754 683.550754 683.550754
1606 589.900140 589.900140 683.200140 683.200140
1612 589.890067 589.890067 683.190067 683.190067
1615 588.850562 588.850562 682.150562 682.150562
1624 585.981564 585.981564 679.281564 679.281564
1921 382.038895 382.038895 475.338895 475.338895
1922 379.560571 379.560571 472.860571 472.860571
1932 379.205583 379.205583 472.505583 472.505583
1936 378.619990 378.619990 471.919990 471.919990
1944 378.025399 378.025399 471.325399 471.325399
2825 376.192117 376.192117 469.492117 469.492117
2828 370.592967 370.592967 463.892967 463.892967
4772 368.408222 368.408222 461.708222 461.708222
4779 367.969543 367.969543 461.269543 461.269543
4781 367.191696 367.191696 460.491696 460.491696
4807 366.664518 366.664518 459.964518 459.964518
285000 1174.269474 366.664518 1174.269474 459.964518
"function evaluation" "current f(x)" "best-so-far f(x)" "current af(x)+b"  "best af(x)+b"
1 834.487214 834.487214 848.127214 848.127214
6 831.808284 831.808284 845.448284 845.448284
10 831.172226 831.172226 844.812226 844.812226
81 802.987526 802.987526 816.627526 816.627526
82 794.138789 794.138789 807.778789 807.778789
201 707.220549 707.220549 720.860549 720.860549
202 703.834264 703.834264 717.474264 717.474264
216 703.504656 703.504656 717.144656 717.144656
219 703.355826 703.355826 716.995826 716.995826
237 702.277498 702.277498 715.917498 715.917498
561 700.325930 700.325930 713.965930 713.965930
562 694.596103 694.596103 708.236103 708.236103
566 693.365279 693.365279 707.005279 707.005279
570 691.995408 691.995408 705.635408 705.635408
801 668.281338 668.281338 681.921338 681.921338
829 668.126050 668.126050 681.766050 681.766050
841 631.706409 631.706409 645.346409 645.346409
842 628.584037 628.584037 642.224037 642.224037
861 627.441921 627.441921 641.081921 641.081921
881 581.979842 581.979842 595.619842 595.619842
882 573.843527 573.843527 587.483527 587.483527
905 573.580255 573.580255 587.220255 587.220255
2363 547.766230 547.766230 561.406230 561.406230
2415 506.654523 506.654523 520.294523 520.294523
3812 506.294276 506.294276 519.934276 519.934276
3813 506.263154 506.263154 519.903154 519.903154
3815 504.629053 504.629053 518.269053 518.269053
3819 504.612078 504.612078 518.252078 518.252078
3827 504.092063 504.092063 517.732063 517.732063
3829 502.870140 502.870140 516.510140 516.510140
285000 1409.274087 502.870140 1409.274087 516.510140
"function evaluation" "current f(x)" "best-so-far f(x)" "current af(x)+b"  "best af(x)+b"
1 875.615861 875.615861 889.255861 889.255861
8 875.118738 875.118738 888.758738 888.758738
9 874.197929 874.197929 887.837929 887.837929
13 873.938682 873.938682 887.578682 887.578682
16 873.659029 873.659029 887.299029 887.299029
27 873.063348 873.063348 886.703348 886.703348
41 616.153481 616.153481 629.793481 629.793481
42 613.612406 613.612406 627.252406 627.252406
43 613.202453 613.202453 626.842453 626.842453
46 612.389647 612.389647 626.029647 626.029647
49 611.838196 611.838196 625.478196 625.478196
57 611.477796 611.477796 625.117796 625.117796
1081 607.818270 607.818270 621.458270 621.458270
1241 586.458333 586.458333 600.098333 600.098333
1242 584.082712 584.082712 597.722712 597.722712
1244 584.034556 584.034556 597.674556 597.674556
1245 583.244829 583.244829 596.884829 596.884829
1259 580.162853 580.162853 593.802853 593.802853
2062 565.470965 565.470965 579.110965 579.110965
2113 565.215347 565.215347 578.855347 578.855347
2114 556.865743 556.865743 570.505743 570.505743
2462 525.047002 525.047002 538.687002 538.687002
2465 518.486535 518.486535 532.126535 532.126535
2473 517.307444 517.307444 530.947444 530.947444
3932 515.958989 515.958989 529.598989 529.598989
3935 515.190349 515.190349 528.830349 528.830349
3952 514.781715 514.781715 528.421715 528.421715
3962 513.740914 513.740914 527.380914 527.380914
285000 1510.828857 513.740914 1510.828857 527.380914
"function evaluation" "current f(x)" "best-so-far f(x)" "current af(x)+b"  "best af(x)+b"
1 831.684826 831.684826 845.324826 845.324826
2 826.742992 826.742992 840.382992 840.382992
9 826.352381 826.352381 839.992381 839.992381
17 823.086093 823.086093 836.726093 836.726093
41 659.637352 659.637352 673.277352 673.277352
46 657.432656 657.432656 671.072656 671.072656
180 656.502189 656.502189 670.142189 670.142189
1721 598.157110 598.157110 611.797110 611.797110
1724 597.932250 597.932250 611.572250 611.572250
1725 594.268603 594.268603 607.908603 607.908603
1841 486.592435 486.592435 500.232435 500.232435
1843 486.369657 486.369657 500.009657 500.009657
1845 485.615725 485.615725 499.255725 499.255725
1855 485.534467 485.534467 499.174467 499.174467
1861 484.708926 484.708926 498.348926 498.348926
1878 484.372395 484.372395 498.012395 498.012395
2783 448.553932 448.553932 462.193932 462.193932
2786 434.315590 434.315590 447.955590 447.955590
2789 421.808907 421.808907 435.448907 435.448907
2792 409.823646 409.823646 423.463646 423.463646
4692 407.754223 407.754223 421.394223 421.394223
4699 407.437127 407.437127 421.077127 421.077127
4707 406.002801 406.002801 419.642801 419.642801
285000 1295.017315 406.002801 1295.017315 419.642801
"function evaluation" "current f(x)" "best-so-far f(x)" "current af(x)+b"  "best af(x)+b"
1 911.657788 911.657788 1106.457788 1106.457788
2 910.331882 910.331882 1105.131882 1105.131882
4 909.837504 909.837504 1104.637504 1104.637504
8 909.203093 909.203093 1104.003093 1104.003093
13 909.089335 909.089335 1103.889335 1103.889335
16 908.789078 908.789078 1103.589078 1103.589078
19 906.564793 906.564793 1101.364793 1101.364793
41 820.321030 820.321030 1015.121030 1015.121030
42 817.942744 817.942744 1012.742744 1012.742744
44 816.239775 816.239775 1011.039775 1011.039775
49 814.385511 814.385511 1009.185511 1009.185511
81 805.254330 805.254330 1000.054330 1000.054330
82 791.912706 791.912706 986.712706 986.712706
121 759.384481 759.384481 954.184481 954.184481
124 757.333165 757.333165 952.133165 952.133165
133 757.332257 757.332257 952.132257 952.132257
161 741.012563 741.012563 935.812563 935.812563
163 740.098785 740.098785 934.898785 934.898785
190 739.256180 739.256180 934.056180 934.056180
198 736.025441 736.025441 930.825441 930.825441
241 654.510129 654.510129 849.310129 849.310129
242 650.983595 650.983595 845.783595 845.783595
247 649.483360 649.483360 844.283360 844.283360
361 586.732278 586.732278 781.532278 781.532278
362 582.220370 582.220370 777.020370 777.020370
385 581.971839 581.971839 776.771839 776.771839
388 581.466905 581.466905 776.266905 776.266905
761 537.685444 537.685444 732.485444 732.485444
770 533.196964 533.196964 727.996964 727.996964
1801 494.734615 494.734615 689.534615 689.534615
1803 492.907054 492.907054 687.707054 687.707054
1811 492.086337 492.086337 686.886337 686.886337
2324 457.643040 457.643040 652.443040 652.443040
2327 445.370333 445.370333 640.170333 640.170333
3612 442.728137 442.728137 637.528137 637.528137
3619 441.642896 441.642896 636.442896 636.442896
3646 440.420726 440.420726 635.220726 635.220726
285000 1545.831036 440.420726 1545.831036 635.220726
"function evaluation" "current f(x)" "best-so-far f(x)" "current af(x)+b"  "best af(x)+b"
1 910.347281 910.347281 1105.147281 1105.147281
2 906.692587 906.692587 1101.492587 1101.492587
6 906.090247 906.090247 1100.890247 1100.890247
17 903.632666 903.632666 1098.432666 1098.432666
41 771.448782 771.448782 966.248782 966.248782
441 730.205782 730.205782 925.005782 925.005782
453 728.865040 728.865040 923.665040 923.665040
459 728.655871 728.655871 923.455871 923.455871
462 727.757146 727.757146 922.557146 922.557146
465 727.698572 727.698572 922.498572 922.498572
481 672.628576 672.628576 867.428576 867.428576
484 671.979885 671.979885 866.779885 866.779885
485 671.405358 671.405358 866.205358 866.205358
487 670.578881 670.578881 865.378881 865.378881
500 669.268938 669.268938 864.068938 864.068938
681 449.152125 449.152125 643.952125 643.952125
684 448.020825 448.020825 642.820825 642.820825
685 446.296312 446.296312 641.096312 641.096312
699 445.298990 445.298990 640.098990 640.098990
2292 424.821887 424.821887 619.621887 619.621887
2296 405.662598 405.662598 600.462598 600.462598
2297 365.421397 365.421397 560.221397 560.221397
3532 363.282278 363.282278 558.082278 558.082278
3538 362.856815 362.856815 557.656815 557.656815
3539 358.245897 358.245897 553.045897 553.045897
285000 1371.379135 358.245897 1371.379135 553.045897
"function evaluation" "current f(x)" "best-so-far f(x)" "current af(x)+b"  "best af(x)+b"
1 811.673580 811.673580 1006.473580 1006.473580
2 808.358631 808.358631 1003.158631 1003.158631
14 808.126090 808.126090 1002.926090 1002.926090
23 808.053366 808.053366 1002.853366 1002.853366
29 805.820153 805.820153 1000.620153 1000.620153
41 756.338708 756.338708 951.138708 951.138708
42 754.964021 754.964021 949.764021 949.764021
48 754.565064 754.565064 949.365064 949.365064
51 753.131969 753.131969 947.931969 947.931969
55 751.560632 751.560632 946.360632 946.360632
81 686.240817 686.240817 881.040817 881.040817
82 685.522014 685.522014 880.322014 880.322014
83 682.673835 682.673835 877.473835 877.473835
90 681.899596 681.899596 876.699596 876.699596
110 681.582015 681.582015 876.382015 876.382015
121 640.457973 640.457973 835.257973 835.257973
146 639.934886 639.934886 834.734886 834.734886
721 632.457088 632.457088 827.257088 827.257088
722 629.317041 629.317041 824.117041 824.117041
726 627.563807 627.563807 822.363807 822.363807
751 627.155786 627.155786 821.955786 821.955786
881 625.359140 625.359140 820.159140 820.159140
906 623.491825 623.491825 818.291825 818.291825
1041 549.444988 549.444988 744.244988 744.244988
1042 549.042847 549.042847 743.842847 743.842847
1044 547.499974 547.499974 742.299974 742.299974
1045 547.140879 547.140879 741.940879 741.940879
1056 545.102364 545.102364 739.902364 739.902364
1061 544.584773 544.584773 739.384773 739.384773
5089 522.502579 522.502579 717.302579 717.302579
5509 516.758196 516.758196 711.558196 711.558196
7221 514.904840 514.904840 709.704840 709.704840
7225 514.090012 514.090012 708.890012 708.890012
7231 513.962259 513.962259 708.762259 708.762259
7245 512.120607 512.120607 706.920607 706.920607
285000 1499.264457 512.120607 1499.264457 706.920607
"function evaluation" "current f(x)" "best-so-far f(x)" "current af(x)+b"  "best af(x)+b"
1 487.345433 487.345433 353.755433 353.755433
6 486.851486 486.851486 353.261486 353.261486
17 483.737198 483.737198 350.147198 350.147198
2005 458.967622 458.967622 325.377622 325.377622
2851 458.192509 458.192509 324.602509 324.602509
2853 456.484274 456.484274 322.894274 322.894274
2856 455.891519 455.891519 322.301519 322.301519
2857 454.415043 454.415043 320.825043 320.825043
5169 453.674433 453.674433 320.084433 320.084433
6421 453.246196 453.246196 319.656196 319.656196
6424 451.791392 451.791392 318.201392 318.201392
6427 450.061875 450.061875 316.471875 316.471875
285000 1682.184406 450.061875 1682.184406 316.471875
"function evaluation" "current f(x)" "best-so-far f(x)" "current af(x)+b"  "best af(x)+b"
1 766.735872 766.735872 633.145872 633.145872
2 764.132741 764.132741 630.542741 630.542741
3 763.994376 763.994376 630.404376 630.404376
5 763.033849 763.033849 629.443849 629.443849
8 762.464789 762.464789 628.874789 628.874789
12 761.050167 761.050167 627.460167 627.460167
16 759.806821 759.806821 626.216821 626.216821
161 640.121280 640.121280 506.531280 506.531280
172 639.845227 639.845227 506.255227 506.255227
241 559.062668 559.062668 425.472668 425.472668
242 558.545341 558.545341 424.955341 424.955341
243 558.138054 558.138054 424.548054 424.548054
245 557.335990 557.335990 423.745990 423.745990
255 555.811089 555.811089 422.221089 422.221089
265 555.213957 555.213957 421.623957 421.623957
271 555.178384 555.178384 421.588384 421.588384
1201 546.051063 546.051063 412.461063 412.461063
1202 545.789240 545.789240 412.199240 412.199240
1203 545.031383 545.031383 411.441383 411.441383
1206 544.390907 544.390907 410.800907 410.800907
1207 542.445270 542.445270 408.855270 408.855270
1216 541.452123 541.452123 407.862123 407.862123
2511 496.376767 496.376767 362.786767 362.786767
2518 470.377209 470.377209 336.787209 336.787209
4051 470.141230 470.141230 336.551230 336.551230
4054 469.360050 469.360050 335.770050 335.770050
4057 467.041556 467.041556 333.451556 333.451556
285000 1512.364678 467.041556 1512.364678 333.451556
"function evaluation" "current f(x)" "best-so-far f(x)" "current af(x)+b"  "best af(x)+b"
1 663.536734 663.536734 529.946734 529.946734
2 658.095848 658.095848 524.505848 524.505848
11 657.599703 657.599703 524.009703 524.009703
24 656.487948 656.487948 522.897948 522.897948
41 654.906003 654.906003 521.316003 521.316003
50 653.614274 653.614274 520.024274 520.024274
121 647.379131 647.379131 513.789131 513.789131
122 644.732605 644.732605 511.142605 511.142605
124 644.032860 644.032860 510.442860 510.442860
130 643.864853 643.864853 510.274853 510.274853
133 642.602171 642.602171 509.012171 509.012171
149 642.363645 642.363645 508.773645 508.773645
151 641.902539 641.902539 508.312539 508.312539
157 641.790930 641.790930 508.200930 508.200930
641 596.069722 596.069722 462.479722 462.479722
647 594.749098 594.749098 461.159098 461.159098
651 593.947081 593.947081 460.357081 460.357081
657 593.391950 593.391950 459.801950 459.801950
2005 582.033318 582.033318 448.443318 448.443318
2055 511.433722 511.433722 377.843722 377.843722
2280 433.103341 433.103341 299.513341 299.513341
3492 432.765807 432.765807 299.175807 299.175807
3494 430.519032 430.519032 296.929032 296.929032
3497 430.504761 430.504761 296.914761 296.914761
285000 1408.435472 430.504761 1408.435472 296.914761
