"function evaluation" "current f(x)" "best-so-far f(x)" "current af(x)+b"  "best af(x)+b"
1 21594.138042 21594.138042 21717.968042 21717.968042
2 21530.392495 21530.392495 21654.222495 21654.222495
3 21518.828979 21518.828979 21642.658979 21642.658979
8 21476.475966 21476.475966 21600.305966 21600.305966
31 15631.010135 15631.010135 15754.840135 15754.840135
32 15523.416650 15523.416650 15647.246650 15647.246650
101 1094.858273 1094.858273 1218.688273 1218.688273
102 1087.093100 1087.093100 1210.923100 1210.923100
106 1084.935863 1084.935863 1208.765863 1208.765863
341 1045.155190 1045.155190 1168.985190 1168.985190
342 1039.865911 1039.865911 1163.695911 1163.695911
346 1039.601744 1039.601744 1163.431744 1163.431744
348 1034.802780 1034.802780 1158.632780 1158.632780
677 1026.736747 1026.736747 1150.566747 1150.566747
678 856.873424 856.873424 980.703424 980.703424
680 661.140711 661.140711 784.970711 784.970711
681 432.059914 432.059914 555.889914 555.889914
1079 285.114834 285.114834 408.944834 408.944834
1081 155.312027 155.312027 279.142027 279.142027
1087 89.173509 89.173509 213.003509 213.003509
1692 88.810850 88.810850 212.640850 212.640850
1694 88.689701 88.689701 212.519701 212.519701
2485 18.404079 18.404079 142.234079 142.234079
3071 18.352642 18.352642 142.182642 142.182642
3073 18.218334 18.218334 142.048334 142.048334
3076 18.205810 18.205810 142.035810 142.035810
3080 18.110718 18.110718 141.940718 141.940718
135000 43365.453558 18.110718 43365.453558 141.940718
"function evaluation" "current f(x)" "best-so-far f(x)" "current af(x)+b"  "best af(x)+b"
1 239589.637871 239589.637871 239713.467871 239713.467871
2 239527.983711 239527.983711 239651.813711 239651.813711
4 239123.483359 239123.483359 239247.313359 239247.313359
11 45680.465070 45680.465070 45804.295070 45804.295070
12 45595.687635 45595.687635 45719.517635 45719.517635
13 45475.797405 45475.797405 45599.627405 45599.627405
21 10199.061326 10199.061326 10322.891326 10322.891326
22 10175.335542 10175.335542 10299.165542 10299.165542
23 10164.217870 10164.217870 10288.047870 10288.047870
28 10142.507371 10142.507371 10266.337371 10266.337371
161 1111.963327 1111.963327 1235.793327 1235.793327
163 1110.447191 1110.447191 1234.277191 1234.277191
165 1108.895196 1108.895196 1232.725196 1232.725196
773 691.724673 691.724673 815.554673 815.554673
786 648.473811 648.473811 772.303811 772.303811
1512 648.402065 648.402065 772.232065 772.232065
1514 647.635855 647.635855 771.465855 771.465855
1515 647.549737 647.549737 771.379737 771.379737
2014 479.007283 479.007283 602.837283 602.837283
2179 261.783185 261.783185 385.613185 385.613185
2892 261.588196 261.588196 385.418196 385.418196
2893 261.440280 261.440280 385.270280 385.270280
2899 259.576729 259.576729 383.406729 383.406729
4908 216.420581 216.420581 340.250581 340.250581
5611 216.155951 216.155951 339.985951 339.985951
5616 213.865148 213.865148 337.695148 337.695148
38415 162.468513 162.468513 286.298513 286.298513
39214 161.879930 161.879930 285.709930 285.709930
39215 159.739035 159.739035 283.569035 283.569035
54879 81.292847 81.292847 205.122847 205.122847
55575 80.908950 80.908950 204.738950 204.738950
55578 80.298800 80.298800 204.128800 204.128800
55579 79.800711 79.800711 203.630711 203.630711
82839 79.317394 79.317394 203.147394 203.147394
100108 78.886202 78.886202 202.716202 202.716202
100109 78.283971 78.283971 202.113971 202.113971
135000 390417.128611 78.283971 390417.128611 202.113971
"function evaluation" "current f(x)" "best-so-far f(x)" "current af(x)+b"  "best af(x)+b"
1 158539.885379 158539.885379 158663.715379 158663.715379
2 158100.193560 158100.193560 158224.023560 158224.023560
8 157990.767447 157990.767447 158114.597447 158114.597447
11 63096.880105 63096.880105 63220.710105 63220.710105
17 63031.966915 63031.966915 63155.796915 63155.796915
51 28331.768873 28331.768873 28455.598873 28455.598873
55 28278.528860 28278.528860 28402.358860 28402.358860
81 17151.079800 17151.079800 17274.909800 17274.909800
84 17108.640785 17108.640785 17232.470785 17232.470785
181 10108.758980 10108.758980 10232.588980 10232.588980
186 10100.847039 10100.847039 10224.677039 10224.677039
191 944.872479 944.872479 1068.702479 1068.702479
194 936.424127 936.424127 1060.254127 1060.254127
200 934.315660 934.315660 1058.145660 1058.145660
351 792.042956 792.042956 915.872956 915.872956
354 791.921457 791.921457 915.751457 915.751457
355 787.259590 787.259590 911.089590 911.089590
421 163.554449 163.554449 287.384449 287.384449
1218 137.057499 137.057499 260.887499 260.887499
1221 99.346057 99.346057 223.176057 223.176057
1772 99.212594 99.212594 223.042594 223.042594
1774 98.877386 98.877386 222.707386 222.707386
2533 83.635530 83.635530 207.465530 207.465530
3101 82.911634 82.911634 206.741634 206.741634
49785 81.862170 81.862170 205.692170 205.692170
50356 81.446678 81.446678 205.276678 205.276678
50358 81.202246 81.202246 205.032246 205.032246
50359 80.189150 80.189150 204.019150 204.019150
60593 79.728994 79.728994 203.558994 203.558994
61155 79.535600 79.535600 203.365600 203.365600
61158 78.810225 78.810225 202.640225 202.640225
61159 78.199799 78.199799 202.029799 202.029799
135000 69021.441480 78.199799 69021.441480 202.029799
"function evaluation" "current f(x)" "best-so-far f(x)" "current af(x)+b"  "best af(x)+b"
1 88254.008329 88254.008329 88301.518329 88301.518329
4 88133.526137 88133.526137 88181.036137 88181.036137
21 17511.787450 17511.787450 17559.297450 17559.297450
22 17453.635512 17453.635512 17501.145512 17501.145512
23 17448.224029 17448.224029 17495.734029 17495.734029
30 17417.111580 17417.111580 17464.621580 17464.621580
51 3543.806497 3543.806497 3591.316497 3591.316497
53 3539.307946 3539.307946 3586.817946 3586.817946
56 3538.770110 3538.770110 3586.280110 3586.280110
60 3530.154298 3530.154298 3577.664298 3577.664298
171 411.626786 411.626786 459.136786 459.136786
176 409.957747 409.957747 457.467747 457.467747
180 408.258895 408.258895 455.768895 455.768895
793 180.996100 180.996100 228.506100 228.506100
795 132.818594 132.818594 180.328594 180.328594
797 60.137196 60.137196 107.647196 107.647196
1521 60.071000 60.071000 107.581000 107.581000
1523 59.723850 59.723850 107.233850 107.233850
1530 59.386555 59.386555 106.896555 106.896555
135000 194787.796722 59.386555 194787.796722 106.896555
"function evaluation" "current f(x)" "best-so-far f(x)" "current af(x)+b"  "best af(x)+b"
1 95193.604164 95193.604164 95241.114164 95241.114164
2 94979.578182 94979.578182 95027.088182 95027.088182
3 94928.621285 94928.621285 94976.131285 94976.131285
10 94888.155612 94888.155612 94935.665612 94935.665612
11 27046.152310 27046.152310 27093.662310 27093.662310
14 27000.956535 27000.956535 27048.466535 27048.466535
71 1293.016338 1293.016338 1340.526338 1340.526338
72 1286.193540 1286.193540 1333.703540 1333.703540
77 1284.489842 1284.489842 1331.999842 1331.999842
241 587.187746 587.187746 634.697746 634.697746
244 587.118092 587.118092 634.628092 634.628092
245 586.583625 586.583625 634.093625 634.093625
628 399.173369 399.173369 446.683369 446.683369
909 341.193852 341.193852 388.703852 388.703852
913 220.299954 220.299954 267.809954 267.809954
916 215.500432 215.500432 263.010432 263.010432
919 197.649136 197.649136 245.159136 245.159136
1591 197.499099 197.499099 245.009099 245.009099
1593 197.189513 197.189513 244.699513 244.699513
1597 196.618797 196.618797 244.128797 244.128797
135000 113081.486398 196.618797 113081.486398 244.128797
"function evaluation" "current f(x)" "best-so-far f(x)" "current af(x)+b"  "best af(x)+b"
1 80963.379811 80963.379811 81010.889811 81010.889811
4 80926.098139 80926.098139 80973.608139 80973.608139
6 80856.779890 80856.779890 80904.289890 80904.289890
9 80790.745318 80790.745318 80838.255318 80838.255318
31 56999.207524 56999.207524 57046.717524 57046.717524
34 56982.316127 56982.316127 57029.826127 57029.826127
38 56873.205912 56873.205912 56920.715912 56920.715912
41 25347.968453 25347.968453 25395.478453 25395.478453
42 25308.828570 25308.828570 25356.338570 25356.338570
46 25247.923288 25247.923288 25295.433288 25295.433288
51 1292.522364 1292.522364 1340.032364 1340.032364
53 1289.263230 1289.263230 1336.773230 1336.773230
57 1289.057834 1289.057834 1336.567834 1336.567834
61 1153.041955 1153.041955 1200.551955 1200.551955
62 1150.016014 1150.016014 1197.526014 1197.526014
63 1144.660909 1144.660909 1192.170909 1192.170909
69 1144.114268 1144.114268 1191.624268 1191.624268
586 690.347817 690.347817 737.857817 737.857817
588 432.821695 432.821695 480.331695 480.331695
592 402.659103 402.659103 450.169103 450.169103
596 354.468664 354.468664 401.978664 401.978664
597 237.702446 237.702446 285.212446 285.212446
612 164.674584 164.674584 212.184584 212.184584
1411 164.428830 164.428830 211.938830 211.938830
1413 163.761311 163.761311 211.271311 211.271311
1419 162.405590 162.405590 209.915590 209.915590
135000 194787.796722 162.405590 194787.796722 209.915590
"function evaluation" "current f(x)" "best-so-far f(x)" "current af(x)+b"  "best af(x)+b"
1 63559.930251 63559.930251 63615.270251 63615.270251
2 63470.960821 63470.960821 63526.300821 63526.300821
6 63318.326724 63318.326724 63373.666724 63373.666724
21 28671.925963 28671.925963 28727.265963 28727.265963
22 28603.131167 28603.131167 28658.471167 28658.471167
25 28579.432545 28579.432545 28634.772545 28634.772545
29 28553.460708 28553.460708 28608.800708 28608.800708
31 5185.853245 5185.853245 5241.193245 5241.193245
32 5167.564572 5167.564572 5222.904572 5222.904572
33 5152.129576 5152.129576 5207.469576 5207.469576
71 4469.648798 4469.648798 4524.988798 4524.988798
78 4467.594914 4467.594914 4522.934914 4522.934914
80 4459.557186 4459.557186 4514.897186 4514.897186
91 246.791083 246.791083 302.131083 302.131083
92 244.798035 244.798035 300.138035 300.138035
94 244.702508 244.702508 300.042508 300.042508
665 216.873655 216.873655 272.213655 272.213655
1442 216.520372 216.520372 271.860372 271.860372
1444 216.491611 216.491611 271.831611 271.831611
1445 216.105176 216.105176 271.445176 271.445176
1448 216.085414 216.085414 271.425414 271.425414
1449 216.024922 216.024922 271.364922 271.364922
2033 177.150839 177.150839 232.490839 232.490839
2174 148.851320 148.851320 204.191320 204.191320
2892 147.695785 147.695785 203.035785 203.035785
2898 146.539619 146.539619 201.879619 201.879619
135000 32881.791678 146.539619 32881.791678 201.879619
"function evaluation" "current f(x)" "best-so-far f(x)" "current af(x)+b"  "best af(x)+b"
1 16700.729030 16700.729030 16756.069030 16756.069030
2 16690.745241 16690.745241 16746.085241 16746.085241
3 16621.291484 16621.291484 16676.631484 16676.631484
51 7210.190434 7210.190434 7265.530434 7265.530434
52 7205.432387 7205.432387 7260.772387 7260.772387
54 7193.002380 7193.002380 7248.342380 7248.342380
56 7176.622908 7176.622908 7231.962908 7231.962908
131 2293.673529 2293.673529 2349.013529 2349.013529
134 2286.672741 2286.672741 2342.012741 2342.012741
137 2283.134925 2283.134925 2338.474925 2338.474925
231 1821.716626 1821.716626 1877.056626 1877.056626
238 1819.566479 1819.566479 1874.906479 1874.906479
722 1339.201579 1339.201579 1394.541579 1394.541579
724 1012.977473 1012.977473 1068.317473 1068.317473
726 845.108009 845.108009 900.448009 900.448009
727 666.802641 666.802641 722.142641 722.142641
731 423.387491 423.387491 478.727491 478.727491
1481 422.121129 422.121129 477.461129 477.461129
1484 421.001218 421.001218 476.341218 476.341218
2232 315.449054 315.449054 370.789054 370.789054
2921 314.014111 314.014111 369.354111 369.354111
2924 313.746521 313.746521 369.086521 369.086521
2925 313.453024 313.453024 368.793024 368.793024
135000 17946.263542 313.453024 17946.263542 368.793024
"function evaluation" "current f(x)" "best-so-far f(x)" "current af(x)+b"  "best af(x)+b"
1 250430.019434 250430.019434 250485.359434 250485.359434
3 250118.592819 250118.592819 250173.932819 250173.932819
11 14362.907740 14362.907740 14418.247740 14418.247740
14 14362.071001 14362.071001 14417.411001 14417.411001
20 14342.982142 14342.982142 14398.322142 14398.322142
101 3316.665766 3316.665766 3372.005766 3372.005766
671 2480.446618 2480.446618 2535.786618 2535.786618
673 1674.777989 1674.777989 1730.117989 1730.117989
679 1473.583507 1473.583507 1528.923507 1528.923507
680 1207.336795 1207.336795 1262.676795 1262.676795
1451 1200.213597 1200.213597 1255.553597 1255.553597
1872 857.668324 857.668324 913.008324 913.008324
2365 291.805048 291.805048 347.145048 347.145048
2556 263.381492 263.381492 318.721492 318.721492
2669 217.340550 217.340550 272.680550 272.680550
2676 86.800526 86.800526 142.140526 142.140526
3181 85.901429 85.901429 141.241429 141.241429
3448 55.194802 55.194802 110.534802 110.534802
4191 55.044097 55.044097 110.384097 110.384097
4194 54.600791 54.600791 109.940791 109.940791
135000 34234.261615 54.600791 34234.261615 109.940791
"function evaluation" "current f(x)" "best-so-far f(x)" "current af(x)+b"  "best af(x)+b"
1 61991.305419 61991.305419 61900.975419 61900.975419
2 61851.209992 61851.209992 61760.879992 61760.879992
5 61694.539090 61694.539090 61604.209090 61604.209090
31 9998.723542 9998.723542 9908.393542 9908.393542
32 9954.542257 9954.542257 9864.212257 9864.212257
36 9932.930764 9932.930764 9842.600764 9842.600764
121 8112.713278 8112.713278 8022.383278 8022.383278
122 8076.865082 8076.865082 7986.535082 7986.535082
123 8067.490159 8067.490159 7977.160159 7977.160159
221 5788.349896 5788.349896 5698.019896 5698.019896
230 5782.551725 5782.551725 5692.221725 5692.221725
321 4535.662210 4535.662210 4445.332210 4445.332210
341 2775.808003 2775.808003 2685.478003 2685.478003
342 2769.274308 2769.274308 2678.944308 2678.944308
346 2763.034018 2763.034018 2672.704018 2672.704018
349 2759.384224 2759.384224 2669.054224 2669.054224
705 2501.996665 2501.996665 2411.666665 2411.666665
712 2255.622171 2255.622171 2165.292171 2165.292171
713 2111.087731 2111.087731 2020.757731 2020.757731
878 1704.042737 1704.042737 1613.712737 1613.712737
882 1632.709338 1632.709338 1542.379338 1542.379338
884 1114.863195 1114.863195 1024.533195 1024.533195
887 1057.676314 1057.676314 967.346314 967.346314
1087 1050.980781 1050.980781 960.650781 960.650781
1090 893.831252 893.831252 803.501252 803.501252
1691 892.279001 892.279001 801.949001 801.949001
1693 890.054542 890.054542 799.724542 799.724542
1699 888.849751 888.849751 798.519751 798.519751
1912 204.535742 204.535742 114.205742 114.205742
2732 204.497318 204.497318 114.167318 114.167318
2734 204.275296 204.275296 113.945296 113.945296
2735 203.872368 203.872368 113.542368 113.542368
2740 203.776496 203.776496 113.446496 113.446496
135000 51139.710087 203.776496 51139.710087 113.446496
"function evaluation" "current f(x)" "best-so-far f(x)" "current af(x)+b"  "best af(x)+b"
1 91961.834053 91961.834053 91871.504053 91871.504053
2 91860.717391 91860.717391 91770.387391 91770.387391
4 91731.485165 91731.485165 91641.155165 91641.155165
5 91722.774797 91722.774797 91632.444797 91632.444797
11 53937.883009 53937.883009 53847.553009 53847.553009
12 53847.205289 53847.205289 53756.875289 53756.875289
15 53692.652817 53692.652817 53602.322817 53602.322817
41 24297.331105 24297.331105 24207.001105 24207.001105
81 7939.279662 7939.279662 7848.949662 7848.949662
85 7914.088162 7914.088162 7823.758162 7823.758162
161 6703.609356 6703.609356 6613.279356 6613.279356
162 6632.141478 6632.141478 6541.811478 6541.811478
321 3038.657325 3038.657325 2948.327325 2948.327325
322 3029.363893 3029.363893 2939.033893 2939.033893
325 3024.103772 3024.103772 2933.773772 2933.773772
381 536.849612 536.849612 446.519612 446.519612
390 534.365266 534.365266 444.035266 444.035266
1147 531.696860 531.696860 441.366860 441.366860
1150 464.768173 464.768173 374.438173 374.438173
1151 187.158454 187.158454 96.828454 96.828454
1154 139.839223 139.839223 49.509223 49.509223
1731 138.277955 138.277955 47.947955 47.947955
135000 152062.930176 138.277955 152062.930176 47.947955
"function evaluation" "current f(x)" "best-so-far f(x)" "current af(x)+b"  "best af(x)+b"
1 32522.685660 32522.685660 32432.355660 32432.355660
6 32515.530428 32515.530428 32425.200428 32425.200428
41 26666.911700 26666.911700 26576.581700 26576.581700
42 26650.611831 26650.611831 26560.281831 26560.281831
44 26611.557751 26611.557751 26521.227751 26521.227751
45 26581.319181 26581.319181 26490.989181 26490.989181
71 4451.797665 4451.797665 4361.467665 4361.467665
76 4438.699550 4438.699550 4348.369550 4348.369550
620 2740.837743 2740.837743 2650.507743 2650.507743
623 1932.503879 1932.503879 1842.173879 1842.173879
624 1592.835555 1592.835555 1502.505555 1502.505555
1421 1591.736306 1591.736306 1501.406306 1501.406306
1423 1591.043644 1591.043644 1500.713644 1500.713644
1426 1589.296488 1589.296488 1498.966488 1498.966488
1430 1589.200977 1589.200977 1498.870977 1498.870977
1970 1264.185412 1264.185412 1173.855412 1173.855412
1974 962.461872 962.461872 872.131872 872.131872
1980 896.709571 896.709571 806.379571 806.379571
1983 592.712961 592.712961 502.382961 502.382961
2225 544.197737 544.197737 453.867737 453.867737
2227 492.765162 492.765162 402.435162 402.435162
2229 89.545455 89.545455 -0.784545 -0.784545
2921 89.030910 89.030910 -1.299090 -1.299090
2930 88.375770 88.375770 -1.954230 -1.954230
135000 51139.710087 88.375770 51139.710087 -1.954230
"function evaluation" "current f(x)" "best-so-far f(x)" "current af(x)+b"  "best af(x)+b"
1 4528.619670 4528.619670 4594.229670 4594.229670
3 4521.709691 4521.709691 4587.319691 4587.319691
9 4516.100058 4516.100058 4581.710058 4581.710058
281 3556.074285 3556.074285 3621.684285 3621.684285
284 3555.991489 3555.991489 3621.601489 3621.601489
285 3552.736251 3552.736251 3618.346251 3618.346251
287 3550.364775 3550.364775 3615.974775 3615.974775
289 3546.077605 3546.077605 3611.687605 3611.687605
301 1425.538071 1425.538071 1491.148071 1491.148071
304 1418.749315 1418.749315 1484.359315 1484.359315
310 1418.446092 1418.446092 1484.056092 1484.056092
451 1356.519456 1356.519456 1422.129456 1422.129456
452 1340.647149 1340.647149 1406.257149 1406.257149
824 950.645487 950.645487 1016.255487 1016.255487
979 725.567436 725.567436 791.177436 791.177436
1016 715.649063 715.649063 781.259063 781.259063
1023 639.846303 639.846303 705.456303 705.456303
1266 351.221783 351.221783 416.831783 416.831783
1277 301.684611 301.684611 367.294611 367.294611
1317 294.441879 294.441879 360.051879 360.051879
1319 267.502150 267.502150 333.112150 333.112150
1320 189.232900 189.232900 254.842900 254.842900
1831 188.847059 188.847059 254.457059 254.457059
1834 187.330260 187.330260 252.940260 252.940260
135000 18028.082275 187.330260 18028.082275 252.940260
"function evaluation" "current f(x)" "best-so-far f(x)" "current af(x)+b"  "best af(x)+b"
1 51513.014120 51513.014120 51578.624120 51578.624120
2 51193.786865 51193.786865 51259.396865 51259.396865
11 35169.237036 35169.237036 35234.847036 35234.847036
12 35151.196855 35151.196855 35216.806855 35216.806855
13 35100.095053 35100.095053 35165.705053 35165.705053
16 35098.347862 35098.347862 35163.957862 35163.957862
18 35070.200745 35070.200745 35135.810745 35135.810745
31 21660.267181 21660.267181 21725.877181 21725.877181
32 21614.324230 21614.324230 21679.934230 21679.934230
35 21609.282070 21609.282070 21674.892070 21674.892070
38 21574.530571 21574.530571 21640.140571 21640.140571
71 11018.726095 11018.726095 11084.336095 11084.336095
73 11011.632444 11011.632444 11077.242444 11077.242444
78 10978.503272 10978.503272 11044.113272 11044.113272
91 6880.696714 6880.696714 6946.306714 6946.306714
92 6831.274621 6831.274621 6896.884621 6896.884621
121 2298.947520 2298.947520 2364.557520 2364.557520
125 2295.728916 2295.728916 2361.338916 2361.338916
128 2293.485237 2293.485237 2359.095237 2359.095237
129 2289.578991 2289.578991 2355.188991 2355.188991
271 1222.294968 1222.294968 1287.904968 1287.904968
273 1220.265480 1220.265480 1285.875480 1285.875480
275 1219.812989 1219.812989 1285.422989 1285.422989
705 778.252069 778.252069 843.862069 843.862069
707 643.405040 643.405040 709.015040 709.015040
708 550.054769 550.054769 615.664769 615.664769
709 391.755323 391.755323 457.365323 457.365323
1472 391.653080 391.653080 457.263080 457.263080
1474 390.880863 390.880863 456.490863 456.490863
1478 389.817817 389.817817 455.427817 455.427817
1479 387.698622 387.698622 453.308622 453.308622
2033 156.880390 156.880390 222.490390 222.490390
2433 102.908286 102.908286 168.518286 168.518286
3042 102.736663 102.736663 168.346663 168.346663
3043 102.712898 102.712898 168.322898 168.322898
3046 102.482436 102.482436 168.092436 168.092436
3047 102.461896 102.461896 168.071896 168.071896
3050 101.301387 101.301387 166.911387 166.911387
135000 99775.826191 101.301387 99775.826191 166.911387
"function evaluation" "current f(x)" "best-so-far f(x)" "current af(x)+b"  "best af(x)+b"
1 41830.742249 41830.742249 41896.352249 41896.352249
2 41695.047308 41695.047308 41760.657308 41760.657308
4 41693.725254 41693.725254 41759.335254 41759.335254
5 41661.635917 41661.635917 41727.245917 41727.245917
21 26490.940885 26490.940885 26556.550885 26556.550885
22 26477.168989 26477.168989 26542.778989 26542.778989
23 26422.223118 26422.223118 26487.833118 26487.833118
27 26403.644772 26403.644772 26469.254772 26469.254772
41 2154.834865 2154.834865 2220.444865 2220.444865
42 2142.990483 2142.990483 2208.600483 2208.600483
47 2136.436408 2136.436408 2202.046408 2202.046408
569 335.067156 335.067156 400.677156 400.677156
1392 333.825091 333.825091 399.435091 399.435091
1397 331.623352 331.623352 397.233352 397.233352
1983 289.777406 289.777406 355.387406 355.387406
2040 230.346206 230.346206 295.956206 295.956206
2046 180.241758 180.241758 245.851758 245.851758
2811 178.985848 178.985848 244.595848 244.595848
135000 48150.534105 178.985848 48150.534105 244.595848
