"function evaluation" "current f(x)" "best-so-far f(x)" "current af(x)+b"  "best af(x)+b"
1 246.632903 246.632903 1246.632903 1246.632903
4 246.632575 246.632575 1246.632575 1246.632575
8 246.632222 246.632222 1246.632222 1246.632222
51 227.071124 227.071124 1227.071124 1227.071124
52 227.070801 227.070801 1227.070801 1227.070801
53 227.070496 227.070496 1227.070496 1227.070496
151 190.714984 190.714984 1190.714984 1190.714984
153 190.714382 190.714382 1190.714382 1190.714382
158 190.713292 190.713292 1190.713292 1190.713292
159 190.713199 190.713199 1190.713199 1190.713199
331 59.801471 59.801471 1059.801471 1059.801471
332 59.801350 59.801350 1059.801350 1059.801350
333 59.800793 59.800793 1059.800793 1059.800793
1064 59.221694 59.221694 1059.221694 1059.221694
1681 59.221323 59.221323 1059.221323 1059.221323
1683 59.220434 59.220434 1059.220434 1059.220434
1688 59.219867 59.219867 1059.219867 1059.219867
6278 58.273915 58.273915 1058.273915 1058.273915
6363 47.281413 47.281413 1047.281413 1047.281413
7021 47.281362 47.281362 1047.281362 1047.281362
7025 47.280727 47.280727 1047.280727 1047.280727
10330 42.849639 42.849639 1042.849639 1042.849639
11021 42.849407 42.849407 1042.849407 1042.849407
11025 42.849111 42.849111 1042.849111 1042.849111
11029 42.849092 42.849092 1042.849092 1042.849092
33371 32.391055 32.391055 1032.391055 1032.391055
34022 32.391016 32.391016 1032.391016 1032.391016
34024 32.390763 32.390763 1032.390763 1032.390763
34029 32.390740 32.390740 1032.390740 1032.390740
104655 31.601075 31.601075 1031.601075 1031.601075
105422 31.601039 31.601039 1031.601039 1031.601039
105423 31.600785 31.600785 1031.600785 1031.600785
105425 31.600520 31.600520 1031.600520 1031.600520
118438 26.507825 26.507825 1026.507825 1026.507825
119083 26.507297 26.507297 1026.507297 1026.507297
119088 26.506946 26.506946 1026.506946 1026.506946
135000 302.577094 26.506946 302.577094 1026.506946
"function evaluation" "current f(x)" "best-so-far f(x)" "current af(x)+b"  "best af(x)+b"
1 2364.971906 2364.971906 3364.971906 3364.971906
3 2364.970268 2364.970268 3364.970268 3364.970268
8 2364.967207 2364.967207 3364.967207 3364.967207
11 802.164455 802.164455 1802.164455 1802.164455
14 802.164019 802.164019 1802.164019 1802.164019
21 273.532074 273.532074 1273.532074 1273.532074
24 273.531632 273.531632 1273.531632 1273.531632
81 187.849963 187.849963 1187.849963 1187.849963
82 187.848939 187.848939 1187.848939 1187.848939
83 187.848622 187.848622 1187.848622 1187.848622
87 187.848550 187.848550 1187.848550 1187.848550
121 116.490024 116.490024 1116.490024 1116.490024
125 116.489948 116.489948 1116.489948 1116.489948
128 116.489378 116.489378 1116.489378 1116.489378
231 85.545149 85.545149 1085.545149 1085.545149
235 85.544734 85.544734 1085.544734 1085.544734
239 85.544191 85.544191 1085.544191 1085.544191
1990 83.830324 83.830324 1083.830324 1083.830324
2057 43.577984 43.577984 1043.577984 1043.577984
2821 43.577809 43.577809 1043.577809 1043.577809
2823 43.577667 43.577667 1043.577667 1043.577667
6005 42.939865 42.939865 1042.939865 1042.939865
6812 42.939495 42.939495 1042.939495 1042.939495
10484 39.710649 39.710649 1039.710649 1039.710649
11112 39.710433 39.710433 1039.710433 1039.710433
11113 39.710284 39.710284 1039.710284 1039.710284
11116 39.710152 39.710152 1039.710152 1039.710152
11119 39.710022 39.710022 1039.710022 1039.710022
55006 34.963184 34.963184 1034.963184 1034.963184
55643 34.963042 34.963042 1034.963042 1034.963042
55647 34.962943 34.962943 1034.962943 1034.962943
57782 31.543250 31.543250 1031.543250 1031.543250
58391 31.543162 31.543162 1031.543162 1031.543162
58394 31.542909 31.542909 1031.542909 1031.542909
58396 31.542840 31.542840 1031.542840 1031.542840
58400 31.542731 31.542731 1031.542731 1031.542731
68823 24.943892 24.943892 1024.943892 1024.943892
69331 24.943784 24.943784 1024.943784 1024.943784
69335 24.943762 24.943762 1024.943762 1024.943762
69337 24.943342 24.943342 1024.943342 1024.943342
69340 24.943232 24.943232 1024.943232 1024.943232
135000 146.599097 24.943232 146.599097 1024.943232
"function evaluation" "current f(x)" "best-so-far f(x)" "current af(x)+b"  "best af(x)+b"
1 868.129140 868.129140 1868.129140 1868.129140
2 868.128747 868.128747 1868.128747 1868.128747
4 868.127421 868.127421 1868.127421 1868.127421
11 368.221193 368.221193 1368.221193 1368.221193
12 368.221058 368.221058 1368.221058 1368.221058
16 368.221047 368.221047 1368.221047 1368.221047
18 368.220253 368.220253 1368.220253 1368.220253
31 323.655048 323.655048 1323.655048 1323.655048
34 323.654402 323.654402 1323.654402 1323.654402
91 152.576885 152.576885 1152.576885 1152.576885
92 152.575729 152.575729 1152.575729 1152.575729
96 152.575410 152.575410 1152.575410 1152.575410
97 152.575078 152.575078 1152.575078 1152.575078
141 108.956951 108.956951 1108.956951 1108.956951
142 108.956484 108.956484 1108.956484 1108.956484
144 108.956173 108.956173 1108.956173 1108.956173
147 108.955695 108.955695 1108.955695 1108.955695
739 79.694544 79.694544 1079.694544 1079.694544
749 74.154734 74.154734 1074.154734 1074.154734
1491 74.154665 74.154665 1074.154665 1074.154665
1494 74.154646 74.154646 1074.154646 1074.154646
1496 74.154165 74.154165 1074.154165 1074.154165
1498 74.154058 74.154058 1074.154058 1074.154058
2096 59.728070 59.728070 1059.728070 1059.728070
2174 57.715685 57.715685 1057.715685 1057.715685
2412 51.691345 51.691345 1051.691345 1051.691345
3031 51.691051 51.691051 1051.691051 1051.691051
3033 51.690946 51.690946 1051.690946 1051.690946
3038 51.690466 51.690466 1051.690466 1051.690466
4728 34.314600 34.314600 1034.314600 1034.314600
5501 34.314362 34.314362 1034.314362 1034.314362
5507 34.314125 34.314125 1034.314125 1034.314125
49282 34.058943 34.058943 1034.058943 1034.058943
50051 34.058857 34.058857 1034.058857 1034.058857
50054 34.058757 34.058757 1034.058757 1034.058757
50060 34.058672 34.058672 1034.058672 1034.058672
135000 121.046499 34.058672 121.046499 1034.058672
"function evaluation" "current f(x)" "best-so-far f(x)" "current af(x)+b"  "best af(x)+b"
1 162.662923 162.662923 232.692923 232.692923
2 162.662509 162.662509 232.692509 232.692509
5 162.662226 162.662226 232.692226 232.692226
7 162.662154 162.662154 232.692154 232.692154
91 102.923706 102.923706 172.953706 172.953706
92 102.923542 102.923542 172.953542 172.953542
94 102.923123 102.923123 172.953123 172.953123
98 102.922983 102.922983 172.952983 172.952983
141 80.419219 80.419219 150.449219 150.449219
381 74.939013 74.939013 144.969013 144.969013
382 74.938646 74.938646 144.968646 144.968646
384 74.938594 74.938594 144.968594 144.968594
386 74.938423 74.938423 144.968423 144.968423
741 74.664011 74.664011 144.694011 144.694011
742 69.020112 69.020112 139.050112 139.050112
745 60.080803 60.080803 130.110803 130.110803
750 57.996874 57.996874 128.026874 128.026874
767 51.759649 51.759649 121.789649 121.789649
1274 46.630562 46.630562 116.660562 116.660562
1801 46.630201 46.630201 116.660201 116.660201
1804 46.629727 46.629727 116.659727 116.659727
1807 46.629717 46.629717 116.659717 116.659717
135000 164.361958 46.629717 164.361958 116.659717
"function evaluation" "current f(x)" "best-so-far f(x)" "current af(x)+b"  "best af(x)+b"
1 275.494347 275.494347 345.524347 345.524347
2 275.493073 275.493073 345.523073 345.523073
11 118.958797 118.958797 188.988797 188.988797
16 118.958368 118.958368 188.988368 188.988368
20 118.958312 118.958312 188.988312 188.988312
221 106.593754 106.593754 176.623754 176.623754
222 106.593234 106.593234 176.623234 176.623234
225 106.593006 106.593006 176.623006 176.623006
227 106.592448 106.592448 176.622448 176.622448
331 88.318674 88.318674 158.348674 158.348674
332 88.318174 88.318174 158.348174 158.348174
334 88.318152 88.318152 158.348152 158.348152
338 88.317944 88.317944 158.347944 158.347944
879 79.338988 79.338988 149.368988 149.368988
881 63.034454 63.034454 133.064454 133.064454
1064 45.299624 45.299624 115.329624 115.329624
1069 44.295952 44.295952 114.325952 114.325952
1681 44.295282 44.295282 114.325282 114.325282
11939 32.608024 32.608024 102.638024 102.638024
12522 32.607746 32.607746 102.637746 102.637746
12525 32.607566 32.607566 102.637566 102.637566
12527 32.607529 32.607529 102.637529 102.637529
135000 285.797385 32.607529 285.797385 102.637529
"function evaluation" "current f(x)" "best-so-far f(x)" "current af(x)+b"  "best af(x)+b"
1 864.954614 864.954614 934.984614 934.984614
11 290.000383 290.000383 360.030383 360.030383
13 289.999609 289.999609 360.029609 360.029609
31 109.598040 109.598040 179.628040 179.628040
221 100.629860 100.629860 170.659860 170.659860
224 100.629607 100.629607 170.659607 170.659607
227 100.629047 100.629047 170.659047 170.659047
371 82.087555 82.087555 152.117555 152.117555
377 82.087363 82.087363 152.117363 152.117363
556 40.005188 40.005188 110.035188 110.035188
1381 40.004610 40.004610 110.034610 110.034610
123460 36.161463 36.161463 106.191463 106.191463
124261 36.161268 36.161268 106.191268 106.191268
135000 228.074696 36.161268 228.074696 106.191268
"function evaluation" "current f(x)" "best-so-far f(x)" "current af(x)+b"  "best af(x)+b"
1 228.961497 228.961497 180.741497 180.741497
7 228.961476 228.961476 180.741476 180.741476
9 228.961120 228.961120 180.741120 180.741120
21 192.707502 192.707502 144.487502 144.487502
23 192.707310 192.707310 144.487310 144.487310
91 144.691213 144.691213 96.471213 96.471213
93 144.690808 144.690808 96.470808 96.470808
98 144.690365 144.690365 96.470365 96.470365
181 83.484004 83.484004 35.264004 35.264004
184 83.483458 83.483458 35.263458 35.263458
187 83.483163 83.483163 35.263163 35.263163
261 71.241282 71.241282 23.021282 23.021282
262 71.240179 71.240179 23.020179 23.020179
263 71.239729 71.239729 23.019729 23.019729
807 69.985122 69.985122 21.765122 21.765122
819 66.441869 66.441869 18.221869 18.221869
1001 62.318755 62.318755 14.098755 14.098755
1642 62.318687 62.318687 14.098687 14.098687
1644 62.317911 62.317911 14.097911 14.097911
2161 56.784985 56.784985 8.564985 8.564985
2168 53.759105 53.759105 5.539105 5.539105
2432 53.522614 53.522614 5.302614 5.302614
2434 45.825515 45.825515 -2.394485 -2.394485
2441 30.703793 30.703793 -17.516207 -17.516207
3041 30.702822 30.702822 -17.517178 -17.517178
135000 288.788956 30.702822 288.788956 -17.517178
"function evaluation" "current f(x)" "best-so-far f(x)" "current af(x)+b"  "best af(x)+b"
1 407.342172 407.342172 359.122172 359.122172
2 407.341464 407.341464 359.121464 359.121464
4 407.341378 407.341378 359.121378 359.121378
5 407.340147 407.340147 359.120147 359.120147
11 298.546469 298.546469 250.326469 250.326469
14 298.546241 298.546241 250.326241 250.326241
20 298.546209 298.546209 250.326209 250.326209
21 192.121227 192.121227 143.901227 143.901227
23 192.120353 192.120353 143.900353 143.900353
81 130.722690 130.722690 82.502690 82.502690
82 130.721518 130.721518 82.501518 82.501518
83 130.721128 130.721128 82.501128 82.501128
381 77.222894 77.222894 29.002894 29.002894
384 77.222829 77.222829 29.002829 29.002829
387 77.222753 77.222753 29.002753 29.002753
1150 64.043905 64.043905 15.823905 15.823905
1152 56.640088 56.640088 8.420088 8.420088
1732 56.639815 56.639815 8.419815 8.419815
1734 56.639692 56.639692 8.419692 8.419692
1738 56.639573 56.639573 8.419573 8.419573
51075 50.729938 50.729938 2.509938 2.509938
51661 50.729661 50.729661 2.509661 2.509661
51667 50.729105 50.729105 2.509105 2.509105
122315 50.461881 50.461881 2.241881 2.241881
123032 50.461504 50.461504 2.241504 2.241504
123034 50.460669 50.460669 2.240669 2.240669
123040 50.460556 50.460556 2.240556 2.240556
135000 419.129032 50.460556 419.129032 2.240556
"function evaluation" "current f(x)" "best-so-far f(x)" "current af(x)+b"  "best af(x)+b"
1 158.233685 158.233685 110.013685 110.013685
10 158.233356 158.233356 110.013356 110.013356
71 114.758307 114.758307 66.538307 66.538307
74 114.758249 114.758249 66.538249 66.538249
131 82.621170 82.621170 34.401170 34.401170
132 82.620714 82.620714 34.400714 34.400714
133 82.619635 82.619635 34.399635 34.399635
201 69.143294 69.143294 20.923294 20.923294
202 69.142776 69.142776 20.922776 20.922776
206 69.142032 69.142032 20.922032 20.922032
210 69.141973 69.141973 20.921973 20.921973
471 52.564609 52.564609 4.344609 4.344609
472 52.563594 52.563594 4.343594 4.343594
473 52.563357 52.563357 4.343357 4.343357
724 52.533516 52.533516 4.313516 4.313516
733 47.631168 47.631168 -0.588832 -0.588832
1305 37.601938 37.601938 -10.618062 -10.618062
1822 37.601933 37.601933 -10.618067 -10.618067
1824 37.601616 37.601616 -10.618384 -10.618384
1826 37.601615 37.601615 -10.618385 -10.618385
1827 37.601181 37.601181 -10.618819 -10.618819
2203 31.624982 31.624982 -16.595018 -16.595018
2902 31.624684 31.624684 -16.595316 -16.595316
2903 31.624557 31.624557 -16.595443 -16.595443
135000 207.267415 31.624557 207.267415 -16.595443
"function evaluation" "current f(x)" "best-so-far f(x)" "current af(x)+b"  "best af(x)+b"
1 556.851713 556.851713 582.321713 582.321713
4 556.851061 556.851061 582.321061 582.321061
11 229.961238 229.961238 255.431238 255.431238
181 127.499902 127.499902 152.969902 152.969902
183 127.499565 127.499565 152.969565 152.969565
186 127.499552 127.499552 152.969552 152.969552
187 127.499501 127.499501 152.969501 152.969501
189 127.499279 127.499279 152.969279 152.969279
191 85.346431 85.346431 110.816431 110.816431
193 85.345752 85.345752 110.815752 110.815752
828 83.059763 83.059763 108.529763 108.529763
834 56.317603 56.317603 81.787603 81.787603
1542 56.317281 56.317281 81.787281 81.787281
1543 56.316319 56.316319 81.786319 81.786319
3286 54.730624 54.730624 80.200624 80.200624
4102 54.730155 54.730155 80.200155 80.200155
4107 54.729296 54.729296 80.199296 80.199296
56010 48.044712 48.044712 73.514712 73.514712
56791 48.044238 48.044238 73.514238 73.514238
135000 307.448644 48.044238 307.448644 73.514238
"function evaluation" "current f(x)" "best-so-far f(x)" "current af(x)+b"  "best af(x)+b"
1 493.628522 493.628522 519.098522 519.098522
3 493.627745 493.627745 519.097745 519.097745
11 354.821883 354.821883 380.291883 380.291883
12 354.821831 354.821831 380.291831 380.291831
13 354.821285 354.821285 380.291285 380.291285
61 110.172492 110.172492 135.642492 135.642492
62 110.171453 110.171453 135.641453 135.641453
63 110.171336 110.171336 135.641336 135.641336
68 110.170800 110.170800 135.640800 135.640800
151 63.529347 63.529347 88.999347 88.999347
152 63.528548 63.528548 88.998548 88.998548
158 63.528204 63.528204 88.998204 88.998204
613 53.529952 53.529952 78.999952 78.999952
615 46.723992 46.723992 72.193992 72.193992
1411 46.723913 46.723913 72.193913 72.193913
1413 46.723868 46.723868 72.193868 72.193868
1415 46.723659 46.723659 72.193659 72.193659
1418 46.723313 46.723313 72.193313 72.193313
135000 269.425983 46.723313 269.425983 72.193313
"function evaluation" "current f(x)" "best-so-far f(x)" "current af(x)+b"  "best af(x)+b"
1 256.912774 256.912774 282.382774 282.382774
2 256.912255 256.912255 282.382255 282.382255
4 256.912255 256.912255 282.382255 282.382255
7 256.911112 256.911112 282.381112 282.381112
41 179.262038 179.262038 204.732038 204.732038
43 179.262024 179.262024 204.732024 204.732024
45 179.261740 179.261740 204.731740 204.731740
81 169.995942 169.995942 195.465942 195.465942
82 169.995416 169.995416 195.465416 195.465416
83 169.994300 169.994300 195.464300 195.464300
101 160.627371 160.627371 186.097371 186.097371
102 160.626912 160.626912 186.096912 186.096912
104 160.626911 160.626911 186.096911 186.096911
109 160.626315 160.626315 186.096315 186.096315
481 97.089388 97.089388 122.559388 122.559388
484 97.088733 97.088733 122.558733 122.558733
1319 95.350685 95.350685 120.820685 120.820685
1324 83.818053 83.818053 109.288053 109.288053
1329 79.033815 79.033815 104.503815 104.503815
1832 79.033457 79.033457 104.503457 104.503457
1833 79.033374 79.033374 104.503374 104.503374
1838 79.032887 79.032887 104.502887 104.502887
2635 73.077939 73.077939 98.547939 98.547939
2672 60.165774 60.165774 85.635774 85.635774
3182 60.165364 60.165364 85.635364 85.635364
3186 60.165252 60.165252 85.635252 85.635252
6095 48.493111 48.493111 73.963111 73.963111
6863 48.492809 48.492809 73.962809 73.962809
35639 38.799722 38.799722 64.269722 64.269722
36472 38.799222 38.799222 64.269222 64.269222
36476 38.798798 38.798798 64.268798 64.268798
135000 243.371812 38.798798 243.371812 64.268798
"function evaluation" "current f(x)" "best-so-far f(x)" "current af(x)+b"  "best af(x)+b"
1 401.157232 401.157232 300.347232 300.347232
4 401.157164 401.157164 300.347164 300.347164
6 401.157001 401.157001 300.347001 300.347001
8 401.156608 401.156608 300.346608 300.346608
11 99.788801 99.788801 -1.021199 -1.021199
12 99.787430 99.787430 -1.022570 -1.022570
18 99.787283 99.787283 -1.022717 -1.022717
61 94.301718 94.301718 -6.508282 -6.508282
65 94.301554 94.301554 -6.508446 -6.508446
281 36.458812 36.458812 -64.351188 -64.351188
282 36.458469 36.458469 -64.351531 -64.351531
286 36.457455 36.457455 -64.352545 -64.352545
990 23.196784 23.196784 -77.613216 -77.613216
1631 23.196708 23.196708 -77.613292 -77.613292
1634 23.196267 23.196267 -77.613733 -77.613733
135000 398.667205 23.196267 398.667205 -77.613733
"function evaluation" "current f(x)" "best-so-far f(x)" "current af(x)+b"  "best af(x)+b"
1 202.901044 202.901044 102.091044 102.091044
4 202.900703 202.900703 102.090703 102.090703
6 202.900601 202.900601 102.090601 102.090601
31 187.170939 187.170939 86.360939 86.360939
34 187.170711 187.170711 86.360711 86.360711
38 187.170658 187.170658 86.360658 86.360658
61 144.066230 144.066230 43.256230 43.256230
62 144.065924 144.065924 43.255924 43.255924
64 144.065191 144.065191 43.255191 43.255191
271 132.540740 132.540740 31.730740 31.730740
274 132.540524 132.540524 31.730524 31.730524
279 132.540310 132.540310 31.730310 31.730310
301 125.957941 125.957941 25.147941 25.147941
304 125.957866 125.957866 25.147866 25.147866
305 125.955832 125.955832 25.145832 25.145832
321 68.570541 68.570541 -32.239459 -32.239459
323 68.569984 68.569984 -32.240016 -32.240016
1045 44.288434 44.288434 -56.521566 -56.521566
1055 32.549749 32.549749 -68.260251 -68.260251
1672 32.548967 32.548967 -68.261033 -68.261033
1676 32.548892 32.548892 -68.261108 -68.261108
135000 165.712970 32.548892 165.712970 -68.261108
"function evaluation" "current f(x)" "best-so-far f(x)" "current af(x)+b"  "best af(x)+b"
1 99.701987 99.701987 -1.108013 -1.108013
91 44.378593 44.378593 -56.431407 -56.431407
92 44.378582 44.378582 -56.431418 -56.431418
94 44.378435 44.378435 -56.431565 -56.431565
96 44.377765 44.377765 -56.432235 -56.432235
1291 30.229320 30.229320 -70.580680 -70.580680
1811 30.228830 30.228830 -70.581170 -70.581170
135000 398.667205 30.228830 398.667205 -70.581170
