"function evaluation" "current f(x)" "best-so-far f(x)" "current af(x)+b"  "best af(x)+b"
1 484.398320 484.398320 475.188320 475.188320
2 484.398300 484.398300 475.188300 475.188300
4 484.398299 484.398299 475.188299 475.188299
6 484.398297 484.398297 475.188297 475.188297
8 484.398295 484.398295 475.188295 475.188295
9 484.398294 484.398294 475.188294 475.188294
12 484.398291 484.398291 475.188291 475.188291
14 484.398289 484.398289 475.188289 475.188289
16 484.398286 484.398286 475.188286 475.188286
18 484.398283 484.398283 475.188283 475.188283
19 484.398280 484.398280 475.188280 475.188280
21 484.398276 484.398276 475.188276 475.188276
23 484.398272 484.398272 475.188272 475.188272
26 484.398267 484.398267 475.188267 475.188267
28 484.398261 484.398261 475.188261 475.188261
29 484.398255 484.398255 475.188255 475.188255
31 484.398248 484.398248 475.188248 475.188248
34 484.398240 484.398240 475.188240 475.188240
36 484.398231 484.398231 475.188231 475.188231
37 484.398221 484.398221 475.188221 475.188221
40 484.398210 484.398210 475.188210 475.188210
41 364.116643 364.116643 354.906643 354.906643
42 364.116623 364.116623 354.906623 354.906623
44 364.116622 364.116622 354.906622 354.906622
46 364.116620 364.116620 354.906620 354.906620
48 364.116618 364.116618 354.906618 354.906618
49 364.116617 364.116617 354.906617 354.906617
52 364.116615 364.116615 354.906615 354.906615
54 364.116612 364.116612 354.906612 354.906612
56 364.116610 364.116610 354.906610 354.906610
58 364.116607 364.116607 354.906607 354.906607
59 364.116603 364.116603 354.906603 354.906603
61 364.116599 364.116599 354.906599 354.906599
63 364.116595 364.116595 354.906595 354.906595
66 364.116590 364.116590 354.906590 354.906590
68 364.116585 364.116585 354.906585 354.906585
69 364.116578 364.116578 354.906578 354.906578
71 364.116571 364.116571 354.906571 354.906571
74 364.116563 364.116563 354.906563 354.906563
76 364.116554 364.116554 354.906554 354.906554
77 364.116544 364.116544 354.906544 354.906544
80 364.116533 364.116533 354.906533 354.906533
361 230.249630 230.249630 221.039630 221.039630
362 230.249610 230.249610 221.039610 221.039610
364 230.249609 230.249609 221.039609 221.039609
366 230.249607 230.249607 221.039607 221.039607
368 230.249606 230.249606 221.039606 221.039606
369 230.249604 230.249604 221.039604 221.039604
372 230.249602 230.249602 221.039602 221.039602
374 230.249600 230.249600 221.039600 221.039600
376 230.249597 230.249597 221.039597 221.039597
378 230.249594 230.249594 221.039594 221.039594
379 230.249590 230.249590 221.039590 221.039590
381 230.249587 230.249587 221.039587 221.039587
383 230.249582 230.249582 221.039582 221.039582
386 230.249577 230.249577 221.039577 221.039577
388 230.249572 230.249572 221.039572 221.039572
389 230.249566 230.249566 221.039566 221.039566
391 230.249559 230.249559 221.039559 221.039559
394 230.249551 230.249551 221.039551 221.039551
396 230.249542 230.249542 221.039542 221.039542
397 230.249532 230.249532 221.039532 221.039532
400 230.249520 230.249520 221.039520 221.039520
270000 247915831568500822787099601547811854225595642622410453885648896.000000 230.249520 247915831568500822787099601547811854225595642622410453885648896.000000 221.039520
"function evaluation" "current f(x)" "best-so-far f(x)" "current af(x)+b"  "best af(x)+b"
1 374.168469 374.168469 364.958469 364.958469
2 374.168449 374.168449 364.958449 364.958449
4 374.168448 374.168448 364.958448 364.958448
6 374.168447 374.168447 364.958447 364.958447
8 374.168445 374.168445 364.958445 364.958445
9 374.168443 374.168443 364.958443 364.958443
12 374.168441 374.168441 364.958441 364.958441
14 374.168439 374.168439 364.958439 364.958439
16 374.168436 374.168436 364.958436 364.958436
18 374.168433 374.168433 364.958433 364.958433
19 374.168430 374.168430 364.958430 364.958430
21 374.168426 374.168426 364.958426 364.958426
23 374.168421 374.168421 364.958421 364.958421
26 374.168417 374.168417 364.958417 364.958417
28 374.168411 374.168411 364.958411 364.958411
29 374.168405 374.168405 364.958405 364.958405
31 374.168398 374.168398 364.958398 364.958398
34 374.168390 374.168390 364.958390 364.958390
36 374.168381 374.168381 364.958381 364.958381
37 374.168371 374.168371 364.958371 364.958371
40 374.168359 374.168359 364.958359 364.958359
41 338.404319 338.404319 329.194319 329.194319
42 338.404299 338.404299 329.194299 329.194299
44 338.404298 338.404298 329.194298 329.194298
46 338.404296 338.404296 329.194296 329.194296
48 338.404295 338.404295 329.194295 329.194295
49 338.404293 338.404293 329.194293 329.194293
52 338.404291 338.404291 329.194291 329.194291
54 338.404288 338.404288 329.194288 329.194288
56 338.404286 338.404286 329.194286 329.194286
58 338.404283 338.404283 329.194283 329.194283
59 338.404279 338.404279 329.194279 329.194279
61 338.404275 338.404275 329.194275 329.194275
63 338.404271 338.404271 329.194271 329.194271
66 338.404266 338.404266 329.194266 329.194266
68 338.404261 338.404261 329.194261 329.194261
69 338.404254 338.404254 329.194254 329.194254
71 338.404247 338.404247 329.194247 329.194247
74 338.404239 338.404239 329.194239 329.194239
76 338.404231 338.404231 329.194231 329.194231
77 338.404220 338.404220 329.194220 329.194220
80 338.404209 338.404209 329.194209 329.194209
921 316.198756 316.198756 306.988756 306.988756
922 316.198736 316.198736 306.988736 306.988736
924 316.198734 316.198734 306.988734 306.988734
926 316.198733 316.198733 306.988733 306.988733
928 316.198731 316.198731 306.988731 306.988731
929 316.198729 316.198729 306.988729 306.988729
932 316.198727 316.198727 306.988727 306.988727
934 316.198725 316.198725 306.988725 306.988725
936 316.198722 316.198722 306.988722 306.988722
938 316.198719 316.198719 306.988719 306.988719
939 316.198716 316.198716 306.988716 306.988716
941 316.198712 316.198712 306.988712 306.988712
943 316.198708 316.198708 306.988708 306.988708
946 316.198703 316.198703 306.988703 306.988703
948 316.198697 316.198697 306.988697 306.988697
949 316.198691 316.198691 306.988691 306.988691
951 316.198684 316.198684 306.988684 306.988684
954 316.198676 316.198676 306.988676 306.988676
956 316.198667 316.198667 306.988667 306.988667
957 316.198657 316.198657 306.988657 306.988657
960 316.198646 316.198646 306.988646 306.988646
1481 307.400468 307.400468 298.190468 298.190468
1482 307.400448 307.400448 298.190448 298.190448
1484 307.400446 307.400446 298.190446 298.190446
1486 307.400445 307.400445 298.190445 298.190445
1488 307.400443 307.400443 298.190443 298.190443
1489 307.400442 307.400442 298.190442 298.190442
1492 307.400439 307.400439 298.190439 298.190439
1494 307.400437 307.400437 298.190437 298.190437
1496 307.400434 307.400434 298.190434 298.190434
1498 307.400431 307.400431 298.190431 298.190431
1499 307.400428 307.400428 298.190428 298.190428
1501 307.400424 307.400424 298.190424 298.190424
1503 307.400420 307.400420 298.190420 298.190420
1506 307.400415 307.400415 298.190415 298.190415
1508 307.400409 307.400409 298.190409 298.190409
1509 307.400403 307.400403 298.190403 298.190403
1511 307.400396 307.400396 298.190396 298.190396
1514 307.400388 307.400388 298.190388 298.190388
1516 307.400379 307.400379 298.190379 298.190379
1517 307.400369 307.400369 298.190369 298.190369
1520 307.400358 307.400358 298.190358 298.190358
270000 271649354492675493545226111586847426831061835843201489533140992.000000 307.400358 271649354492675493545226111586847426831061835843201489533140992.000000 298.190358
"function evaluation" "current f(x)" "best-so-far f(x)" "current af(x)+b"  "best af(x)+b"
1 387.218624 387.218624 378.008624 378.008624
2 387.218604 387.218604 378.008604 378.008604
4 387.218603 387.218603 378.008603 378.008603
6 387.218602 387.218602 378.008602 378.008602
8 387.218600 387.218600 378.008600 378.008600
9 387.218598 387.218598 378.008598 378.008598
12 387.218596 387.218596 378.008596 378.008596
14 387.218594 387.218594 378.008594 378.008594
16 387.218591 387.218591 378.008591 378.008591
18 387.218588 387.218588 378.008588 378.008588
19 387.218585 387.218585 378.008585 378.008585
21 387.218581 387.218581 378.008581 378.008581
23 387.218577 387.218577 378.008577 378.008577
26 387.218572 387.218572 378.008572 378.008572
28 387.218566 387.218566 378.008566 378.008566
29 387.218560 387.218560 378.008560 378.008560
31 387.218553 387.218553 378.008553 378.008553
34 387.218545 387.218545 378.008545 378.008545
36 387.218536 387.218536 378.008536 378.008536
37 387.218526 387.218526 378.008526 378.008526
40 387.218514 387.218514 378.008514 378.008514
81 374.507613 374.507613 365.297613 365.297613
82 374.507593 374.507593 365.297593 365.297593
84 374.507592 374.507592 365.297592 365.297592
86 374.507590 374.507590 365.297590 365.297590
88 374.507589 374.507589 365.297589 365.297589
89 374.507587 374.507587 365.297587 365.297587
92 374.507585 374.507585 365.297585 365.297585
94 374.507582 374.507582 365.297582 365.297582
96 374.507580 374.507580 365.297580 365.297580
98 374.507577 374.507577 365.297577 365.297577
99 374.507573 374.507573 365.297573 365.297573
101 374.507569 374.507569 365.297569 365.297569
103 374.507565 374.507565 365.297565 365.297565
106 374.507560 374.507560 365.297560 365.297560
108 374.507555 374.507555 365.297555 365.297555
109 374.507549 374.507549 365.297549 365.297549
111 374.507541 374.507541 365.297541 365.297541
114 374.507534 374.507534 365.297534 365.297534
116 374.507525 374.507525 365.297525 365.297525
117 374.507514 374.507514 365.297514 365.297514
120 374.507503 374.507503 365.297503 365.297503
281 367.934578 367.934578 358.724578 358.724578
282 367.934558 367.934558 358.724558 358.724558
284 367.934557 367.934557 358.724557 358.724557
286 367.934556 367.934556 358.724556 358.724556
288 367.934554 367.934554 358.724554 358.724554
289 367.934552 367.934552 358.724552 358.724552
292 367.934550 367.934550 358.724550 358.724550
294 367.934548 367.934548 358.724548 358.724548
296 367.934545 367.934545 358.724545 358.724545
298 367.934542 367.934542 358.724542 358.724542
299 367.934539 367.934539 358.724539 358.724539
301 367.934535 367.934535 358.724535 358.724535
303 367.934531 367.934531 358.724531 358.724531
306 367.934526 367.934526 358.724526 358.724526
308 367.934520 367.934520 358.724520 358.724520
309 367.934514 367.934514 358.724514 358.724514
311 367.934507 367.934507 358.724507 358.724507
314 367.934499 367.934499 358.724499 358.724499
316 367.934490 367.934490 358.724490 358.724490
317 367.934480 367.934480 358.724480 358.724480
320 367.934468 367.934468 358.724468 358.724468
321 310.793053 310.793053 301.583053 301.583053
322 310.793033 310.793033 301.583033 301.583033
324 310.793032 310.793032 301.583032 301.583032
326 310.793030 310.793030 301.583030 301.583030
328 310.793029 310.793029 301.583029 301.583029
329 310.793027 310.793027 301.583027 301.583027
332 310.793025 310.793025 301.583025 301.583025
334 310.793022 310.793022 301.583022 301.583022
336 310.793020 310.793020 301.583020 301.583020
338 310.793017 310.793017 301.583017 301.583017
339 310.793013 310.793013 301.583013 301.583013
341 310.793009 310.793009 301.583009 301.583009
343 310.793005 310.793005 301.583005 301.583005
346 310.793000 310.793000 301.583000 301.583000
348 310.792995 310.792995 301.582995 301.582995
349 310.792989 310.792989 301.582989 301.582989
351 310.792981 310.792981 301.582981 301.582981
354 310.792974 310.792974 301.582974 301.582974
356 310.792965 310.792965 301.582965 301.582965
357 310.792954 310.792954 301.582954 301.582954
360 310.792943 310.792943 301.582943 301.582943
481 276.026705 276.026705 266.816705 266.816705
482 276.026685 276.026685 266.816685 266.816685
484 276.026684 276.026684 266.816684 266.816684
486 276.026682 276.026682 266.816682 266.816682
488 276.026681 276.026681 266.816681 266.816681
489 276.026679 276.026679 266.816679 266.816679
492 276.026677 276.026677 266.816677 266.816677
494 276.026674 276.026674 266.816674 266.816674
496 276.026672 276.026672 266.816672 266.816672
498 276.026669 276.026669 266.816669 266.816669
499 276.026665 276.026665 266.816665 266.816665
501 276.026661 276.026661 266.816661 266.816661
503 276.026657 276.026657 266.816657 266.816657
506 276.026652 276.026652 266.816652 266.816652
508 276.026647 276.026647 266.816647 266.816647
509 276.026640 276.026640 266.816640 266.816640
511 276.026633 276.026633 266.816633 266.816633
514 276.026625 276.026625 266.816625 266.816625
516 276.026617 276.026617 266.816617 266.816617
517 276.026606 276.026606 266.816606 266.816606
520 276.026595 276.026595 266.816595 266.816595
270000 209117895406523047281609193651542056974654432057550603202592768.000000 276.026595 209117895406523047281609193651542056974654432057550603202592768.000000 266.816595
"function evaluation" "current f(x)" "best-so-far f(x)" "current af(x)+b"  "best af(x)+b"
1 414.024312 414.024312 1070.014312 1070.014312
2 414.024292 414.024292 1070.014292 1070.014292
3 414.024291 414.024291 1070.014291 1070.014291
5 414.024290 414.024290 1070.014290 1070.014290
8 414.024288 414.024288 1070.014288 1070.014288
9 414.024286 414.024286 1070.014286 1070.014286
11 414.024284 414.024284 1070.014284 1070.014284
13 414.024282 414.024282 1070.014282 1070.014282
16 414.024279 414.024279 1070.014279 1070.014279
17 414.024276 414.024276 1070.014276 1070.014276
19 414.024273 414.024273 1070.014273 1070.014273
22 414.024269 414.024269 1070.014269 1070.014269
24 414.024264 414.024264 1070.014264 1070.014264
26 414.024260 414.024260 1070.014260 1070.014260
27 414.024254 414.024254 1070.014254 1070.014254
30 414.024248 414.024248 1070.014248 1070.014248
32 414.024241 414.024241 1070.014241 1070.014241
33 414.024233 414.024233 1070.014233 1070.014233
35 414.024224 414.024224 1070.014224 1070.014224
38 414.024214 414.024214 1070.014214 1070.014214
40 414.024202 414.024202 1070.014202 1070.014202
121 359.831170 359.831170 1015.821170 1015.821170
122 359.831150 359.831150 1015.821150 1015.821150
123 359.831149 359.831149 1015.821149 1015.821149
125 359.831147 359.831147 1015.821147 1015.821147
128 359.831146 359.831146 1015.821146 1015.821146
129 359.831144 359.831144 1015.821144 1015.821144
131 359.831142 359.831142 1015.821142 1015.821142
133 359.831139 359.831139 1015.821139 1015.821139
136 359.831137 359.831137 1015.821137 1015.821137
137 359.831134 359.831134 1015.821134 1015.821134
139 359.831130 359.831130 1015.821130 1015.821130
142 359.831126 359.831126 1015.821126 1015.821126
144 359.831122 359.831122 1015.821122 1015.821122
146 359.831117 359.831117 1015.821117 1015.821117
147 359.831112 359.831112 1015.821112 1015.821112
150 359.831105 359.831105 1015.821105 1015.821105
152 359.831098 359.831098 1015.821098 1015.821098
153 359.831091 359.831091 1015.821091 1015.821091
155 359.831082 359.831082 1015.821082 1015.821082
158 359.831071 359.831071 1015.821071 1015.821071
160 359.831060 359.831060 1015.821060 1015.821060
321 346.023877 346.023877 1002.013877 1002.013877
322 346.023857 346.023857 1002.013857 1002.013857
323 346.023856 346.023856 1002.013856 1002.013856
325 346.023855 346.023855 1002.013855 1002.013855
328 346.023853 346.023853 1002.013853 1002.013853
329 346.023851 346.023851 1002.013851 1002.013851
331 346.023849 346.023849 1002.013849 1002.013849
333 346.023847 346.023847 1002.013847 1002.013847
336 346.023844 346.023844 1002.013844 1002.013844
337 346.023841 346.023841 1002.013841 1002.013841
339 346.023838 346.023838 1002.013838 1002.013838
342 346.023834 346.023834 1002.013834 1002.013834
344 346.023829 346.023829 1002.013829 1002.013829
346 346.023825 346.023825 1002.013825 1002.013825
347 346.023819 346.023819 1002.013819 1002.013819
350 346.023813 346.023813 1002.013813 1002.013813
352 346.023806 346.023806 1002.013806 1002.013806
353 346.023798 346.023798 1002.013798 1002.013798
355 346.023789 346.023789 1002.013789 1002.013789
358 346.023779 346.023779 1002.013779 1002.013779
360 346.023767 346.023767 1002.013767 1002.013767
361 324.866130 324.866130 980.856130 980.856130
362 324.866110 324.866110 980.856110 980.856110
363 324.866108 324.866108 980.856108 980.856108
365 324.866107 324.866107 980.856107 980.856107
368 324.866105 324.866105 980.856105 980.856105
369 324.866103 324.866103 980.856103 980.856103
371 324.866101 324.866101 980.856101 980.856101
373 324.866099 324.866099 980.856099 980.856099
376 324.866096 324.866096 980.856096 980.856096
377 324.866093 324.866093 980.856093 980.856093
379 324.866090 324.866090 980.856090 980.856090
382 324.866086 324.866086 980.856086 980.856086
384 324.866082 324.866082 980.856082 980.856082
386 324.866077 324.866077 980.856077 980.856077
387 324.866071 324.866071 980.856071 980.856071
390 324.866065 324.866065 980.856065 980.856065
392 324.866058 324.866058 980.856058 980.856058
393 324.866050 324.866050 980.856050 980.856050
395 324.866041 324.866041 980.856041 980.856041
398 324.866031 324.866031 980.856031 980.856031
400 324.866020 324.866020 980.856020 980.856020
761 319.241266 319.241266 975.231266 975.231266
762 319.241246 319.241246 975.231246 975.231246
763 319.241245 319.241245 975.231245 975.231245
765 319.241244 319.241244 975.231244 975.231244
768 319.241242 319.241242 975.231242 975.231242
769 319.241240 319.241240 975.231240 975.231240
771 319.241238 319.241238 975.231238 975.231238
773 319.241236 319.241236 975.231236 975.231236
776 319.241233 319.241233 975.231233 975.231233
777 319.241230 319.241230 975.231230 975.231230
779 319.241226 319.241226 975.231226 975.231226
782 319.241223 319.241223 975.231223 975.231223
784 319.241218 319.241218 975.231218 975.231218
786 319.241213 319.241213 975.231213 975.231213
787 319.241208 319.241208 975.231208 975.231208
790 319.241202 319.241202 975.231202 975.231202
792 319.241195 319.241195 975.231195 975.231195
793 319.241187 319.241187 975.231187 975.231187
795 319.241178 319.241178 975.231178 975.231178
798 319.241168 319.241168 975.231168 975.231168
800 319.241156 319.241156 975.231156 975.231156
1241 270.826489 270.826489 926.816489 926.816489
1242 270.826469 270.826469 926.816469 926.816469
1243 270.826468 270.826468 926.816468 926.816468
1245 270.826466 270.826466 926.816466 926.816466
1248 270.826465 270.826465 926.816465 926.816465
1249 270.826463 270.826463 926.816463 926.816463
1251 270.826461 270.826461 926.816461 926.816461
1253 270.826458 270.826458 926.816458 926.816458
1256 270.826456 270.826456 926.816456 926.816456
1257 270.826453 270.826453 926.816453 926.816453
1259 270.826449 270.826449 926.816449 926.816449
1262 270.826445 270.826445 926.816445 926.816445
1264 270.826441 270.826441 926.816441 926.816441
1266 270.826436 270.826436 926.816436 926.816436
1267 270.826431 270.826431 926.816431 926.816431
1270 270.826424 270.826424 926.816424 926.816424
1272 270.826417 270.826417 926.816417 926.816417
1273 270.826410 270.826410 926.816410 926.816410
1275 270.826401 270.826401 926.816401 926.816401
1278 270.826390 270.826390 926.816390 926.816390
1280 270.826379 270.826379 926.816379 926.816379
1441 230.128139 230.128139 886.118139 886.118139
1442 230.128119 230.128119 886.118119 886.118119
1443 230.128117 230.128117 886.118117 886.118117
1445 230.128116 230.128116 886.118116 886.118116
1448 230.128114 230.128114 886.118114 886.118114
1449 230.128112 230.128112 886.118112 886.118112
1451 230.128110 230.128110 886.118110 886.118110
1453 230.128108 230.128108 886.118108 886.118108
1456 230.128105 230.128105 886.118105 886.118105
1457 230.128102 230.128102 886.118102 886.118102
1459 230.128099 230.128099 886.118099 886.118099
1462 230.128095 230.128095 886.118095 886.118095
1464 230.128091 230.128091 886.118091 886.118091
1466 230.128086 230.128086 886.118086 886.118086
1467 230.128080 230.128080 886.118080 886.118080
1470 230.128074 230.128074 886.118074 886.118074
1472 230.128067 230.128067 886.118067 886.118067
1473 230.128059 230.128059 886.118059 886.118059
1475 230.128050 230.128050 886.118050 886.118050
1478 230.128040 230.128040 886.118040 886.118040
1480 230.128029 230.128029 886.118029 886.118029
270000 316628899404548511890476407737193467426740314707469004903022592.000000 230.128029 316628899404548511890476407737193467426740314707469004903022592.000000 886.118029
"function evaluation" "current f(x)" "best-so-far f(x)" "current af(x)+b"  "best af(x)+b"
1 423.237476 423.237476 1079.227476 1079.227476
2 423.237456 423.237456 1079.227456 1079.227456
3 423.237455 423.237455 1079.227455 1079.227455
5 423.237454 423.237454 1079.227454 1079.227454
8 423.237452 423.237452 1079.227452 1079.227452
9 423.237450 423.237450 1079.227450 1079.227450
11 423.237448 423.237448 1079.227448 1079.227448
13 423.237446 423.237446 1079.227446 1079.227446
16 423.237443 423.237443 1079.227443 1079.227443
17 423.237440 423.237440 1079.227440 1079.227440
19 423.237437 423.237437 1079.227437 1079.227437
22 423.237433 423.237433 1079.227433 1079.227433
24 423.237428 423.237428 1079.227428 1079.227428
26 423.237424 423.237424 1079.227424 1079.227424
27 423.237418 423.237418 1079.227418 1079.227418
30 423.237412 423.237412 1079.227412 1079.227412
32 423.237405 423.237405 1079.227405 1079.227405
33 423.237397 423.237397 1079.227397 1079.227397
35 423.237388 423.237388 1079.227388 1079.227388
38 423.237378 423.237378 1079.227378 1079.227378
40 423.237366 423.237366 1079.227366 1079.227366
41 320.969146 320.969146 976.959146 976.959146
42 320.969126 320.969126 976.959126 976.959126
43 320.969125 320.969125 976.959125 976.959125
45 320.969123 320.969123 976.959123 976.959123
48 320.969122 320.969122 976.959122 976.959122
49 320.969120 320.969120 976.959120 976.959120
51 320.969118 320.969118 976.959118 976.959118
53 320.969115 320.969115 976.959115 976.959115
56 320.969113 320.969113 976.959113 976.959113
57 320.969110 320.969110 976.959110 976.959110
59 320.969106 320.969106 976.959106 976.959106
62 320.969102 320.969102 976.959102 976.959102
64 320.969098 320.969098 976.959098 976.959098
66 320.969093 320.969093 976.959093 976.959093
67 320.969088 320.969088 976.959088 976.959088
70 320.969081 320.969081 976.959081 976.959081
72 320.969074 320.969074 976.959074 976.959074
73 320.969066 320.969066 976.959066 976.959066
75 320.969057 320.969057 976.959057 976.959057
78 320.969047 320.969047 976.959047 976.959047
80 320.969036 320.969036 976.959036 976.959036
1201 272.390020 272.390020 928.380020 928.380020
1202 272.390000 272.390000 928.380000 928.380000
1203 272.389999 272.389999 928.379999 928.379999
1205 272.389997 272.389997 928.379997 928.379997
1208 272.389996 272.389996 928.379996 928.379996
1209 272.389994 272.389994 928.379994 928.379994
1211 272.389992 272.389992 928.379992 928.379992
1213 272.389989 272.389989 928.379989 928.379989
1216 272.389987 272.389987 928.379987 928.379987
1217 272.389984 272.389984 928.379984 928.379984
1219 272.389980 272.389980 928.379980 928.379980
1222 272.389976 272.389976 928.379976 928.379976
1224 272.389972 272.389972 928.379972 928.379972
1226 272.389967 272.389967 928.379967 928.379967
1227 272.389962 272.389962 928.379962 928.379962
1230 272.389955 272.389955 928.379955 928.379955
1232 272.389948 272.389948 928.379948 928.379948
1233 272.389941 272.389941 928.379941 928.379941
1235 272.389932 272.389932 928.379932 928.379932
1238 272.389921 272.389921 928.379921 928.379921
1240 272.389910 272.389910 928.379910 928.379910
1401 258.613107 258.613107 914.603107 914.603107
1402 258.613087 258.613087 914.603087 914.603087
1403 258.613086 258.613086 914.603086 914.603086
1405 258.613084 258.613084 914.603084 914.603084
1408 258.613083 258.613083 914.603083 914.603083
1409 258.613081 258.613081 914.603081 914.603081
1411 258.613079 258.613079 914.603079 914.603079
1413 258.613076 258.613076 914.603076 914.603076
1416 258.613074 258.613074 914.603074 914.603074
1417 258.613071 258.613071 914.603071 914.603071
1419 258.613067 258.613067 914.603067 914.603067
1422 258.613063 258.613063 914.603063 914.603063
1424 258.613059 258.613059 914.603059 914.603059
1426 258.613054 258.613054 914.603054 914.603054
1427 258.613049 258.613049 914.603049 914.603049
1430 258.613042 258.613042 914.603042 914.603042
1432 258.613035 258.613035 914.603035 914.603035
1433 258.613028 258.613028 914.603028 914.603028
1435 258.613019 258.613019 914.603019 914.603019
1438 258.613008 258.613008 914.603008 914.603008
1440 258.612997 258.612997 914.602997 914.602997
270000 299528435969126841753351362741578573443898477662278368391856128.000000 258.612997 299528435969126841753351362741578573443898477662278368391856128.000000 914.602997
"function evaluation" "current f(x)" "best-so-far f(x)" "current af(x)+b"  "best af(x)+b"
1 315.811914 315.811914 971.801914 971.801914
2 315.811894 315.811894 971.801894 971.801894
3 315.811893 315.811893 971.801893 971.801893
5 315.811892 315.811892 971.801892 971.801892
8 315.811890 315.811890 971.801890 971.801890
9 315.811888 315.811888 971.801888 971.801888
11 315.811886 315.811886 971.801886 971.801886
13 315.811884 315.811884 971.801884 971.801884
16 315.811881 315.811881 971.801881 971.801881
17 315.811878 315.811878 971.801878 971.801878
19 315.811875 315.811875 971.801875 971.801875
22 315.811871 315.811871 971.801871 971.801871
24 315.811867 315.811867 971.801867 971.801867
26 315.811862 315.811862 971.801862 971.801862
27 315.811856 315.811856 971.801856 971.801856
30 315.811850 315.811850 971.801850 971.801850
32 315.811843 315.811843 971.801843 971.801843
33 315.811835 315.811835 971.801835 971.801835
35 315.811826 315.811826 971.801826 971.801826
38 315.811816 315.811816 971.801816 971.801816
40 315.811804 315.811804 971.801804 971.801804
121 290.218169 290.218169 946.208169 946.208169
122 290.218149 290.218149 946.208149 946.208149
123 290.218148 290.218148 946.208148 946.208148
125 290.218146 290.218146 946.208146 946.208146
128 290.218145 290.218145 946.208145 946.208145
129 290.218143 290.218143 946.208143 946.208143
131 290.218141 290.218141 946.208141 946.208141
133 290.218138 290.218138 946.208138 946.208138
136 290.218136 290.218136 946.208136 946.208136
137 290.218133 290.218133 946.208133 946.208133
139 290.218129 290.218129 946.208129 946.208129
142 290.218125 290.218125 946.208125 946.208125
144 290.218121 290.218121 946.208121 946.208121
146 290.218116 290.218116 946.208116 946.208116
147 290.218111 290.218111 946.208111 946.208111
150 290.218104 290.218104 946.208104 946.208104
152 290.218097 290.218097 946.208097 946.208097
153 290.218089 290.218089 946.208089 946.208089
155 290.218080 290.218080 946.208080 946.208080
158 290.218070 290.218070 946.208070 946.208070
160 290.218059 290.218059 946.208059 946.208059
1481 284.708088 284.708088 940.698088 940.698088
1482 284.708068 284.708068 940.698068 940.698068
1483 284.708066 284.708066 940.698066 940.698066
1485 284.708065 284.708065 940.698065 940.698065
1488 284.708063 284.708063 940.698063 940.698063
1489 284.708061 284.708061 940.698061 940.698061
1491 284.708059 284.708059 940.698059 940.698059
1493 284.708057 284.708057 940.698057 940.698057
1496 284.708054 284.708054 940.698054 940.698054
1497 284.708051 284.708051 940.698051 940.698051
1499 284.708048 284.708048 940.698048 940.698048
1502 284.708044 284.708044 940.698044 940.698044
1504 284.708040 284.708040 940.698040 940.698040
1506 284.708035 284.708035 940.698035 940.698035
1507 284.708029 284.708029 940.698029 940.698029
1510 284.708023 284.708023 940.698023 940.698023
1512 284.708016 284.708016 940.698016 940.698016
1513 284.708008 284.708008 940.698008 940.698008
1515 284.707999 284.707999 940.697999 940.697999
1518 284.707989 284.707989 940.697989 940.697989
1520 284.707978 284.707978 940.697978 940.697978
270000 244044335178917140290004083440668192597971390061779729241866240.000000 284.707978 244044335178917140290004083440668192597971390061779729241866240.000000 940.697978
"function evaluation" "current f(x)" "best-so-far f(x)" "current af(x)+b"  "best af(x)+b"
1 419.153096 419.153096 485.863096 485.863096
3 419.153094 419.153094 485.863094 485.863094
5 419.153093 419.153093 485.863093 485.863093
8 419.153091 419.153091 485.863091 485.863091
9 419.153089 419.153089 485.863089 485.863089
12 419.153087 419.153087 485.863087 485.863087
13 419.153085 419.153085 485.863085 485.863085
15 419.153082 419.153082 485.863082 485.863082
18 419.153079 419.153079 485.863079 485.863079
19 419.153076 419.153076 485.863076 485.863076
21 419.153072 419.153072 485.863072 485.863072
23 419.153068 419.153068 485.863068 485.863068
26 419.153063 419.153063 485.863063 485.863063
28 419.153057 419.153057 485.863057 485.863057
30 419.153051 419.153051 485.863051 485.863051
32 419.153044 419.153044 485.863044 485.863044
33 419.153036 419.153036 485.863036 485.863036
35 419.153027 419.153027 485.863027 485.863027
37 419.153017 419.153017 485.863017 485.863017
39 419.153006 419.153006 485.863006 485.863006
41 409.513101 409.513101 476.223101 476.223101
43 409.513100 409.513100 476.223100 476.223100
45 409.513098 409.513098 476.223098 476.223098
48 409.513097 409.513097 476.223097 476.223097
49 409.513095 409.513095 476.223095 476.223095
52 409.513093 409.513093 476.223093 476.223093
53 409.513090 409.513090 476.223090 476.223090
55 409.513088 409.513088 476.223088 476.223088
58 409.513085 409.513085 476.223085 476.223085
59 409.513081 409.513081 476.223081 476.223081
61 409.513077 409.513077 476.223077 476.223077
63 409.513073 409.513073 476.223073 476.223073
66 409.513068 409.513068 476.223068 476.223068
68 409.513063 409.513063 476.223063 476.223063
70 409.513056 409.513056 476.223056 476.223056
72 409.513049 409.513049 476.223049 476.223049
73 409.513042 409.513042 476.223042 476.223042
75 409.513033 409.513033 476.223033 476.223033
77 409.513022 409.513022 476.223022 476.223022
79 409.513011 409.513011 476.223011 476.223011
81 298.956769 298.956769 365.666769 365.666769
83 298.956767 298.956767 365.666767 365.666767
85 298.956766 298.956766 365.666766 365.666766
88 298.956764 298.956764 365.666764 365.666764
89 298.956762 298.956762 365.666762 365.666762
92 298.956760 298.956760 365.666760 365.666760
93 298.956758 298.956758 365.666758 365.666758
95 298.956755 298.956755 365.666755 365.666755
98 298.956752 298.956752 365.666752 365.666752
99 298.956749 298.956749 365.666749 365.666749
101 298.956745 298.956745 365.666745 365.666745
103 298.956741 298.956741 365.666741 365.666741
106 298.956736 298.956736 365.666736 365.666736
108 298.956730 298.956730 365.666730 365.666730
110 298.956724 298.956724 365.666724 365.666724
112 298.956717 298.956717 365.666717 365.666717
113 298.956709 298.956709 365.666709 365.666709
115 298.956700 298.956700 365.666700 365.666700
117 298.956690 298.956690 365.666690 365.666690
119 298.956679 298.956679 365.666679 365.666679
441 292.946542 292.946542 359.656542 359.656542
443 292.946541 292.946541 359.656541 359.656541
445 292.946539 292.946539 359.656539 359.656539
448 292.946538 292.946538 359.656538 359.656538
449 292.946536 292.946536 359.656536 359.656536
452 292.946534 292.946534 359.656534 359.656534
453 292.946531 292.946531 359.656531 359.656531
455 292.946529 292.946529 359.656529 359.656529
458 292.946526 292.946526 359.656526 359.656526
459 292.946522 292.946522 359.656522 359.656522
461 292.946518 292.946518 359.656518 359.656518
463 292.946514 292.946514 359.656514 359.656514
466 292.946509 292.946509 359.656509 359.656509
468 292.946504 292.946504 359.656504 359.656504
470 292.946497 292.946497 359.656497 359.656497
472 292.946490 292.946490 359.656490 359.656490
473 292.946483 292.946483 359.656483 359.656483
475 292.946474 292.946474 359.656474 359.656474
477 292.946463 292.946463 359.656463 359.656463
479 292.946452 292.946452 359.656452 359.656452
1081 272.514639 272.514639 339.224639 339.224639
1083 272.514637 272.514637 339.224637 339.224637
1085 272.514636 272.514636 339.224636 339.224636
1088 272.514634 272.514634 339.224634 339.224634
1089 272.514632 272.514632 339.224632 339.224632
1092 272.514630 272.514630 339.224630 339.224630
1093 272.514628 272.514628 339.224628 339.224628
1095 272.514625 272.514625 339.224625 339.224625
1098 272.514622 272.514622 339.224622 339.224622
1099 272.514619 272.514619 339.224619 339.224619
1101 272.514615 272.514615 339.224615 339.224615
1103 272.514611 272.514611 339.224611 339.224611
1106 272.514606 272.514606 339.224606 339.224606
1108 272.514600 272.514600 339.224600 339.224600
1110 272.514594 272.514594 339.224594 339.224594
1112 272.514587 272.514587 339.224587 339.224587
1113 272.514579 272.514579 339.224579 339.224579
1115 272.514570 272.514570 339.224570 339.224570
1117 272.514560 272.514560 339.224560 339.224560
1119 272.514549 272.514549 339.224549 339.224549
270000 50527776834397954159438070343972569508678914915392275129303040.000000 272.514549 50527776834397954159438070343972569508678914915392275129303040.000000 339.224549
"function evaluation" "current f(x)" "best-so-far f(x)" "current af(x)+b"  "best af(x)+b"
1 369.157995 369.157995 435.867995 435.867995
3 369.157994 369.157994 435.867994 435.867994
5 369.157992 369.157992 435.867992 435.867992
8 369.157990 369.157990 435.867990 435.867990
9 369.157989 369.157989 435.867989 435.867989
12 369.157986 369.157986 435.867986 435.867986
13 369.157984 369.157984 435.867984 435.867984
15 369.157981 369.157981 435.867981 435.867981
18 369.157978 369.157978 435.867978 435.867978
19 369.157975 369.157975 435.867975 435.867975
21 369.157971 369.157971 435.867971 435.867971
23 369.157967 369.157967 435.867967 435.867967
26 369.157962 369.157962 435.867962 435.867962
28 369.157956 369.157956 435.867956 435.867956
30 369.157950 369.157950 435.867950 435.867950
32 369.157943 369.157943 435.867943 435.867943
33 369.157935 369.157935 435.867935 435.867935
35 369.157926 369.157926 435.867926 435.867926
37 369.157916 369.157916 435.867916 435.867916
39 369.157905 369.157905 435.867905 435.867905
121 366.870588 366.870588 433.580588 433.580588
123 366.870587 366.870587 433.580587 433.580587
125 366.870585 366.870585 433.580585 433.580585
128 366.870584 366.870584 433.580584 433.580584
129 366.870582 366.870582 433.580582 433.580582
132 366.870580 366.870580 433.580580 433.580580
133 366.870577 366.870577 433.580577 433.580577
135 366.870575 366.870575 433.580575 433.580575
138 366.870572 366.870572 433.580572 433.580572
139 366.870568 366.870568 433.580568 433.580568
141 366.870565 366.870565 433.580565 433.580565
143 366.870560 366.870560 433.580560 433.580560
146 366.870555 366.870555 433.580555 433.580555
148 366.870550 366.870550 433.580550 433.580550
150 366.870544 366.870544 433.580544 433.580544
152 366.870537 366.870537 433.580537 433.580537
153 366.870529 366.870529 433.580529 433.580529
155 366.870520 366.870520 433.580520 433.580520
157 366.870510 366.870510 433.580510 433.580510
159 366.870498 366.870498 433.580498 433.580498
201 331.114687 331.114687 397.824687 397.824687
203 331.114686 331.114686 397.824686 397.824686
205 331.114684 331.114684 397.824684 397.824684
208 331.114683 331.114683 397.824683 397.824683
209 331.114681 331.114681 397.824681 397.824681
212 331.114679 331.114679 397.824679 397.824679
213 331.114676 331.114676 397.824676 397.824676
215 331.114674 331.114674 397.824674 397.824674
218 331.114671 331.114671 397.824671 397.824671
219 331.114667 331.114667 397.824667 397.824667
221 331.114663 331.114663 397.824663 397.824663
223 331.114659 331.114659 397.824659 397.824659
226 331.114654 331.114654 397.824654 397.824654
228 331.114649 331.114649 397.824649 397.824649
230 331.114642 331.114642 397.824642 397.824642
232 331.114635 331.114635 397.824635 397.824635
233 331.114627 331.114627 397.824627 397.824627
235 331.114618 331.114618 397.824618 397.824618
237 331.114608 331.114608 397.824608 397.824608
239 331.114597 331.114597 397.824597 397.824597
441 293.766562 293.766562 360.476562 360.476562
443 293.766561 293.766561 360.476561 360.476561
445 293.766559 293.766559 360.476559 360.476559
448 293.766557 293.766557 360.476557 360.476557
449 293.766556 293.766556 360.476556 360.476556
452 293.766554 293.766554 360.476554 360.476554
453 293.766551 293.766551 360.476551 360.476551
455 293.766548 293.766548 360.476548 360.476548
458 293.766545 293.766545 360.476545 360.476545
459 293.766542 293.766542 360.476542 360.476542
461 293.766538 293.766538 360.476538 360.476538
463 293.766534 293.766534 360.476534 360.476534
466 293.766529 293.766529 360.476529 360.476529
468 293.766524 293.766524 360.476524 360.476524
470 293.766517 293.766517 360.476517 360.476517
472 293.766510 293.766510 360.476510 360.476510
473 293.766502 293.766502 360.476502 360.476502
475 293.766493 293.766493 360.476493 360.476493
477 293.766483 293.766483 360.476483 360.476483
479 293.766472 293.766472 360.476472 360.476472
1721 293.208008 293.208008 359.918008 359.918008
1723 293.208007 293.208007 359.918007 359.918007
1725 293.208005 293.208005 359.918005 359.918005
1728 293.208003 293.208003 359.918003 359.918003
1729 293.208002 293.208002 359.918002 359.918002
1732 293.207999 293.207999 359.917999 359.917999
1733 293.207997 293.207997 359.917997 359.917997
1735 293.207994 293.207994 359.917994 359.917994
1738 293.207991 293.207991 359.917991 359.917991
1739 293.207988 293.207988 359.917988 359.917988
1741 293.207984 293.207984 359.917984 359.917984
1743 293.207980 293.207980 359.917980 359.917980
1746 293.207975 293.207975 359.917975 359.917975
1748 293.207970 293.207970 359.917970 359.917970
1750 293.207963 293.207963 359.917963 359.917963
1752 293.207956 293.207956 359.917956 359.917956
1753 293.207948 293.207948 359.917948 359.917948
1755 293.207939 293.207939 359.917939 359.917939
1757 293.207929 293.207929 359.917929 359.917929
1759 293.207918 293.207918 359.917918 359.917918
1761 265.322678 265.322678 332.032678 332.032678
1763 265.322677 265.322677 332.032677 332.032677
1765 265.322676 265.322676 332.032676 332.032676
1768 265.322674 265.322674 332.032674 332.032674
1769 265.322672 265.322672 332.032672 332.032672
1772 265.322670 265.322670 332.032670 332.032670
1773 265.322668 265.322668 332.032668 332.032668
1775 265.322665 265.322665 332.032665 332.032665
1778 265.322662 265.322662 332.032662 332.032662
1779 265.322659 265.322659 332.032659 332.032659
1781 265.322655 265.322655 332.032655 332.032655
1783 265.322650 265.322650 332.032650 332.032650
1786 265.322646 265.322646 332.032646 332.032646
1788 265.322640 265.322640 332.032640 332.032640
1790 265.322634 265.322634 332.032634 332.032634
1792 265.322627 265.322627 332.032627 332.032627
1793 265.322619 265.322619 332.032619 332.032619
1795 265.322610 265.322610 332.032610 332.032610
1797 265.322600 265.322600 332.032600 332.032600
1799 265.322588 265.322588 332.032588 332.032588
270000 65578667276804517627778205161203285695922010205809397725134848.000000 265.322588 65578667276804517627778205161203285695922010205809397725134848.000000 332.032588
"function evaluation" "current f(x)" "best-so-far f(x)" "current af(x)+b"  "best af(x)+b"
1 397.191937 397.191937 463.901937 463.901937
3 397.191936 397.191936 463.901936 463.901936
5 397.191934 397.191934 463.901934 463.901934
8 397.191933 397.191933 463.901933 463.901933
9 397.191931 397.191931 463.901931 463.901931
12 397.191929 397.191929 463.901929 463.901929
13 397.191927 397.191927 463.901927 463.901927
15 397.191924 397.191924 463.901924 463.901924
18 397.191921 397.191921 463.901921 463.901921
19 397.191917 397.191917 463.901917 463.901917
21 397.191914 397.191914 463.901914 463.901914
23 397.191909 397.191909 463.901909 463.901909
26 397.191904 397.191904 463.901904 463.901904
28 397.191899 397.191899 463.901899 463.901899
30 397.191893 397.191893 463.901893 463.901893
32 397.191886 397.191886 463.901886 463.901886
33 397.191878 397.191878 463.901878 463.901878
35 397.191869 397.191869 463.901869 463.901869
37 397.191859 397.191859 463.901859 463.901859
39 397.191847 397.191847 463.901847 463.901847
41 305.636663 305.636663 372.346663 372.346663
43 305.636662 305.636662 372.346662 372.346662
45 305.636660 305.636660 372.346660 372.346660
48 305.636659 305.636659 372.346659 372.346659
49 305.636657 305.636657 372.346657 372.346657
52 305.636655 305.636655 372.346655 372.346655
53 305.636652 305.636652 372.346652 372.346652
55 305.636650 305.636650 372.346650 372.346650
58 305.636647 305.636647 372.346647 372.346647
59 305.636643 305.636643 372.346643 372.346643
61 305.636639 305.636639 372.346639 372.346639
63 305.636635 305.636635 372.346635 372.346635
66 305.636630 305.636630 372.346630 372.346630
68 305.636625 305.636625 372.346625 372.346625
70 305.636618 305.636618 372.346618 372.346618
72 305.636611 305.636611 372.346611 372.346611
73 305.636604 305.636604 372.346604 372.346604
75 305.636595 305.636595 372.346595 372.346595
77 305.636584 305.636584 372.346584 372.346584
79 305.636573 305.636573 372.346573 372.346573
1361 303.315113 303.315113 370.025113 370.025113
1363 303.315112 303.315112 370.025112 370.025112
1365 303.315111 303.315111 370.025111 370.025111
1368 303.315109 303.315109 370.025109 370.025109
1369 303.315107 303.315107 370.025107 370.025107
1372 303.315105 303.315105 370.025105 370.025105
1373 303.315103 303.315103 370.025103 370.025103
1375 303.315100 303.315100 370.025100 370.025100
1378 303.315097 303.315097 370.025097 370.025097
1379 303.315094 303.315094 370.025094 370.025094
1381 303.315090 303.315090 370.025090 370.025090
1383 303.315086 303.315086 370.025086 370.025086
1386 303.315081 303.315081 370.025081 370.025081
1388 303.315075 303.315075 370.025075 370.025075
1390 303.315069 303.315069 370.025069 370.025069
1392 303.315062 303.315062 370.025062 370.025062
1393 303.315054 303.315054 370.025054 370.025054
1395 303.315045 303.315045 370.025045 370.025045
1397 303.315035 303.315035 370.025035 370.025035
1399 303.315023 303.315023 370.025023 370.025023
1841 273.932496 273.932496 340.642496 340.642496
1843 273.932495 273.932495 340.642495 340.642495
1845 273.932494 273.932494 340.642494 340.642494
1848 273.932492 273.932492 340.642492 340.642492
1849 273.932490 273.932490 340.642490 340.642490
1852 273.932488 273.932488 340.642488 340.642488
1853 273.932486 273.932486 340.642486 340.642486
1855 273.932483 273.932483 340.642483 340.642483
1858 273.932480 273.932480 340.642480 340.642480
1859 273.932477 273.932477 340.642477 340.642477
1861 273.932473 273.932473 340.642473 340.642473
1863 273.932469 273.932469 340.642469 340.642469
1866 273.932464 273.932464 340.642464 340.642464
1868 273.932458 273.932458 340.642458 340.642458
1870 273.932452 273.932452 340.642452 340.642452
1872 273.932445 273.932445 340.642445 340.642445
1873 273.932437 273.932437 340.642437 340.642437
1875 273.932428 273.932428 340.642428 340.642428
1877 273.932418 273.932418 340.642418 340.642418
1879 273.932406 273.932406 340.642406 340.642406
270000 91835795098913887077534818648988707014161009109673585833672704.000000 273.932406 91835795098913887077534818648988707014161009109673585833672704.000000 340.642406
"function evaluation" "current f(x)" "best-so-far f(x)" "current af(x)+b"  "best af(x)+b"
1 389.303430 389.303430 1330.973430 1330.973430
3 389.303429 389.303429 1330.973429 1330.973429
6 389.303427 389.303427 1330.973427 1330.973427
8 389.303426 389.303426 1330.973426 1330.973426
9 389.303424 389.303424 1330.973424 1330.973424
11 389.303422 389.303422 1330.973422 1330.973422
13 389.303419 389.303419 1330.973419 1330.973419
15 389.303417 389.303417 1330.973417 1330.973417
18 389.303414 389.303414 1330.973414 1330.973414
19 389.303410 389.303410 1330.973410 1330.973410
22 389.303406 389.303406 1330.973406 1330.973406
24 389.303402 389.303402 1330.973402 1330.973402
25 389.303397 389.303397 1330.973397 1330.973397
27 389.303392 389.303392 1330.973392 1330.973392
30 389.303385 389.303385 1330.973385 1330.973385
32 389.303378 389.303378 1330.973378 1330.973378
33 389.303370 389.303370 1330.973370 1330.973370
36 389.303362 389.303362 1330.973362 1330.973362
38 389.303351 389.303351 1330.973351 1330.973351
40 389.303340 389.303340 1330.973340 1330.973340
81 384.293177 384.293177 1325.963177 1325.963177
83 384.293176 384.293176 1325.963176 1325.963176
86 384.293175 384.293175 1325.963175 1325.963175
88 384.293173 384.293173 1325.963173 1325.963173
89 384.293171 384.293171 1325.963171 1325.963171
91 384.293169 384.293169 1325.963169 1325.963169
93 384.293167 384.293167 1325.963167 1325.963167
95 384.293164 384.293164 1325.963164 1325.963164
98 384.293161 384.293161 1325.963161 1325.963161
99 384.293158 384.293158 1325.963158 1325.963158
102 384.293154 384.293154 1325.963154 1325.963154
104 384.293149 384.293149 1325.963149 1325.963149
105 384.293145 384.293145 1325.963145 1325.963145
107 384.293139 384.293139 1325.963139 1325.963139
110 384.293133 384.293133 1325.963133 1325.963133
112 384.293126 384.293126 1325.963126 1325.963126
113 384.293118 384.293118 1325.963118 1325.963118
116 384.293109 384.293109 1325.963109 1325.963109
118 384.293099 384.293099 1325.963099 1325.963099
120 384.293087 384.293087 1325.963087 1325.963087
121 354.927078 354.927078 1296.597078 1296.597078
123 354.927077 354.927077 1296.597077 1296.597077
126 354.927075 354.927075 1296.597075 1296.597075
128 354.927074 354.927074 1296.597074 1296.597074
129 354.927072 354.927072 1296.597072 1296.597072
131 354.927070 354.927070 1296.597070 1296.597070
133 354.927067 354.927067 1296.597067 1296.597067
135 354.927065 354.927065 1296.597065 1296.597065
138 354.927062 354.927062 1296.597062 1296.597062
139 354.927058 354.927058 1296.597058 1296.597058
142 354.927054 354.927054 1296.597054 1296.597054
144 354.927050 354.927050 1296.597050 1296.597050
145 354.927045 354.927045 1296.597045 1296.597045
147 354.927040 354.927040 1296.597040 1296.597040
150 354.927033 354.927033 1296.597033 1296.597033
152 354.927026 354.927026 1296.597026 1296.597026
153 354.927019 354.927019 1296.597019 1296.597019
156 354.927010 354.927010 1296.597010 1296.597010
158 354.926999 354.926999 1296.596999 1296.596999
160 354.926988 354.926988 1296.596988 1296.596988
401 325.594633 325.594633 1267.264633 1267.264633
403 325.594632 325.594632 1267.264632 1267.264632
406 325.594630 325.594630 1267.264630 1267.264630
408 325.594629 325.594629 1267.264629 1267.264629
409 325.594627 325.594627 1267.264627 1267.264627
411 325.594625 325.594625 1267.264625 1267.264625
413 325.594622 325.594622 1267.264622 1267.264622
415 325.594620 325.594620 1267.264620 1267.264620
418 325.594617 325.594617 1267.264617 1267.264617
419 325.594613 325.594613 1267.264613 1267.264613
422 325.594610 325.594610 1267.264610 1267.264610
424 325.594605 325.594605 1267.264605 1267.264605
425 325.594600 325.594600 1267.264600 1267.264600
427 325.594595 325.594595 1267.264595 1267.264595
430 325.594589 325.594589 1267.264589 1267.264589
432 325.594582 325.594582 1267.264582 1267.264582
433 325.594574 325.594574 1267.264574 1267.264574
436 325.594565 325.594565 1267.264565 1267.264565
438 325.594555 325.594555 1267.264555 1267.264555
440 325.594543 325.594543 1267.264543 1267.264543
441 259.417506 259.417506 1201.087506 1201.087506
443 259.417504 259.417504 1201.087504 1201.087504
446 259.417503 259.417503 1201.087503 1201.087503
448 259.417501 259.417501 1201.087501 1201.087501
449 259.417499 259.417499 1201.087499 1201.087499
451 259.417497 259.417497 1201.087497 1201.087497
453 259.417495 259.417495 1201.087495 1201.087495
455 259.417492 259.417492 1201.087492 1201.087492
458 259.417489 259.417489 1201.087489 1201.087489
459 259.417486 259.417486 1201.087486 1201.087486
462 259.417482 259.417482 1201.087482 1201.087482
464 259.417478 259.417478 1201.087478 1201.087478
465 259.417473 259.417473 1201.087473 1201.087473
467 259.417467 259.417467 1201.087467 1201.087467
470 259.417461 259.417461 1201.087461 1201.087461
472 259.417454 259.417454 1201.087454 1201.087454
473 259.417446 259.417446 1201.087446 1201.087446
476 259.417437 259.417437 1201.087437 1201.087437
478 259.417427 259.417427 1201.087427 1201.087427
480 259.417416 259.417416 1201.087416 1201.087416
270000 233659415625596627373983457008130431177288597270782521523568640.000000 259.417416 233659415625596627373983457008130431177288597270782521523568640.000000 1201.087416
"function evaluation" "current f(x)" "best-so-far f(x)" "current af(x)+b"  "best af(x)+b"
1 370.772126 370.772126 1312.442126 1312.442126
3 370.772125 370.772125 1312.442125 1312.442125
6 370.772123 370.772123 1312.442123 1312.442123
8 370.772122 370.772122 1312.442122 1312.442122
9 370.772120 370.772120 1312.442120 1312.442120
11 370.772118 370.772118 1312.442118 1312.442118
13 370.772115 370.772115 1312.442115 1312.442115
15 370.772113 370.772113 1312.442113 1312.442113
18 370.772110 370.772110 1312.442110 1312.442110
19 370.772106 370.772106 1312.442106 1312.442106
22 370.772102 370.772102 1312.442102 1312.442102
24 370.772098 370.772098 1312.442098 1312.442098
25 370.772093 370.772093 1312.442093 1312.442093
27 370.772088 370.772088 1312.442088 1312.442088
30 370.772081 370.772081 1312.442081 1312.442081
32 370.772074 370.772074 1312.442074 1312.442074
33 370.772066 370.772066 1312.442066 1312.442066
36 370.772057 370.772057 1312.442057 1312.442057
38 370.772047 370.772047 1312.442047 1312.442047
40 370.772036 370.772036 1312.442036 1312.442036
41 364.296601 364.296601 1305.966601 1305.966601
43 364.296599 364.296599 1305.966599 1305.966599
46 364.296598 364.296598 1305.966598 1305.966598
48 364.296596 364.296596 1305.966596 1305.966596
49 364.296594 364.296594 1305.966594 1305.966594
51 364.296592 364.296592 1305.966592 1305.966592
53 364.296590 364.296590 1305.966590 1305.966590
55 364.296587 364.296587 1305.966587 1305.966587
58 364.296584 364.296584 1305.966584 1305.966584
59 364.296581 364.296581 1305.966581 1305.966581
62 364.296577 364.296577 1305.966577 1305.966577
64 364.296573 364.296573 1305.966573 1305.966573
65 364.296568 364.296568 1305.966568 1305.966568
67 364.296562 364.296562 1305.966562 1305.966562
70 364.296556 364.296556 1305.966556 1305.966556
72 364.296549 364.296549 1305.966549 1305.966549
73 364.296541 364.296541 1305.966541 1305.966541
76 364.296532 364.296532 1305.966532 1305.966532
78 364.296522 364.296522 1305.966522 1305.966522
80 364.296511 364.296511 1305.966511 1305.966511
321 353.649750 353.649750 1295.319750 1295.319750
323 353.649749 353.649749 1295.319749 1295.319749
326 353.649747 353.649747 1295.319747 1295.319747
328 353.649746 353.649746 1295.319746 1295.319746
329 353.649744 353.649744 1295.319744 1295.319744
331 353.649742 353.649742 1295.319742 1295.319742
333 353.649739 353.649739 1295.319739 1295.319739
335 353.649737 353.649737 1295.319737 1295.319737
338 353.649734 353.649734 1295.319734 1295.319734
339 353.649730 353.649730 1295.319730 1295.319730
342 353.649727 353.649727 1295.319727 1295.319727
344 353.649722 353.649722 1295.319722 1295.319722
345 353.649717 353.649717 1295.319717 1295.319717
347 353.649712 353.649712 1295.319712 1295.319712
350 353.649706 353.649706 1295.319706 1295.319706
352 353.649699 353.649699 1295.319699 1295.319699
353 353.649691 353.649691 1295.319691 1295.319691
356 353.649682 353.649682 1295.319682 1295.319682
358 353.649672 353.649672 1295.319672 1295.319672
360 353.649660 353.649660 1295.319660 1295.319660
361 342.436331 342.436331 1284.106331 1284.106331
363 342.436330 342.436330 1284.106330 1284.106330
366 342.436328 342.436328 1284.106328 1284.106328
368 342.436327 342.436327 1284.106327 1284.106327
369 342.436325 342.436325 1284.106325 1284.106325
371 342.436323 342.436323 1284.106323 1284.106323
373 342.436320 342.436320 1284.106320 1284.106320
375 342.436318 342.436318 1284.106318 1284.106318
378 342.436315 342.436315 1284.106315 1284.106315
379 342.436311 342.436311 1284.106311 1284.106311
382 342.436307 342.436307 1284.106307 1284.106307
384 342.436303 342.436303 1284.106303 1284.106303
385 342.436298 342.436298 1284.106298 1284.106298
387 342.436293 342.436293 1284.106293 1284.106293
390 342.436286 342.436286 1284.106286 1284.106286
392 342.436279 342.436279 1284.106279 1284.106279
393 342.436272 342.436272 1284.106272 1284.106272
396 342.436263 342.436263 1284.106263 1284.106263
398 342.436252 342.436252 1284.106252 1284.106252
400 342.436241 342.436241 1284.106241 1284.106241
961 312.392515 312.392515 1254.062515 1254.062515
963 312.392514 312.392514 1254.062514 1254.062514
966 312.392512 312.392512 1254.062512 1254.062512
968 312.392511 312.392511 1254.062511 1254.062511
969 312.392509 312.392509 1254.062509 1254.062509
971 312.392507 312.392507 1254.062507 1254.062507
973 312.392504 312.392504 1254.062504 1254.062504
975 312.392502 312.392502 1254.062502 1254.062502
978 312.392499 312.392499 1254.062499 1254.062499
979 312.392495 312.392495 1254.062495 1254.062495
982 312.392491 312.392491 1254.062491 1254.062491
984 312.392487 312.392487 1254.062487 1254.062487
985 312.392482 312.392482 1254.062482 1254.062482
987 312.392477 312.392477 1254.062477 1254.062477
990 312.392470 312.392470 1254.062470 1254.062470
992 312.392463 312.392463 1254.062463 1254.062463
993 312.392455 312.392455 1254.062455 1254.062455
996 312.392446 312.392446 1254.062446 1254.062446
998 312.392436 312.392436 1254.062436 1254.062436
1000 312.392425 312.392425 1254.062425 1254.062425
1201 300.597997 300.597997 1242.267997 1242.267997
1203 300.597996 300.597996 1242.267996 1242.267996
1206 300.597994 300.597994 1242.267994 1242.267994
1208 300.597993 300.597993 1242.267993 1242.267993
1209 300.597991 300.597991 1242.267991 1242.267991
1211 300.597989 300.597989 1242.267989 1242.267989
1213 300.597986 300.597986 1242.267986 1242.267986
1215 300.597984 300.597984 1242.267984 1242.267984
1218 300.597981 300.597981 1242.267981 1242.267981
1219 300.597977 300.597977 1242.267977 1242.267977
1222 300.597973 300.597973 1242.267973 1242.267973
1224 300.597969 300.597969 1242.267969 1242.267969
1225 300.597964 300.597964 1242.267964 1242.267964
1227 300.597959 300.597959 1242.267959 1242.267959
1230 300.597952 300.597952 1242.267952 1242.267952
1232 300.597945 300.597945 1242.267945 1242.267945
1233 300.597938 300.597938 1242.267938 1242.267938
1236 300.597929 300.597929 1242.267929 1242.267929
1238 300.597918 300.597918 1242.267918 1242.267918
1240 300.597907 300.597907 1242.267907 1242.267907
1281 266.907588 266.907588 1208.577588 1208.577588
1283 266.907586 266.907586 1208.577586 1208.577586
1286 266.907585 266.907585 1208.577585 1208.577585
1288 266.907583 266.907583 1208.577583 1208.577583
1289 266.907581 266.907581 1208.577581 1208.577581
1291 266.907579 266.907579 1208.577579 1208.577579
1293 266.907577 266.907577 1208.577577 1208.577577
1295 266.907574 266.907574 1208.577574 1208.577574
1298 266.907571 266.907571 1208.577571 1208.577571
1299 266.907568 266.907568 1208.577568 1208.577568
1302 266.907564 266.907564 1208.577564 1208.577564
1304 266.907560 266.907560 1208.577560 1208.577560
1305 266.907555 266.907555 1208.577555 1208.577555
1307 266.907549 266.907549 1208.577549 1208.577549
1310 266.907543 266.907543 1208.577543 1208.577543
1312 266.907536 266.907536 1208.577536 1208.577536
1313 266.907528 266.907528 1208.577528 1208.577528
1316 266.907519 266.907519 1208.577519 1208.577519
1318 266.907509 266.907509 1208.577509 1208.577509
1320 266.907498 266.907498 1208.577498 1208.577498
270000 248666687453135601913544919074846841814548054598824176922918912.000000 266.907498 248666687453135601913544919074846841814548054598824176922918912.000000 1208.577498
"function evaluation" "current f(x)" "best-so-far f(x)" "current af(x)+b"  "best af(x)+b"
1 448.030939 448.030939 1389.700939 1389.700939
3 448.030938 448.030938 1389.700938 1389.700938
6 448.030937 448.030937 1389.700937 1389.700937
8 448.030935 448.030935 1389.700935 1389.700935
9 448.030933 448.030933 1389.700933 1389.700933
11 448.030931 448.030931 1389.700931 1389.700931
13 448.030929 448.030929 1389.700929 1389.700929
15 448.030926 448.030926 1389.700926 1389.700926
18 448.030923 448.030923 1389.700923 1389.700923
19 448.030920 448.030920 1389.700920 1389.700920
22 448.030916 448.030916 1389.700916 1389.700916
24 448.030911 448.030911 1389.700911 1389.700911
25 448.030907 448.030907 1389.700907 1389.700907
27 448.030901 448.030901 1389.700901 1389.700901
30 448.030895 448.030895 1389.700895 1389.700895
32 448.030888 448.030888 1389.700888 1389.700888
33 448.030880 448.030880 1389.700880 1389.700880
36 448.030871 448.030871 1389.700871 1389.700871
38 448.030861 448.030861 1389.700861 1389.700861
40 448.030849 448.030849 1389.700849 1389.700849
41 412.051459 412.051459 1353.721459 1353.721459
43 412.051458 412.051458 1353.721458 1353.721458
46 412.051456 412.051456 1353.721456 1353.721456
48 412.051455 412.051455 1353.721455 1353.721455
49 412.051453 412.051453 1353.721453 1353.721453
51 412.051451 412.051451 1353.721451 1353.721451
53 412.051448 412.051448 1353.721448 1353.721448
55 412.051446 412.051446 1353.721446 1353.721446
58 412.051443 412.051443 1353.721443 1353.721443
59 412.051439 412.051439 1353.721439 1353.721439
62 412.051435 412.051435 1353.721435 1353.721435
64 412.051431 412.051431 1353.721431 1353.721431
65 412.051426 412.051426 1353.721426 1353.721426
67 412.051421 412.051421 1353.721421 1353.721421
70 412.051414 412.051414 1353.721414 1353.721414
72 412.051407 412.051407 1353.721407 1353.721407
73 412.051399 412.051399 1353.721399 1353.721399
76 412.051390 412.051390 1353.721390 1353.721390
78 412.051380 412.051380 1353.721380 1353.721380
80 412.051369 412.051369 1353.721369 1353.721369
161 345.870091 345.870091 1287.540091 1287.540091
163 345.870090 345.870090 1287.540090 1287.540090
166 345.870088 345.870088 1287.540088 1287.540088
168 345.870086 345.870086 1287.540086 1287.540086
169 345.870085 345.870085 1287.540085 1287.540085
171 345.870083 345.870083 1287.540083 1287.540083
173 345.870080 345.870080 1287.540080 1287.540080
175 345.870077 345.870077 1287.540077 1287.540077
178 345.870074 345.870074 1287.540074 1287.540074
179 345.870071 345.870071 1287.540071 1287.540071
182 345.870067 345.870067 1287.540067 1287.540067
184 345.870063 345.870063 1287.540063 1287.540063
185 345.870058 345.870058 1287.540058 1287.540058
187 345.870053 345.870053 1287.540053 1287.540053
190 345.870046 345.870046 1287.540046 1287.540046
192 345.870039 345.870039 1287.540039 1287.540039
193 345.870031 345.870031 1287.540031 1287.540031
196 345.870022 345.870022 1287.540022 1287.540022
198 345.870012 345.870012 1287.540012 1287.540012
200 345.870001 345.870001 1287.540001 1287.540001
681 337.779596 337.779596 1279.449596 1279.449596
683 337.779595 337.779595 1279.449595 1279.449595
686 337.779594 337.779594 1279.449594 1279.449594
688 337.779592 337.779592 1279.449592 1279.449592
689 337.779590 337.779590 1279.449590 1279.449590
691 337.779588 337.779588 1279.449588 1279.449588
693 337.779586 337.779586 1279.449586 1279.449586
695 337.779583 337.779583 1279.449583 1279.449583
698 337.779580 337.779580 1279.449580 1279.449580
699 337.779577 337.779577 1279.449577 1279.449577
702 337.779573 337.779573 1279.449573 1279.449573
704 337.779568 337.779568 1279.449568 1279.449568
705 337.779564 337.779564 1279.449564 1279.449564
707 337.779558 337.779558 1279.449558 1279.449558
710 337.779552 337.779552 1279.449552 1279.449552
712 337.779545 337.779545 1279.449545 1279.449545
713 337.779537 337.779537 1279.449537 1279.449537
716 337.779528 337.779528 1279.449528 1279.449528
718 337.779518 337.779518 1279.449518 1279.449518
720 337.779506 337.779506 1279.449506 1279.449506
1041 327.621780 327.621780 1269.291780 1269.291780
1043 327.621778 327.621778 1269.291778 1269.291778
1046 327.621777 327.621777 1269.291777 1269.291777
1048 327.621775 327.621775 1269.291775 1269.291775
1049 327.621773 327.621773 1269.291773 1269.291773
1051 327.621771 327.621771 1269.291771 1269.291771
1053 327.621769 327.621769 1269.291769 1269.291769
1055 327.621766 327.621766 1269.291766 1269.291766
1058 327.621763 327.621763 1269.291763 1269.291763
1059 327.621760 327.621760 1269.291760 1269.291760
1062 327.621756 327.621756 1269.291756 1269.291756
1064 327.621752 327.621752 1269.291752 1269.291752
1065 327.621747 327.621747 1269.291747 1269.291747
1067 327.621741 327.621741 1269.291741 1269.291741
1070 327.621735 327.621735 1269.291735 1269.291735
1072 327.621728 327.621728 1269.291728 1269.291728
1073 327.621720 327.621720 1269.291720 1269.291720
1076 327.621711 327.621711 1269.291711 1269.291711
1078 327.621701 327.621701 1269.291701 1269.291701
1080 327.621690 327.621690 1269.291690 1269.291690
1241 311.172890 311.172890 1252.842890 1252.842890
1243 311.172889 311.172889 1252.842889 1252.842889
1246 311.172887 311.172887 1252.842887 1252.842887
1248 311.172886 311.172886 1252.842886 1252.842886
1249 311.172884 311.172884 1252.842884 1252.842884
1251 311.172882 311.172882 1252.842882 1252.842882
1253 311.172879 311.172879 1252.842879 1252.842879
1255 311.172877 311.172877 1252.842877 1252.842877
1258 311.172874 311.172874 1252.842874 1252.842874
1259 311.172870 311.172870 1252.842870 1252.842870
1262 311.172866 311.172866 1252.842866 1252.842866
1264 311.172862 311.172862 1252.842862 1252.842862
1265 311.172857 311.172857 1252.842857 1252.842857
1267 311.172852 311.172852 1252.842852 1252.842852
1270 311.172846 311.172846 1252.842846 1252.842846
1272 311.172838 311.172838 1252.842838 1252.842838
1273 311.172831 311.172831 1252.842831 1252.842831
1276 311.172822 311.172822 1252.842822 1252.842822
1278 311.172811 311.172811 1252.842811 1252.842811
1280 311.172800 311.172800 1252.842800 1252.842800
1401 301.566887 301.566887 1243.236887 1243.236887
1403 301.566886 301.566886 1243.236886 1243.236886
1406 301.566884 301.566884 1243.236884 1243.236884
1408 301.566883 301.566883 1243.236883 1243.236883
1409 301.566881 301.566881 1243.236881 1243.236881
1411 301.566879 301.566879 1243.236879 1243.236879
1413 301.566876 301.566876 1243.236876 1243.236876
1415 301.566874 301.566874 1243.236874 1243.236874
1418 301.566871 301.566871 1243.236871 1243.236871
1419 301.566867 301.566867 1243.236867 1243.236867
1422 301.566863 301.566863 1243.236863 1243.236863
1424 301.566859 301.566859 1243.236859 1243.236859
1425 301.566854 301.566854 1243.236854 1243.236854
1427 301.566849 301.566849 1243.236849 1243.236849
1430 301.566842 301.566842 1243.236842 1243.236842
1432 301.566835 301.566835 1243.236835 1243.236835
1433 301.566827 301.566827 1243.236827 1243.236827
1436 301.566818 301.566818 1243.236818 1243.236818
1438 301.566808 301.566808 1243.236808 1243.236808
1440 301.566797 301.566797 1243.236797 1243.236797
1921 289.212295 289.212295 1230.882295 1230.882295
1923 289.212293 289.212293 1230.882293 1230.882293
1926 289.212292 289.212292 1230.882292 1230.882292
1928 289.212290 289.212290 1230.882290 1230.882290
1929 289.212288 289.212288 1230.882288 1230.882288
1931 289.212286 289.212286 1230.882286 1230.882286
1933 289.212284 289.212284 1230.882284 1230.882284
1935 289.212281 289.212281 1230.882281 1230.882281
1938 289.212278 289.212278 1230.882278 1230.882278
1939 289.212275 289.212275 1230.882275 1230.882275
1942 289.212271 289.212271 1230.882271 1230.882271
1944 289.212267 289.212267 1230.882267 1230.882267
1945 289.212262 289.212262 1230.882262 1230.882262
1947 289.212256 289.212256 1230.882256 1230.882256
1950 289.212250 289.212250 1230.882250 1230.882250
1952 289.212243 289.212243 1230.882243 1230.882243
1953 289.212235 289.212235 1230.882235 1230.882235
1956 289.212226 289.212226 1230.882226 1230.882226
1958 289.212216 289.212216 1230.882216 1230.882216
1960 289.212205 289.212205 1230.882205 1230.882205
270000 211496455364249394380149121741457254473517411883386454306455552.000000 289.212205 211496455364249394380149121741457254473517411883386454306455552.000000 1230.882205
"function evaluation" "current f(x)" "best-so-far f(x)" "current af(x)+b"  "best af(x)+b"
1 394.978135 394.978135 357.528135 357.528135
2 394.978115 394.978115 357.528115 357.528115
4 394.978114 394.978114 357.528114 357.528114
6 394.978112 394.978112 357.528112 357.528112
7 394.978111 394.978111 357.528111 357.528111
9 394.978109 394.978109 357.528109 357.528109
12 394.978107 394.978107 357.528107 357.528107
14 394.978104 394.978104 357.528104 357.528104
15 394.978102 394.978102 357.528102 357.528102
18 394.978099 394.978099 357.528099 357.528099
20 394.978095 394.978095 357.528095 357.528095
22 394.978091 394.978091 357.528091 357.528091
24 394.978087 394.978087 357.528087 357.528087
25 394.978082 394.978082 357.528082 357.528082
27 394.978077 394.978077 357.528077 357.528077
30 394.978070 394.978070 357.528070 357.528070
32 394.978063 394.978063 357.528063 357.528063
33 394.978055 394.978055 357.528055 357.528055
36 394.978046 394.978046 357.528046 357.528046
38 394.978036 394.978036 357.528036 357.528036
39 394.978025 394.978025 357.528025 357.528025
201 295.983720 295.983720 258.533720 258.533720
202 295.983700 295.983700 258.533700 258.533700
204 295.983699 295.983699 258.533699 258.533699
206 295.983698 295.983698 258.533698 258.533698
207 295.983696 295.983696 258.533696 258.533696
209 295.983694 295.983694 258.533694 258.533694
212 295.983692 295.983692 258.533692 258.533692
214 295.983690 295.983690 258.533690 258.533690
215 295.983687 295.983687 258.533687 258.533687
218 295.983684 295.983684 258.533684 258.533684
220 295.983681 295.983681 258.533681 258.533681
222 295.983677 295.983677 258.533677 258.533677
224 295.983672 295.983672 258.533672 258.533672
225 295.983668 295.983668 258.533668 258.533668
227 295.983662 295.983662 258.533662 258.533662
230 295.983656 295.983656 258.533656 258.533656
232 295.983649 295.983649 258.533649 258.533649
233 295.983641 295.983641 258.533641 258.533641
236 295.983632 295.983632 258.533632 258.533632
238 295.983622 295.983622 258.533622 258.533622
239 295.983610 295.983610 258.533610 258.533610
1041 281.810455 281.810455 244.360455 244.360455
1042 281.810435 281.810435 244.360435 244.360435
1044 281.810434 281.810434 244.360434 244.360434
1046 281.810432 281.810432 244.360432 244.360432
1047 281.810431 281.810431 244.360431 244.360431
1049 281.810429 281.810429 244.360429 244.360429
1052 281.810427 281.810427 244.360427 244.360427
1054 281.810424 281.810424 244.360424 244.360424
1055 281.810422 281.810422 244.360422 244.360422
1058 281.810419 281.810419 244.360419 244.360419
1060 281.810415 281.810415 244.360415 244.360415
1062 281.810411 281.810411 244.360411 244.360411
1064 281.810407 281.810407 244.360407 244.360407
1065 281.810402 281.810402 244.360402 244.360402
1067 281.810397 281.810397 244.360397 244.360397
1070 281.810390 281.810390 244.360390 244.360390
1072 281.810383 281.810383 244.360383 244.360383
1073 281.810375 281.810375 244.360375 244.360375
1076 281.810366 281.810366 244.360366 244.360366
1078 281.810356 281.810356 244.360356 244.360356
1079 281.810345 281.810345 244.360345 244.360345
1561 251.419635 251.419635 213.969635 213.969635
1562 251.419615 251.419615 213.969615 213.969615
1564 251.419614 251.419614 213.969614 213.969614
1566 251.419612 251.419612 213.969612 213.969612
1567 251.419611 251.419611 213.969611 213.969611
1569 251.419609 251.419609 213.969609 213.969609
1572 251.419607 251.419607 213.969607 213.969607
1574 251.419604 251.419604 213.969604 213.969604
1575 251.419602 251.419602 213.969602 213.969602
1578 251.419599 251.419599 213.969599 213.969599
1580 251.419595 251.419595 213.969595 213.969595
1582 251.419591 251.419591 213.969591 213.969591
1584 251.419587 251.419587 213.969587 213.969587
1585 251.419582 251.419582 213.969582 213.969582
1587 251.419577 251.419577 213.969577 213.969577
1590 251.419570 251.419570 213.969570 213.969570
1592 251.419563 251.419563 213.969563 213.969563
1593 251.419555 251.419555 213.969555 213.969555
1596 251.419546 251.419546 213.969546 213.969546
1598 251.419536 251.419536 213.969536 213.969536
1599 251.419525 251.419525 213.969525 213.969525
270000 133084047448591209988705129881232412530684281736526408422785024.000000 251.419525 133084047448591209988705129881232412530684281736526408422785024.000000 213.969525
"function evaluation" "current f(x)" "best-so-far f(x)" "current af(x)+b"  "best af(x)+b"
1 369.363503 369.363503 331.913503 331.913503
2 369.363483 369.363483 331.913483 331.913483
4 369.363481 369.363481 331.913481 331.913481
6 369.363480 369.363480 331.913480 331.913480
7 369.363478 369.363478 331.913478 331.913478
9 369.363476 369.363476 331.913476 331.913476
12 369.363474 369.363474 331.913474 331.913474
14 369.363472 369.363472 331.913472 331.913472
15 369.363469 369.363469 331.913469 331.913469
18 369.363466 369.363466 331.913466 331.913466
20 369.363463 369.363463 331.913463 331.913463
22 369.363459 369.363459 331.913459 331.913459
24 369.363455 369.363455 331.913455 331.913455
25 369.363450 369.363450 331.913450 331.913450
27 369.363444 369.363444 331.913444 331.913444
30 369.363438 369.363438 331.913438 331.913438
32 369.363431 369.363431 331.913431 331.913431
33 369.363423 369.363423 331.913423 331.913423
36 369.363414 369.363414 331.913414 331.913414
38 369.363404 369.363404 331.913404 331.913404
39 369.363393 369.363393 331.913393 331.913393
161 341.935309 341.935309 304.485309 304.485309
162 341.935289 341.935289 304.485289 304.485289
164 341.935287 341.935287 304.485287 304.485287
166 341.935286 341.935286 304.485286 304.485286
167 341.935284 341.935284 304.485284 304.485284
169 341.935282 341.935282 304.485282 304.485282
172 341.935280 341.935280 304.485280 304.485280
174 341.935278 341.935278 304.485278 304.485278
175 341.935275 341.935275 304.485275 304.485275
178 341.935272 341.935272 304.485272 304.485272
180 341.935269 341.935269 304.485269 304.485269
182 341.935265 341.935265 304.485265 304.485265
184 341.935261 341.935261 304.485261 304.485261
185 341.935256 341.935256 304.485256 304.485256
187 341.935250 341.935250 304.485250 304.485250
190 341.935244 341.935244 304.485244 304.485244
192 341.935237 341.935237 304.485237 304.485237
193 341.935229 341.935229 304.485229 304.485229
196 341.935220 341.935220 304.485220 304.485220
198 341.935210 341.935210 304.485210 304.485210
199 341.935199 341.935199 304.485199 304.485199
601 311.588229 311.588229 274.138229 274.138229
602 311.588209 311.588209 274.138209 274.138209
604 311.588207 311.588207 274.138207 274.138207
606 311.588206 311.588206 274.138206 274.138206
607 311.588204 311.588204 274.138204 274.138204
609 311.588202 311.588202 274.138202 274.138202
612 311.588200 311.588200 274.138200 274.138200
614 311.588198 311.588198 274.138198 274.138198
615 311.588195 311.588195 274.138195 274.138195
618 311.588192 311.588192 274.138192 274.138192
620 311.588189 311.588189 274.138189 274.138189
622 311.588185 311.588185 274.138185 274.138185
624 311.588181 311.588181 274.138181 274.138181
625 311.588176 311.588176 274.138176 274.138176
627 311.588170 311.588170 274.138170 274.138170
630 311.588164 311.588164 274.138164 274.138164
632 311.588157 311.588157 274.138157 274.138157
633 311.588149 311.588149 274.138149 274.138149
636 311.588140 311.588140 274.138140 274.138140
638 311.588130 311.588130 274.138130 274.138130
639 311.588119 311.588119 274.138119 274.138119
721 304.892337 304.892337 267.442337 267.442337
722 304.892317 304.892317 267.442317 267.442317
724 304.892316 304.892316 267.442316 267.442316
726 304.892314 304.892314 267.442314 267.442314
727 304.892313 304.892313 267.442313 267.442313
729 304.892311 304.892311 267.442311 267.442311
732 304.892309 304.892309 267.442309 267.442309
734 304.892306 304.892306 267.442306 267.442306
735 304.892304 304.892304 267.442304 267.442304
738 304.892301 304.892301 267.442301 267.442301
740 304.892297 304.892297 267.442297 267.442297
742 304.892293 304.892293 267.442293 267.442293
744 304.892289 304.892289 267.442289 267.442289
745 304.892284 304.892284 267.442284 267.442284
747 304.892279 304.892279 267.442279 267.442279
750 304.892272 304.892272 267.442272 267.442272
752 304.892265 304.892265 267.442265 267.442265
753 304.892258 304.892258 267.442258 267.442258
756 304.892249 304.892249 267.442249 267.442249
758 304.892238 304.892238 267.442238 267.442238
759 304.892227 304.892227 267.442227 267.442227
1721 229.295800 229.295800 191.845800 191.845800
1722 229.295780 229.295780 191.845780 191.845780
1724 229.295779 229.295779 191.845779 191.845779
1726 229.295777 229.295777 191.845777 191.845777
1727 229.295776 229.295776 191.845776 191.845776
1729 229.295774 229.295774 191.845774 191.845774
1732 229.295772 229.295772 191.845772 191.845772
1734 229.295769 229.295769 191.845769 191.845769
1735 229.295767 229.295767 191.845767 191.845767
1738 229.295764 229.295764 191.845764 191.845764
1740 229.295760 229.295760 191.845760 191.845760
1742 229.295756 229.295756 191.845756 191.845756
1744 229.295752 229.295752 191.845752 191.845752
1745 229.295747 229.295747 191.845747 191.845747
1747 229.295742 229.295742 191.845742 191.845742
1750 229.295735 229.295735 191.845735 191.845735
1752 229.295728 229.295728 191.845728 191.845728
1753 229.295720 229.295720 191.845720 191.845720
1756 229.295711 229.295711 191.845711 191.845711
1758 229.295701 229.295701 191.845701 191.845701
1759 229.295690 229.295690 191.845690 191.845690
270000 230658312984262141025399074372278451481679676103821345867956224.000000 229.295690 230658312984262141025399074372278451481679676103821345867956224.000000 191.845690
"function evaluation" "current f(x)" "best-so-far f(x)" "current af(x)+b"  "best af(x)+b"
1 420.153820 420.153820 382.703820 382.703820
2 420.153800 420.153800 382.703800 382.703800
4 420.153798 420.153798 382.703798 382.703798
6 420.153797 420.153797 382.703797 382.703797
7 420.153795 420.153795 382.703795 382.703795
9 420.153794 420.153794 382.703794 382.703794
12 420.153791 420.153791 382.703791 382.703791
14 420.153789 420.153789 382.703789 382.703789
15 420.153786 420.153786 382.703786 382.703786
18 420.153783 420.153783 382.703783 382.703783
20 420.153780 420.153780 382.703780 382.703780
22 420.153776 420.153776 382.703776 382.703776
24 420.153772 420.153772 382.703772 382.703772
25 420.153767 420.153767 382.703767 382.703767
27 420.153761 420.153761 382.703761 382.703761
30 420.153755 420.153755 382.703755 382.703755
32 420.153748 420.153748 382.703748 382.703748
33 420.153740 420.153740 382.703740 382.703740
36 420.153731 420.153731 382.703731 382.703731
38 420.153721 420.153721 382.703721 382.703721
39 420.153710 420.153710 382.703710 382.703710
81 407.306768 407.306768 369.856768 369.856768
82 407.306748 407.306748 369.856748 369.856748
84 407.306747 407.306747 369.856747 369.856747
86 407.306746 407.306746 369.856746 369.856746
87 407.306744 407.306744 369.856744 369.856744
89 407.306742 407.306742 369.856742 369.856742
92 407.306740 407.306740 369.856740 369.856740
94 407.306738 407.306738 369.856738 369.856738
95 407.306735 407.306735 369.856735 369.856735
98 407.306732 407.306732 369.856732 369.856732
100 407.306729 407.306729 369.856729 369.856729
102 407.306725 407.306725 369.856725 369.856725
104 407.306720 407.306720 369.856720 369.856720
105 407.306716 407.306716 369.856716 369.856716
107 407.306710 407.306710 369.856710 369.856710
110 407.306704 407.306704 369.856704 369.856704
112 407.306697 407.306697 369.856697 369.856697
113 407.306689 407.306689 369.856689 369.856689
116 407.306680 407.306680 369.856680 369.856680
118 407.306670 407.306670 369.856670 369.856670
119 407.306658 407.306658 369.856658 369.856658
121 348.141153 348.141153 310.691153 310.691153
122 348.141133 348.141133 310.691133 310.691133
124 348.141132 348.141132 310.691132 310.691132
126 348.141130 348.141130 310.691130 310.691130
127 348.141129 348.141129 310.691129 310.691129
129 348.141127 348.141127 310.691127 310.691127
132 348.141125 348.141125 310.691125 310.691125
134 348.141122 348.141122 310.691122 310.691122
135 348.141120 348.141120 310.691120 310.691120
138 348.141117 348.141117 310.691117 310.691117
140 348.141113 348.141113 310.691113 310.691113
142 348.141110 348.141110 310.691110 310.691110
144 348.141105 348.141105 310.691105 310.691105
145 348.141100 348.141100 310.691100 310.691100
147 348.141095 348.141095 310.691095 310.691095
150 348.141089 348.141089 310.691089 310.691089
152 348.141082 348.141082 310.691082 310.691082
153 348.141074 348.141074 310.691074 310.691074
156 348.141065 348.141065 310.691065 310.691065
158 348.141055 348.141055 310.691055 310.691055
159 348.141043 348.141043 310.691043 310.691043
761 337.525226 337.525226 300.075226 300.075226
762 337.525206 337.525206 300.075206 300.075206
764 337.525205 337.525205 300.075205 300.075205
766 337.525204 337.525204 300.075204 300.075204
767 337.525202 337.525202 300.075202 300.075202
769 337.525200 337.525200 300.075200 300.075200
772 337.525198 337.525198 300.075198 300.075198
774 337.525196 337.525196 300.075196 300.075196
775 337.525193 337.525193 300.075193 300.075193
778 337.525190 337.525190 300.075190 300.075190
780 337.525187 337.525187 300.075187 300.075187
782 337.525183 337.525183 300.075183 300.075183
784 337.525179 337.525179 300.075179 300.075179
785 337.525174 337.525174 300.075174 300.075174
787 337.525168 337.525168 300.075168 300.075168
790 337.525162 337.525162 300.075162 300.075162
792 337.525155 337.525155 300.075155 300.075155
793 337.525147 337.525147 300.075147 300.075147
796 337.525138 337.525138 300.075138 300.075138
798 337.525128 337.525128 300.075128 300.075128
799 337.525116 337.525116 300.075116 300.075116
921 315.540737 315.540737 278.090737 278.090737
922 315.540717 315.540717 278.090717 278.090717
924 315.540716 315.540716 278.090716 278.090716
926 315.540715 315.540715 278.090715 278.090715
927 315.540713 315.540713 278.090713 278.090713
929 315.540711 315.540711 278.090711 278.090711
932 315.540709 315.540709 278.090709 278.090709
934 315.540707 315.540707 278.090707 278.090707
935 315.540704 315.540704 278.090704 278.090704
938 315.540701 315.540701 278.090701 278.090701
940 315.540698 315.540698 278.090698 278.090698
942 315.540694 315.540694 278.090694 278.090694
944 315.540690 315.540690 278.090690 278.090690
945 315.540685 315.540685 278.090685 278.090685
947 315.540679 315.540679 278.090679 278.090679
950 315.540673 315.540673 278.090673 278.090673
952 315.540666 315.540666 278.090666 278.090666
953 315.540658 315.540658 278.090658 278.090658
956 315.540649 315.540649 278.090649 278.090649
958 315.540639 315.540639 278.090639 278.090639
959 315.540627 315.540627 278.090627 278.090627
1121 280.258354 280.258354 242.808354 242.808354
1122 280.258334 280.258334 242.808334 242.808334
1124 280.258333 280.258333 242.808333 242.808333
1126 280.258332 280.258332 242.808332 242.808332
1127 280.258330 280.258330 242.808330 242.808330
1129 280.258328 280.258328 242.808328 242.808328
1132 280.258326 280.258326 242.808326 242.808326
1134 280.258324 280.258324 242.808324 242.808324
1135 280.258321 280.258321 242.808321 242.808321
1138 280.258318 280.258318 242.808318 242.808318
1140 280.258315 280.258315 242.808315 242.808315
1142 280.258311 280.258311 242.808311 242.808311
1144 280.258307 280.258307 242.808307 242.808307
1145 280.258302 280.258302 242.808302 242.808302
1147 280.258296 280.258296 242.808296 242.808296
1150 280.258290 280.258290 242.808290 242.808290
1152 280.258283 280.258283 242.808283 242.808283
1153 280.258275 280.258275 242.808275 242.808275
1156 280.258266 280.258266 242.808266 242.808266
1158 280.258256 280.258256 242.808256 242.808256
1159 280.258244 280.258244 242.808244 242.808244
1561 279.614923 279.614923 242.164923 242.164923
1562 279.614903 279.614903 242.164903 242.164903
1564 279.614902 279.614902 242.164902 242.164902
1566 279.614900 279.614900 242.164900 242.164900
1567 279.614899 279.614899 242.164899 242.164899
1569 279.614897 279.614897 242.164897 242.164897
1572 279.614895 279.614895 242.164895 242.164895
1574 279.614892 279.614892 242.164892 242.164892
1575 279.614890 279.614890 242.164890 242.164890
1578 279.614887 279.614887 242.164887 242.164887
1580 279.614883 279.614883 242.164883 242.164883
1582 279.614879 279.614879 242.164879 242.164879
1584 279.614875 279.614875 242.164875 242.164875
1585 279.614870 279.614870 242.164870 242.164870
1587 279.614865 279.614865 242.164865 242.164865
1590 279.614858 279.614858 242.164858 242.164858
1592 279.614851 279.614851 242.164851 242.164851
1593 279.614843 279.614843 242.164843 242.164843
1596 279.614834 279.614834 242.164834 242.164834
1598 279.614824 279.614824 242.164824 242.164824
1599 279.614813 279.614813 242.164813 242.164813
270000 117418769723054365060011639650098849649455456151250348902711296.000000 279.614813 117418769723054365060011639650098849649455456151250348902711296.000000 242.164813
