"function evaluation" "current f(x)" "best-so-far f(x)" "current af(x)+b"  "best af(x)+b"
1 260.920544 260.920544 340.400544 340.400544
2 260.920462 260.920462 340.400462 340.400462
8 260.920459 260.920459 340.400459 340.400459
9 260.920454 260.920454 340.400454 340.400454
19 260.920428 260.920428 340.400428 340.400428
21 260.920421 260.920421 340.400421 340.400421
41 184.666353 184.666353 264.146353 264.146353
42 184.666315 184.666315 264.146315 264.146315
43 184.666286 184.666286 264.146286 264.146286
59 184.666285 184.666285 264.146285 264.146285
72 184.666274 184.666274 264.146274 264.146274
361 172.042097 172.042097 251.522097 251.522097
363 172.042067 172.042067 251.522067 251.522067
395 172.042065 172.042065 251.522065 251.522065
561 161.740323 161.740323 241.220323 241.220323
564 161.740307 161.740307 241.220307 241.220307
568 161.740256 161.740256 241.220256 241.220256
2018 143.472169 143.472169 222.952169 222.952169
2156 135.315700 135.315700 214.795700 214.795700
2158 130.544317 130.544317 210.024317 210.024317
2164 125.967094 125.967094 205.447094 205.447094
2241 125.258387 125.258387 204.738387 204.738387
2242 121.652318 121.652318 201.132318 201.132318
2246 120.023826 120.023826 199.503826 199.503826
3412 120.023824 120.023824 199.503824 199.503824
3414 120.023811 120.023811 199.503811 199.503811
3418 120.023766 120.023766 199.503766 199.503766
4996 95.802635 95.802635 175.282635 175.282635
5582 85.558001 85.558001 165.038001 165.038001
5585 81.858088 81.858088 161.338088 161.338088
5587 66.854880 66.854880 146.334880 146.334880
5591 62.024215 62.024215 141.504215 141.504215
5593 59.339275 59.339275 138.819275 138.819275
7422 59.339251 59.339251 138.819251 138.819251
7428 59.339241 59.339241 138.819241 138.819241
7435 59.339236 59.339236 138.819236 138.819236
7718 42.906374 42.906374 122.386374 122.386374
7722 36.910528 36.910528 116.390528 116.390528
7727 22.737783 22.737783 102.217783 102.217783
7731 16.671936 16.671936 96.151936 96.151936
8360 11.835389 11.835389 91.315389 91.315389
10071 11.835389 11.835389 91.315389 91.315389
10074 11.835379 11.835379 91.315379 91.315379
10087 11.835373 11.835373 91.315373 91.315373
10568 3.575196 3.575196 83.055196 83.055196
10581 3.274348 3.274348 82.754348 82.754348
10928 2.441271 2.441271 81.921271 81.921271
10938 2.336821 2.336821 81.816821 81.816821
12281 2.336821 2.336821 81.816821 81.816821
12283 2.336820 2.336820 81.816820 81.816820
12285 2.336814 2.336814 81.816814 81.816814
12320 2.336813 2.336813 81.816813 81.816813
13418 1.819404 1.819404 81.299404 81.299404
13420 0.912929 0.912929 80.392929 80.392929
13780 0.838658 0.838658 80.318658 80.318658
15132 0.838658 0.838658 80.318658 80.318658
15134 0.838657 0.838657 80.318657 80.318657
15136 0.838655 0.838655 80.318655 80.318655
15140 0.838651 0.838651 80.318651 80.318651
16268 0.416258 0.416258 79.896258 79.896258
16271 0.293402 0.293402 79.773402 79.773402
16281 0.247568 0.247568 79.727568 79.727568
16627 0.181378 0.181378 79.661378 79.661378
16635 0.128755 0.128755 79.608755 79.608755
16638 0.070705 0.070705 79.550705 79.550705
17982 0.070705 0.070705 79.550705 79.550705
17983 0.070705 0.070705 79.550705 79.550705
17986 0.070704 0.070704 79.550704 79.550704
17994 0.070704 0.070704 79.550704 79.550704
17998 0.070704 0.070704 79.550704 79.550704
19121 0.070431 0.070431 79.550431 79.550431
19123 0.069868 0.069868 79.549868 79.549868
19130 0.066432 0.066432 79.546432 79.546432
19475 0.045061 0.045061 79.525061 79.525061
19477 0.044995 0.044995 79.524995 79.524995
19478 0.018463 0.018463 79.498463 79.498463
19481 0.017177 0.017177 79.497177 79.497177
20831 0.017177 0.017177 79.497177 79.497177
20834 0.017177 0.017177 79.497177 79.497177
20836 0.017176 0.017176 79.497176 79.497176
20853 0.017176 0.017176 79.497176 79.497176
20857 0.017176 0.017176 79.497176 79.497176
20868 0.017176 0.017176 79.497176 79.497176
22327 0.005773 0.005773 79.485773 79.485773
22334 0.005270 0.005270 79.485270 79.485270
22559 0.004154 0.004154 79.484154 79.484154
24201 0.004153 0.004153 79.484153 79.484153
24213 0.004153 0.004153 79.484153 79.484153
24231 0.004153 0.004153 79.484153 79.484153
25175 0.002231 0.002231 79.482231 79.482231
25177 0.002017 0.002017 79.482017 79.482017
25178 0.001852 0.001852 79.481852 79.481852
25184 0.001077 0.001077 79.481077 79.481077
25398 0.000450 0.000450 79.480450 79.480450
27051 0.000450 0.000450 79.480450 79.480450
27063 0.000450 0.000450 79.480450 79.480450
27066 0.000450 0.000450 79.480450 79.480450
28028 0.000445 0.000445 79.480445 79.480445
28030 0.000421 0.000421 79.480421 79.480421
28031 0.000376 0.000376 79.480376 79.480376
28034 0.000135 0.000135 79.480135 79.480135
28259 0.000126 0.000126 79.480126 79.480126
29901 0.000126 0.000126 79.480126 79.480126
29912 0.000126 0.000126 79.480126 79.480126
29917 0.000126 0.000126 79.480126 79.480126
30544 0.000088 0.000088 79.480088 79.480088
30877 0.000073 0.000073 79.480073 79.480073
30882 0.000071 0.000071 79.480071 79.480071
30887 0.000058 0.000058 79.480058 79.480058
31096 0.000047 0.000047 79.480047 79.480047
31100 0.000044 0.000044 79.480044 79.480044
31105 0.000035 0.000035 79.480035 79.480035
31109 0.000029 0.000029 79.480029 79.480029
32751 0.000029 0.000029 79.480029 79.480029
32759 0.000029 0.000029 79.480029 79.480029
32768 0.000029 0.000029 79.480029 79.480029
32771 0.000029 0.000029 79.480029 79.480029
32790 0.000029 0.000029 79.480029 79.480029
33385 0.000026 0.000026 79.480026 79.480026
33388 0.000020 0.000020 79.480020 79.480020
33389 0.000014 0.000014 79.480014 79.480014
33392 0.000012 0.000012 79.480012 79.480012
33398 0.000011 0.000011 79.480011 79.480011
34282 0.000011 0.000011 79.480011 79.480011
34308 0.000011 0.000011 79.480011 79.480011
36235 0.000004 0.000004 79.480004 79.480004
36240 0.000003 0.000003 79.480003 79.480003
36244 0.000002 0.000002 79.480002 79.480002
37132 0.000002 0.000002 79.480002 79.480002
39085 0.000001 0.000001 79.480001 79.480001
39098 0.000001 0.000001 79.480001 79.480001
39981 0.000001 0.000001 79.480001 79.480001
41927 0.000001 0.000001 79.480001 79.480001
41931 0.000001 0.000001 79.480001 79.480001
41935 0.000000 0.000000 79.480000 79.480000
41937 0.000000 0.000000 79.480000 79.480000
41938 0.000000 0.000000 79.480000 79.480000
42285 0.000000 0.000000 79.480000 79.480000
42288 0.000000 0.000000 79.480000 79.480000
43632 0.000000 0.000000 79.480000 79.480000
43633 0.000000 0.000000 79.480000 79.480000
43641 0.000000 0.000000 79.480000 79.480000
44779 0.000000 0.000000 79.480000 79.480000
44788 0.000000 0.000000 79.480000 79.480000
44796 0.000000 0.000000 79.480000 79.480000
44798 0.000000 0.000000 79.480000 79.480000
45130 0.000000 0.000000 79.480000 79.480000
45357 0.000000 0.000000 79.480000 79.480000
45697 0.000000 0.000000 79.480000 79.480000
46494 0.000000 0.000000 79.480000 79.480000
47034 0.000000 0.000000 79.480000 79.480000
47040 0.000000 0.000000 79.480000 79.480000
47621 0.000000 0.000000 79.480000 79.480000
47631 0.000000 0.000000 79.480000 79.480000
47635 0.000000 0.000000 79.480000 79.480000
47639 0.000000 0.000000 79.480000 79.480000
48196 0.000000 0.000000 79.480000 79.480000
48198 0.000000 0.000000 79.480000 79.480000
48201 0.000000 0.000000 79.480000 79.480000
49851 0.000000 0.000000 79.480000 79.480000
49853 0.000000 0.000000 79.480000 79.480000
49859 0.000000 0.000000 79.480000 79.480000
49875 0.000000 0.000000 79.480000 79.480000
49884 0.000000 0.000000 79.480000 79.480000
50489 0.000000 0.000000 79.480000 79.480000
50490 0.000000 0.000000 79.480000 79.480000
50491 0.000000 0.000000 79.480000 79.480000
51383 0.000000 0.000000 79.480000 79.480000
51392 0.000000 0.000000 79.480000 79.480000
51420 0.000000 0.000000 79.480000 79.480000
53335 0.000000 0.000000 79.480000 79.480000
53337 0.000000 0.000000 79.480000 79.480000
53338 0.000000 0.000000 79.480000 79.480000
53340 0.000000 0.000000 79.480000 79.480000
53341 0.000000 0.000000 79.480000 79.480000
53345 0.000000 0.000000 79.480000 79.480000
53348 0.000000 0.000000 79.480000 79.480000
54234 0.000000 0.000000 79.480000 79.480000
54241 0.000000 0.000000 79.480000 79.480000
54265 0.000000 0.000000 79.480000 79.480000
55065 0.000000 0.000000 79.480000 79.480000
56185 0.000000 0.000000 79.480000 79.480000
56191 0.000000 0.000000 79.480000 79.480000
56528 0.000000 0.000000 79.480000 79.480000
56538 0.000000 0.000000 79.480000 79.480000
57895 0.000000 0.000000 79.480000 79.480000
59037 0.000000 0.000000 79.480000 79.480000
59040 0.000000 0.000000 79.480000 79.480000
59048 0.000000 0.000000 79.480000 79.480000
59388 0.000000 0.000000 79.480000 79.480000
61885 0.000000 0.000000 79.480000 79.480000
61887 0.000000 0.000000 79.480000 79.480000
61888 0.000000 0.000000 79.480000 79.480000
61889 0.000000 0.000000 79.480000 79.480000
61890 0.000000 0.000000 79.480000 79.480000
61895 0.000000 0.000000 79.480000 79.480000
61898 0.000000 0.000000 79.480000 79.480000
62225 0.000000 0.000000 79.480000 79.480000
65075 0.000000 0.000000 79.480000 79.480000
65082 0.000000 0.000000 79.480000 79.480000
67925 0.000000 0.000000 79.480000 79.480000
70775 0.000000 0.000000 79.480000 79.480000
70778 0.000000 0.000000 79.480000 79.480000
285000 0.000000 0.000000 0.000000 79.480000
"function evaluation" "current f(x)" "best-so-far f(x)" "current af(x)+b"  "best af(x)+b"
1 188.247155 188.247155 267.727155 267.727155
2 188.247073 188.247073 267.727073 267.727073
3 188.247072 188.247072 267.727072 267.727072
12 188.247070 188.247070 267.727070 267.727070
32 188.247046 188.247046 267.727046 267.727046
401 179.950849 179.950849 259.430849 259.430849
409 179.950843 179.950843 259.430843 259.430843
411 179.950840 179.950840 259.430840 259.430840
419 179.950839 179.950839 259.430839 259.430839
1361 177.496429 177.496429 256.976429 256.976429
1364 177.496411 177.496411 256.976411 256.976411
1365 177.496399 177.496399 256.976399 256.976399
1374 177.496393 177.496393 256.976393 256.976393
1395 177.496389 177.496389 256.976389 256.976389
2001 157.461183 157.461183 236.941183 236.941183
2003 154.740118 154.740118 234.220118 234.220118
2005 153.915463 153.915463 233.395463 233.395463
2013 151.127922 151.127922 230.607922 230.607922
2171 140.831969 140.831969 220.311969 220.311969
2177 140.054272 140.054272 219.534272 219.534272
2179 126.591796 126.591796 206.071796 206.071796
3251 126.591767 126.591767 206.071767 206.071767
3259 126.591759 126.591759 206.071759 206.071759
3261 126.591755 126.591755 206.071755 206.071755
4868 112.294343 112.294343 191.774343 191.774343
5283 105.335678 105.335678 184.815678 184.815678
6701 105.335665 105.335665 184.815665 184.815665
6703 105.335653 105.335653 184.815653 184.815653
6715 105.335644 105.335644 184.815644 184.815644
6719 105.335620 105.335620 184.815620 184.815620
7701 74.835558 74.835558 154.315558 154.315558
7707 69.259779 69.259779 148.739779 148.739779
7708 68.642922 68.642922 148.122922 148.122922
7718 60.205078 60.205078 139.685078 139.685078
7720 34.259068 34.259068 113.739068 113.739068
7731 26.589401 26.589401 106.069401 106.069401
7756 25.673884 25.673884 105.153884 105.153884
7765 20.492026 20.492026 99.972026 99.972026
7848 19.647150 19.647150 99.127150 99.127150
7958 15.909465 15.909465 95.389465 95.389465
8139 15.415760 15.415760 94.895760 94.895760
8190 14.433745 14.433745 93.913745 93.913745
8539 13.590921 13.590921 93.070921 93.070921
8547 4.148094 4.148094 83.628094 83.628094
10511 4.148094 4.148094 83.628094 83.628094
10515 4.148093 4.148093 83.628093 83.628093
10517 4.148093 4.148093 83.628093 83.628093
10519 4.148089 4.148089 83.628089 83.628089
10526 4.148085 4.148085 83.628085 83.628085
10544 4.148082 4.148082 83.628082 83.628082
10581 3.349354 3.349354 82.829354 82.829354
10687 3.087096 3.087096 82.567096 82.567096
10691 2.824097 2.824097 82.304097 82.304097
10700 2.493486 2.493486 81.973486 81.973486
10808 2.082460 2.082460 81.562460 81.562460
10813 1.861773 1.861773 81.341773 81.341773
11393 1.781637 1.781637 81.261637 81.261637
11397 1.548911 1.548911 81.028911 81.028911
13361 1.548911 1.548911 81.028911 81.028911
13365 1.548911 1.548911 81.028911 81.028911
13369 1.548910 1.548910 81.028910 81.028910
13374 1.548910 1.548910 81.028910 81.028910
13375 1.548904 1.548904 81.028904 81.028904
13541 1.505236 1.505236 80.985236 80.985236
13660 0.962060 0.962060 80.442060 80.442060
13828 0.827135 0.827135 80.307135 80.307135
13835 0.737970 0.737970 80.217970 80.217970
14236 0.533079 0.533079 80.013079 80.013079
14240 0.131643 0.131643 79.611643 79.611643
16212 0.131643 0.131643 79.611643 79.611643
16216 0.131642 0.131642 79.611642 79.611642
16224 0.131642 0.131642 79.611642 79.611642
16225 0.131642 0.131642 79.611642 79.611642
16230 0.131641 0.131641 79.611641 79.611641
16681 0.127297 0.127297 79.607297 79.607297
16682 0.093765 0.093765 79.573765 79.573765
16689 0.068499 0.068499 79.548499 79.548499
17086 0.050099 0.050099 79.530099 79.530099
17089 0.037149 0.037149 79.517149 79.517149
17097 0.020062 0.020062 79.500062 79.500062
19062 0.020062 0.020062 79.500062 79.500062
19065 0.020062 0.020062 79.500062 79.500062
19069 0.020062 0.020062 79.500062 79.500062
19073 0.020062 0.020062 79.500062 79.500062
19076 0.020062 0.020062 79.500062 79.500062
19098 0.020061 0.020061 79.500061 79.500061
19537 0.019991 0.019991 79.499991 79.499991
19934 0.014140 0.014140 79.494140 79.494140
19936 0.014124 0.014124 79.494124 79.494124
19937 0.013344 0.013344 79.493344 79.493344
19938 0.009805 0.009805 79.489805 79.489805
19943 0.009450 0.009450 79.489450 79.489450
21912 0.009450 0.009450 79.489450 79.489450
21915 0.009450 0.009450 79.489450 79.489450
21923 0.009450 0.009450 79.489450 79.489450
21926 0.009449 0.009449 79.489449 79.489449
22376 0.006297 0.006297 79.486297 79.486297
22378 0.004936 0.004936 79.484936 79.484936
22559 0.002883 0.002883 79.482883 79.482883
24202 0.002883 0.002883 79.482883 79.482883
24204 0.002883 0.002883 79.482883 79.482883
24213 0.002882 0.002882 79.482882 79.482882
24949 0.002061 0.002061 79.482061 79.482061
24950 0.000945 0.000945 79.480945 79.480945
25972 0.000945 0.000945 79.480945 79.480945
25974 0.000945 0.000945 79.480945 79.480945
25975 0.000945 0.000945 79.480945 79.480945
25978 0.000945 0.000945 79.480945 79.480945
25983 0.000945 0.000945 79.480945 79.480945
25987 0.000945 0.000945 79.480945 79.480945
25990 0.000945 0.000945 79.480945 79.480945
25998 0.000945 0.000945 79.480945 79.480945
26003 0.000945 0.000945 79.480945 79.480945
27671 0.000427 0.000427 79.480427 79.480427
27787 0.000237 0.000237 79.480237 79.480237
27789 0.000220 0.000220 79.480220 79.480220
27794 0.000170 0.000170 79.480170 79.480170
28822 0.000170 0.000170 79.480170 79.480170
28824 0.000170 0.000170 79.480170 79.480170
28825 0.000170 0.000170 79.480170 79.480170
28837 0.000170 0.000170 79.480170 79.480170
30530 0.000162 0.000162 79.480162 79.480162
30611 0.000076 0.000076 79.480076 79.480076
30616 0.000040 0.000040 79.480040 79.480040
31591 0.000040 0.000040 79.480040 79.480040
31594 0.000040 0.000040 79.480040 79.480040
31628 0.000040 0.000040 79.480040 79.480040
33453 0.000013 0.000013 79.480013 79.480013
33457 0.000013 0.000013 79.480013 79.480013
33458 0.000011 0.000011 79.480011 79.480011
33459 0.000010 0.000010 79.480010 79.480010
33461 0.000010 0.000010 79.480010 79.480010
33466 0.000010 0.000010 79.480010 79.480010
34444 0.000010 0.000010 79.480010 79.480010
34448 0.000010 0.000010 79.480010 79.480010
36303 0.000010 0.000010 79.480010 79.480010
36305 0.000009 0.000009 79.480009 79.480009
36307 0.000008 0.000008 79.480008 79.480008
36313 0.000008 0.000008 79.480008 79.480008
36822 0.000005 0.000005 79.480005 79.480005
38491 0.000005 0.000005 79.480005 79.480005
39076 0.000005 0.000005 79.480005 79.480005
39153 0.000002 0.000002 79.480002 79.480002
39160 0.000002 0.000002 79.480002 79.480002
39166 0.000002 0.000002 79.480002 79.480002
39421 0.000002 0.000002 79.480002 79.480002
39665 0.000001 0.000001 79.480001 79.480001
39667 0.000001 0.000001 79.480001 79.480001
39676 0.000001 0.000001 79.480001 79.480001
41341 0.000001 0.000001 79.480001 79.480001
41918 0.000001 0.000001 79.480001 79.480001
41920 0.000001 0.000001 79.480001 79.480001
41924 0.000000 0.000000 79.480000 79.480000
42791 0.000000 0.000000 79.480000 79.480000
42793 0.000000 0.000000 79.480000 79.480000
42795 0.000000 0.000000 79.480000 79.480000
42800 0.000000 0.000000 79.480000 79.480000
42801 0.000000 0.000000 79.480000 79.480000
42804 0.000000 0.000000 79.480000 79.480000
42808 0.000000 0.000000 79.480000 79.480000
44768 0.000000 0.000000 79.480000 79.480000
44770 0.000000 0.000000 79.480000 79.480000
44771 0.000000 0.000000 79.480000 79.480000
44773 0.000000 0.000000 79.480000 79.480000
44853 0.000000 0.000000 79.480000 79.480000
44856 0.000000 0.000000 79.480000 79.480000
45844 0.000000 0.000000 79.480000 79.480000
45856 0.000000 0.000000 79.480000 79.480000
47618 0.000000 0.000000 79.480000 79.480000
47626 0.000000 0.000000 79.480000 79.480000
47629 0.000000 0.000000 79.480000 79.480000
47631 0.000000 0.000000 79.480000 79.480000
48221 0.000000 0.000000 79.480000 79.480000
48223 0.000000 0.000000 79.480000 79.480000
49892 0.000000 0.000000 79.480000 79.480000
49893 0.000000 0.000000 79.480000 79.480000
49910 0.000000 0.000000 79.480000 79.480000
50471 0.000000 0.000000 79.480000 79.480000
50481 0.000000 0.000000 79.480000 79.480000
51346 0.000000 0.000000 79.480000 79.480000
51350 0.000000 0.000000 79.480000 79.480000
51351 0.000000 0.000000 79.480000 79.480000
51353 0.000000 0.000000 79.480000 79.480000
53320 0.000000 0.000000 79.480000 79.480000
53322 0.000000 0.000000 79.480000 79.480000
53328 0.000000 0.000000 79.480000 79.480000
53331 0.000000 0.000000 79.480000 79.480000
53407 0.000000 0.000000 79.480000 79.480000
53410 0.000000 0.000000 79.480000 79.480000
53680 0.000000 0.000000 79.480000 79.480000
53688 0.000000 0.000000 79.480000 79.480000
55031 0.000000 0.000000 79.480000 79.480000
55039 0.000000 0.000000 79.480000 79.480000
55049 0.000000 0.000000 79.480000 79.480000
56170 0.000000 0.000000 79.480000 79.480000
56172 0.000000 0.000000 79.480000 79.480000
56510 0.000000 0.000000 79.480000 79.480000
56517 0.000000 0.000000 79.480000 79.480000
56527 0.000000 0.000000 79.480000 79.480000
56533 0.000000 0.000000 79.480000 79.480000
57867 0.000000 0.000000 79.480000 79.480000
57890 0.000000 0.000000 79.480000 79.480000
59022 0.000000 0.000000 79.480000 79.480000
59025 0.000000 0.000000 79.480000 79.480000
59027 0.000000 0.000000 79.480000 79.480000
59031 0.000000 0.000000 79.480000 79.480000
59904 0.000000 0.000000 79.480000 79.480000
59910 0.000000 0.000000 79.480000 79.480000
59927 0.000000 0.000000 79.480000 79.480000
61957 0.000000 0.000000 79.480000 79.480000
61963 0.000000 0.000000 79.480000 79.480000
61964 0.000000 0.000000 79.480000 79.480000
62225 0.000000 0.000000 79.480000 79.480000
64803 0.000000 0.000000 79.480000 79.480000
64807 0.000000 0.000000 79.480000 79.480000
64808 0.000000 0.000000 79.480000 79.480000
64809 0.000000 0.000000 79.480000 79.480000
64810 0.000000 0.000000 79.480000 79.480000
65150 0.000000 0.000000 79.480000 79.480000
66409 0.000000 0.000000 79.480000 79.480000
67653 0.000000 0.000000 79.480000 79.480000
68000 0.000000 0.000000 79.480000 79.480000
70503 0.000000 0.000000 79.480000 79.480000
70515 0.000000 0.000000 79.480000 79.480000
70779 0.000000 0.000000 79.480000 79.480000
70786 0.000000 0.000000 79.480000 79.480000
73356 0.000000 0.000000 79.480000 79.480000
73357 0.000000 0.000000 79.480000 79.480000
73363 0.000000 0.000000 79.480000 79.480000
76205 0.000000 0.000000 79.480000 79.480000
76211 0.000000 0.000000 79.480000 79.480000
76547 0.000000 0.000000 79.480000 79.480000
285000 0.000000 0.000000 0.000000 79.480000
"function evaluation" "current f(x)" "best-so-far f(x)" "current af(x)+b"  "best af(x)+b"
1 195.799881 195.799881 275.279881 275.279881
4 195.799860 195.799860 275.279860 275.279860
14 195.799855 195.799855 275.279855 275.279855
19 195.799853 195.799853 275.279853 275.279853
24 195.799831 195.799831 275.279831 275.279831
30 195.799810 195.799810 275.279810 275.279810
81 155.017146 155.017146 234.497146 234.497146
82 155.017138 155.017138 234.497138 234.497138
84 155.017125 155.017125 234.497125 234.497125
85 155.017097 155.017097 234.497097 234.497097
93 155.017097 155.017097 234.497097 234.497097
96 155.017094 155.017094 234.497094 234.497094
281 116.823527 116.823527 196.303527 196.303527
2120 83.495975 83.495975 162.975975 162.975975
3131 83.495936 83.495936 162.975936 162.975936
4977 72.946325 72.946325 152.426325 152.426325
5981 72.946288 72.946288 152.426288 152.426288
5989 72.946283 72.946283 152.426283 152.426283
7701 52.179692 52.179692 131.659692 131.659692
7707 43.730637 43.730637 123.210637 123.210637
7708 41.961872 41.961872 121.441872 121.441872
7710 39.262259 39.262259 118.742259 118.742259
7711 35.959795 35.959795 115.439795 115.439795
7714 28.269437 28.269437 107.749437 107.749437
7727 25.505641 25.505641 104.985641 104.985641
7775 18.568436 18.568436 98.048436 98.048436
7782 15.923506 15.923506 95.403506 95.403506
8712 15.923492 15.923492 95.403492 95.403492
8731 15.923480 15.923480 95.403480 95.403480
10551 12.028183 12.028183 91.508183 91.508183
10555 11.828445 11.828445 91.308445 91.308445
10557 10.034265 10.034265 89.514265 89.514265
10561 8.124399 8.124399 87.604399 87.604399
10628 7.204784 7.204784 86.684784 86.684784
10670 7.041971 7.041971 86.521971 86.521971
10672 6.951939 6.951939 86.431939 86.431939
10677 5.362067 5.362067 84.842067 84.842067
10683 3.329484 3.329484 82.809484 82.809484
11244 2.284677 2.284677 81.764677 81.764677
13002 2.284676 2.284676 81.764676 81.764676
13009 2.284672 2.284672 81.764672 81.764672
13030 2.284667 2.284667 81.764667 81.764667
13409 2.041542 2.041542 81.521542 81.521542
13520 1.835389 1.835389 81.315389 81.315389
13522 0.473218 0.473218 79.953218 79.953218
14085 0.272101 0.272101 79.752101 79.752101
14088 0.229214 0.229214 79.709214 79.709214
15852 0.229213 0.229213 79.709213 79.709213
15855 0.229213 0.229213 79.709213 79.709213
15859 0.229212 0.229212 79.709212 79.709212
15872 0.229211 0.229211 79.709211 79.709211
16374 0.160634 0.160634 79.640634 79.640634
16931 0.091414 0.091414 79.571414 79.571414
16938 0.072464 0.072464 79.552464 79.552464
16941 0.067212 0.067212 79.547212 79.547212
18702 0.067210 0.067210 79.547210 79.547210
18714 0.067210 0.067210 79.547210 79.547210
19169 0.051333 0.051333 79.531333 79.531333
19173 0.038189 0.038189 79.518189 79.518189
19227 0.036536 0.036536 79.516536 79.516536
19783 0.035909 0.035909 79.515909 79.515909
19785 0.032997 0.032997 79.512997 79.512997
19790 0.029353 0.029353 79.509353 79.509353
21552 0.029352 0.029352 79.509352 79.509352
21578 0.029352 0.029352 79.509352 79.509352
22019 0.024565 0.024565 79.504565 79.504565
22021 0.019478 0.019478 79.499478 79.499478
22024 0.012894 0.012894 79.492894 79.492894
22075 0.011342 0.011342 79.491342 79.491342
22083 0.008391 0.008391 79.488391 79.488391
23081 0.008391 0.008391 79.488391 79.488391
23083 0.008391 0.008391 79.488391 79.488391
23085 0.008391 0.008391 79.488391 79.488391
23090 0.008391 0.008391 79.488391 79.488391
23109 0.008391 0.008391 79.488391 79.488391
24873 0.007011 0.007011 79.487011 79.487011
24874 0.005118 0.005118 79.485118 79.485118
25024 0.004543 0.004543 79.484543 79.484543
25179 0.004224 0.004224 79.484224 79.484224
25489 0.003020 0.003020 79.483020 79.483020
27251 0.003020 0.003020 79.483020 79.483020
27256 0.003020 0.003020 79.483020 79.483020
27257 0.003020 0.003020 79.483020 79.483020
27770 0.002639 0.002639 79.482639 79.482639
27777 0.001700 0.001700 79.481700 79.481700
28028 0.001379 0.001379 79.481379 79.481379
28114 0.001206 0.001206 79.481206 79.481206
28331 0.000566 0.000566 79.480566 79.480566
28344 0.000536 0.000536 79.480536 79.480536
30101 0.000536 0.000536 79.480536 79.480536
30127 0.000536 0.000536 79.480536 79.480536
30134 0.000536 0.000536 79.480536 79.480536
30571 0.000407 0.000407 79.480407 79.480407
31183 0.000346 0.000346 79.480346 79.480346
31184 0.000338 0.000338 79.480338 79.480338
31185 0.000327 0.000327 79.480327 79.480327
31186 0.000270 0.000270 79.480270 79.480270
32951 0.000270 0.000270 79.480270 79.480270
32984 0.000270 0.000270 79.480270 79.480270
33555 0.000228 0.000228 79.480228 79.480228
33562 0.000159 0.000159 79.480159 79.480159
33701 0.000101 0.000101 79.480101 79.480101
33925 0.000045 0.000045 79.480045 79.480045
35522 0.000045 0.000045 79.480045 79.480045
35529 0.000045 0.000045 79.480045 79.480045
36561 0.000016 0.000016 79.480016 79.480016
37891 0.000016 0.000016 79.480016 79.480016
37894 0.000016 0.000016 79.480016 79.480016
37918 0.000016 0.000016 79.480016 79.480016
37930 0.000016 0.000016 79.480016 79.480016
39264 0.000012 0.000012 79.480012 79.480012
39404 0.000005 0.000005 79.480005 79.480005
39807 0.000004 0.000004 79.480004 79.480004
39808 0.000004 0.000004 79.480004 79.480004
39812 0.000003 0.000003 79.480003 79.480003
41664 0.000003 0.000003 79.480003 79.480003
41666 0.000003 0.000003 79.480003 79.480003
41669 0.000003 0.000003 79.480003 79.480003
41671 0.000003 0.000003 79.480003 79.480003
41678 0.000003 0.000003 79.480003 79.480003
42241 0.000001 0.000001 79.480001 79.480001
42254 0.000001 0.000001 79.480001 79.480001
42649 0.000000 0.000000 79.480000 79.480000
44514 0.000000 0.000000 79.480000 79.480000
44516 0.000000 0.000000 79.480000 79.480000
44525 0.000000 0.000000 79.480000 79.480000
44527 0.000000 0.000000 79.480000 79.480000
44530 0.000000 0.000000 79.480000 79.480000
45115 0.000000 0.000000 79.480000 79.480000
45121 0.000000 0.000000 79.480000 79.480000
45499 0.000000 0.000000 79.480000 79.480000
45504 0.000000 0.000000 79.480000 79.480000
47364 0.000000 0.000000 79.480000 79.480000
47366 0.000000 0.000000 79.480000 79.480000
47375 0.000000 0.000000 79.480000 79.480000
47377 0.000000 0.000000 79.480000 79.480000
47380 0.000000 0.000000 79.480000 79.480000
47958 0.000000 0.000000 79.480000 79.480000
47968 0.000000 0.000000 79.480000 79.480000
47971 0.000000 0.000000 79.480000 79.480000
49293 0.000000 0.000000 79.480000 79.480000
49304 0.000000 0.000000 79.480000 79.480000
49319 0.000000 0.000000 79.480000 79.480000
49329 0.000000 0.000000 79.480000 79.480000
50643 0.000000 0.000000 79.480000 79.480000
50651 0.000000 0.000000 79.480000 79.480000
50904 0.000000 0.000000 79.480000 79.480000
50906 0.000000 0.000000 79.480000 79.480000
51063 0.000000 0.000000 79.480000 79.480000
52741 0.000000 0.000000 79.480000 79.480000
52747 0.000000 0.000000 79.480000 79.480000
52761 0.000000 0.000000 79.480000 79.480000
52777 0.000000 0.000000 79.480000 79.480000
53488 0.000000 0.000000 79.480000 79.480000
53490 0.000000 0.000000 79.480000 79.480000
53496 0.000000 0.000000 79.480000 79.480000
53660 0.000000 0.000000 79.480000 79.480000
54993 0.000000 0.000000 79.480000 79.480000
55004 0.000000 0.000000 79.480000 79.480000
56338 0.000000 0.000000 79.480000 79.480000
56342 0.000000 0.000000 79.480000 79.480000
56510 0.000000 0.000000 79.480000 79.480000
56512 0.000000 0.000000 79.480000 79.480000
56933 0.000000 0.000000 79.480000 79.480000
56936 0.000000 0.000000 79.480000 79.480000
56946 0.000000 0.000000 79.480000 79.480000
58842 0.000000 0.000000 79.480000 79.480000
58851 0.000000 0.000000 79.480000 79.480000
59309 0.000000 0.000000 79.480000 79.480000
59315 0.000000 0.000000 79.480000 79.480000
60591 0.000000 0.000000 79.480000 79.480000
62601 0.000000 0.000000 79.480000 79.480000
64494 0.000000 0.000000 79.480000 79.480000
64899 0.000000 0.000000 79.480000 79.480000
65453 0.000000 0.000000 79.480000 79.480000
67751 0.000000 0.000000 79.480000 79.480000
67862 0.000000 0.000000 79.480000 79.480000
68299 0.000000 0.000000 79.480000 79.480000
68305 0.000000 0.000000 79.480000 79.480000
68307 0.000000 0.000000 79.480000 79.480000
70588 0.000000 0.000000 79.480000 79.480000
70596 0.000000 0.000000 79.480000 79.480000
73440 0.000000 0.000000 79.480000 79.480000
73441 0.000000 0.000000 79.480000 79.480000
73443 0.000000 0.000000 79.480000 79.480000
76288 0.000000 0.000000 79.480000 79.480000
76291 0.000000 0.000000 79.480000 79.480000
76538 0.000000 0.000000 79.480000 79.480000
285000 0.000000 0.000000 0.000000 79.480000
"function evaluation" "current f(x)" "best-so-far f(x)" "current af(x)+b"  "best af(x)+b"
1 223.606397 223.606397 618.086397 618.086397
5 223.606394 223.606394 618.086394 618.086394
19 223.606372 223.606372 618.086372 618.086372
121 219.204983 219.204983 613.684983 613.684983
123 219.204973 219.204973 613.684973 613.684973
125 219.204952 219.204952 613.684952 613.684952
128 219.204914 219.204914 613.684914 613.684914
401 211.189792 211.189792 605.669792 605.669792
410 211.189788 211.189788 605.669788 605.669788
416 211.189780 211.189780 605.669780 605.669780
421 211.189779 211.189779 605.669779 605.669779
429 211.189721 211.189721 605.669721 605.669721
521 166.395544 166.395544 560.875544 560.875544
528 166.395525 166.395525 560.875525 560.875525
544 166.395524 166.395524 560.875524 560.875524
552 166.395520 166.395520 560.875520 560.875520
560 166.395519 166.395519 560.875519 560.875519
2222 138.328545 138.328545 532.808545 532.808545
2225 136.682742 136.682742 531.162742 531.162742
2227 133.412390 133.412390 527.892390 527.892390
2228 133.338995 133.338995 527.818995 527.818995
2233 131.740430 131.740430 526.220430 526.220430
3371 131.740397 131.740397 526.220397 526.220397
3378 131.740383 131.740383 526.220383 526.220383
3394 131.740382 131.740382 526.220382 526.220382
3402 131.740379 131.740379 526.220379 526.220379
3410 131.740375 131.740375 526.220375 526.220375
5023 118.392810 118.392810 512.872810 512.872810
5072 101.119460 101.119460 495.599460 495.599460
5074 91.606030 91.606030 486.086030 486.086030
5076 86.343758 86.343758 480.823758 480.823758
5083 84.695396 84.695396 479.175396 479.175396
6221 84.695354 84.695354 479.175354 479.175354
6252 84.695350 84.695350 479.175350 479.175350
7701 37.594981 37.594981 432.074981 432.074981
7703 27.382862 27.382862 421.862862 421.862862
7714 24.977227 24.977227 419.457227 419.457227
7875 15.579929 15.579929 410.059929 410.059929
7986 9.101697 9.101697 403.581697 403.581697
9191 9.101691 9.101691 403.581691 403.581691
9206 9.101680 9.101680 403.581680 403.581680
10562 8.775142 8.775142 403.255142 403.255142
10644 5.556897 5.556897 400.036897 400.036897
10721 3.494485 3.494485 397.974485 397.974485
10734 2.372816 2.372816 396.852816 396.852816
11802 2.372813 2.372813 396.852813 396.852813
11804 2.372811 2.372811 396.852811 396.852811
11821 2.372808 2.372808 396.852808 396.852808
11835 2.372806 2.372806 396.852806 396.852806
13401 1.548809 1.548809 396.028809 396.028809
13414 1.154088 1.154088 395.634088 395.634088
13830 1.125912 1.125912 395.605912 395.605912
13831 1.120624 1.120624 395.600624 395.600624
13832 0.794272 0.794272 395.274272 395.274272
13835 0.446712 0.446712 394.926712 394.926712
14123 0.394742 0.394742 394.874742 394.874742
14179 0.107013 0.107013 394.587013 394.587013
16052 0.107013 0.107013 394.587013 394.587013
16054 0.107013 0.107013 394.587013 394.587013
16055 0.107012 0.107012 394.587012 394.587012
16077 0.107011 0.107011 394.587011 394.587011
16423 0.103816 0.103816 394.583816 394.583816
16978 0.076691 0.076691 394.556691 394.556691
17019 0.018905 0.018905 394.498905 394.498905
18902 0.018905 0.018905 394.498905 394.498905
18903 0.018905 0.018905 394.498905 394.498905
18906 0.018905 0.018905 394.498905 394.498905
18927 0.018905 0.018905 394.498905 394.498905
19528 0.007019 0.007019 394.487019 394.487019
19873 0.004314 0.004314 394.484314 394.484314
19879 0.003903 0.003903 394.483903 394.483903
21751 0.003903 0.003903 394.483903 394.483903
21753 0.003903 0.003903 394.483903 394.483903
21755 0.003903 0.003903 394.483903 394.483903
21777 0.003903 0.003903 394.483903 394.483903
22716 0.003020 0.003020 394.483020 394.483020
22719 0.002035 0.002035 394.482035 394.482035
22721 0.000973 0.000973 394.480973 394.480973
24601 0.000973 0.000973 394.480973 394.480973
24603 0.000973 0.000973 394.480973 394.480973
24605 0.000973 0.000973 394.480973 394.480973
24631 0.000973 0.000973 394.480973 394.480973
25566 0.000634 0.000634 394.480634 394.480634
25568 0.000461 0.000461 394.480461 394.480461
25569 0.000301 0.000301 394.480301 394.480301
25572 0.000270 0.000270 394.480270 394.480270
25579 0.000126 0.000126 394.480126 394.480126
27451 0.000126 0.000126 394.480126 394.480126
27454 0.000126 0.000126 394.480126 394.480126
27455 0.000126 0.000126 394.480126 394.480126
27457 0.000126 0.000126 394.480126 394.480126
27466 0.000126 0.000126 394.480126 394.480126
27478 0.000126 0.000126 394.480126 394.480126
28416 0.000078 0.000078 394.480078 394.480078
28418 0.000031 0.000031 394.480031 394.480031
28424 0.000023 0.000023 394.480023 394.480023
28429 0.000015 0.000015 394.480015 394.480015
30301 0.000015 0.000015 394.480015 394.480015
30304 0.000015 0.000015 394.480015 394.480015
30306 0.000015 0.000015 394.480015 394.480015
30316 0.000015 0.000015 394.480015 394.480015
31268 0.000014 0.000014 394.480014 394.480014
31272 0.000012 0.000012 394.480012 394.480012
31276 0.000012 0.000012 394.480012 394.480012
33151 0.000012 0.000012 394.480012 394.480012
33153 0.000012 0.000012 394.480012 394.480012
33156 0.000012 0.000012 394.480012 394.480012
33166 0.000012 0.000012 394.480012 394.480012
33173 0.000012 0.000012 394.480012 394.480012
34116 0.000008 0.000008 394.480008 394.480008
34118 0.000006 0.000006 394.480006 394.480006
34119 0.000005 0.000005 394.480005 394.480005
36001 0.000005 0.000005 394.480005 394.480005
36004 0.000005 0.000005 394.480005 394.480005
36006 0.000005 0.000005 394.480005 394.480005
36037 0.000005 0.000005 394.480005 394.480005
36966 0.000002 0.000002 394.480002 394.480002
36968 0.000002 0.000002 394.480002 394.480002
36973 0.000001 0.000001 394.480001 394.480001
38851 0.000001 0.000001 394.480001 394.480001
38854 0.000001 0.000001 394.480001 394.480001
39816 0.000000 0.000000 394.480000 394.480000
39819 0.000000 0.000000 394.480000 394.480000
41704 0.000000 0.000000 394.480000 394.480000
41726 0.000000 0.000000 394.480000 394.480000
42666 0.000000 0.000000 394.480000 394.480000
42671 0.000000 0.000000 394.480000 394.480000
42672 0.000000 0.000000 394.480000 394.480000
44553 0.000000 0.000000 394.480000 394.480000
44555 0.000000 0.000000 394.480000 394.480000
44558 0.000000 0.000000 394.480000 394.480000
44764 0.000000 0.000000 394.480000 394.480000
45189 0.000000 0.000000 394.480000 394.480000
45516 0.000000 0.000000 394.480000 394.480000
45518 0.000000 0.000000 394.480000 394.480000
45520 0.000000 0.000000 394.480000 394.480000
45528 0.000000 0.000000 394.480000 394.480000
45529 0.000000 0.000000 394.480000 394.480000
47406 0.000000 0.000000 394.480000 394.480000
47407 0.000000 0.000000 394.480000 394.480000
47416 0.000000 0.000000 394.480000 394.480000
48366 0.000000 0.000000 394.480000 394.480000
48373 0.000000 0.000000 394.480000 394.480000
48379 0.000000 0.000000 394.480000 394.480000
50251 0.000000 0.000000 394.480000 394.480000
50255 0.000000 0.000000 394.480000 394.480000
50257 0.000000 0.000000 394.480000 394.480000
50512 0.000000 0.000000 394.480000 394.480000
51076 0.000000 0.000000 394.480000 394.480000
51219 0.000000 0.000000 394.480000 394.480000
53014 0.000000 0.000000 394.480000 394.480000
53105 0.000000 0.000000 394.480000 394.480000
53107 0.000000 0.000000 394.480000 394.480000
53301 0.000000 0.000000 394.480000 394.480000
53304 0.000000 0.000000 394.480000 394.480000
54152 0.000000 0.000000 394.480000 394.480000
56153 0.000000 0.000000 394.480000 394.480000
56161 0.000000 0.000000 394.480000 394.480000
56432 0.000000 0.000000 394.480000 394.480000
56865 0.000000 0.000000 394.480000 394.480000
56869 0.000000 0.000000 394.480000 394.480000
56878 0.000000 0.000000 394.480000 394.480000
58683 0.000000 0.000000 394.480000 394.480000
58685 0.000000 0.000000 394.480000 394.480000
59718 0.000000 0.000000 394.480000 394.480000
59728 0.000000 0.000000 394.480000 394.480000
61535 0.000000 0.000000 394.480000 394.480000
61555 0.000000 0.000000 394.480000 394.480000
61558 0.000000 0.000000 394.480000 394.480000
61561 0.000000 0.000000 394.480000 394.480000
61857 0.000000 0.000000 394.480000 394.480000
61859 0.000000 0.000000 394.480000 394.480000
62286 0.000000 0.000000 394.480000 394.480000
62568 0.000000 0.000000 394.480000 394.480000
62701 0.000000 0.000000 394.480000 394.480000
