"function evaluation" "current f(x)" "best-so-far f(x)" "current af(x)+b"  "best af(x)+b"
1 134567.706914 134567.706914 134357.826914 134357.826914
3 134567.706872 134567.706872 134357.826872 134357.826872
5 134567.704867 134567.704867 134357.824867 134357.824867
8 134567.260013 134567.260013 134357.380013 134357.380013
10 134566.113606 134566.113606 134356.233606 134356.233606
281 64878.395957 64878.395957 64668.515957 64668.515957
282 64878.395954 64878.395954 64668.515954 64668.515954
283 64878.394868 64878.394868 64668.514868 64668.514868
286 64878.300350 64878.300350 64668.420350 64668.420350
288 64878.267861 64878.267861 64668.387861 64668.387861
503 61149.723674 61149.723674 60939.843674 60939.843674
506 31012.165998 31012.165998 30802.285998 30802.285998
690 30344.195484 30344.195484 30134.315484 30134.315484
695 25442.206048 25442.206048 25232.326048 25232.326048
1462 25442.206006 25442.206006 25232.326006 25232.326006
1463 25442.204641 25442.204641 25232.324641 25232.324641
1466 25442.166151 25442.166151 25232.286151 25232.286151
1468 25442.077654 25442.077654 25232.197654 25232.197654
1470 25441.816650 25441.816650 25231.936650 25231.936650
1857 11934.421010 11934.421010 11724.541010 11724.541010
2701 11934.420966 11934.420966 11724.540966 11724.540966
2704 11934.420892 11934.420892 11724.540892 11724.540892
2706 11934.406817 11934.406817 11724.526817 11724.526817
2708 11934.310336 11934.310336 11724.430336 11724.430336
2709 11933.861963 11933.861963 11723.981963 11723.981963
3309 4414.641890 4414.641890 4204.761890 4204.761890
4111 4414.641869 4414.641869 4204.761869 4204.761869
4114 4414.640704 4414.640704 4204.760704 4204.760704
4115 4414.639026 4414.639026 4204.759026 4204.759026
4118 4414.586815 4414.586815 4204.706815 4204.706815
4120 4414.353419 4414.353419 4204.473419 4204.473419
135000 10068176.318736 4414.353419 10068176.318736 4204.473419
"function evaluation" "current f(x)" "best-so-far f(x)" "current af(x)+b"  "best af(x)+b"
1 7841967.827302 7841967.827302 7841757.947302 7841757.947302
3 7841967.827192 7841967.827192 7841757.947192 7841757.947192
6 7841967.735446 7841967.735446 7841757.855446 7841757.855446
8 7841967.340766 7841967.340766 7841757.460766 7841757.460766
9 7841951.614902 7841951.614902 7841741.734902 7841741.734902
11 4838344.013850 4838344.013850 4838134.133850 4838134.133850
12 4838344.013770 4838344.013770 4838134.133770 4838134.133770
13 4838344.012431 4838344.012431 4838134.132431 4838134.132431
15 4838344.005470 4838344.005470 4838134.125470 4838134.125470
17 4838343.365430 4838343.365430 4838133.485430 4838133.485430
20 4838326.824299 4838326.824299 4838116.944299 4838116.944299
31 350728.456120 350728.456120 350518.576120 350518.576120
32 350728.456050 350728.456050 350518.576050 350518.576050
34 350728.455575 350728.455575 350518.575575 350518.575575
36 350728.380838 350728.380838 350518.500838 350518.500838
37 350728.355312 350728.355312 350518.475312 350518.475312
39 350719.383914 350719.383914 350509.503914 350509.503914
41 312988.104373 312988.104373 312778.224373 312778.224373
42 312988.104298 312988.104298 312778.224298 312778.224298
44 312988.103072 312988.103072 312778.223072 312778.223072
46 312988.064615 312988.064615 312778.184615 312778.184615
48 312987.031568 312987.031568 312777.151568 312777.151568
552 62954.228024 62954.228024 62744.348024 62744.348024
556 61192.106443 61192.106443 60982.226443 60982.226443
562 50384.127839 50384.127839 50174.247839 50174.247839
564 42664.854379 42664.854379 42454.974379 42454.974379
761 38664.042533 38664.042533 38454.162533 38454.162533
1501 38664.042533 38664.042533 38454.162533 38454.162533
1504 38664.041774 38664.041774 38454.161774 38454.161774
1505 38664.041098 38664.041098 38454.161098 38454.161098
1507 38663.951802 38663.951802 38454.071802 38454.071802
1510 38662.439542 38662.439542 38452.559542 38452.559542
1919 27091.390742 27091.390742 26881.510742 26881.510742
2081 9014.502638 9014.502638 8804.622638 8804.622638
2832 9014.502637 9014.502637 8804.622637 8804.622637
2834 9014.502203 9014.502203 8804.622203 8804.622203
2836 9014.470069 9014.470069 8804.590069 8804.590069
2840 9014.412350 9014.412350 8804.532350 8804.532350
135000 9999338.290480 9014.412350 9999338.290480 8804.532350
"function evaluation" "current f(x)" "best-so-far f(x)" "current af(x)+b"  "best af(x)+b"
1 2440522.334582 2440522.334582 2440312.454582 2440312.454582
3 2440522.333594 2440522.333594 2440312.453594 2440312.453594
6 2440522.293059 2440522.293059 2440312.413059 2440312.413059
8 2440521.781987 2440521.781987 2440311.901987 2440311.901987
9 2440508.758344 2440508.758344 2440298.878344 2440298.878344
11 1417724.394164 1417724.394164 1417514.514164 1417514.514164
12 1417724.394128 1417724.394128 1417514.514128 1417514.514128
14 1417724.393703 1417724.393703 1417514.513703 1417514.513703
16 1417724.283789 1417724.283789 1417514.403789 1417514.403789
17 1417724.269372 1417724.269372 1417514.389372 1417514.389372
19 1417703.888629 1417703.888629 1417494.008629 1417494.008629
31 32606.907957 32606.907957 32397.027957 32397.027957
32 32606.907941 32606.907941 32397.027941 32397.027941
34 32606.906716 32606.906716 32397.026716 32397.026716
36 32606.867749 32606.867749 32396.987749 32396.987749
37 32606.844188 32606.844188 32396.964188 32396.964188
40 32605.463697 32605.463697 32395.583697 32395.583697
552 17015.548994 17015.548994 16805.668994 16805.668994
1382 17015.548990 17015.548990 16805.668990 16805.668990
1384 17015.547755 17015.547755 16805.667755 16805.667755
1386 17015.512344 17015.512344 16805.632344 16805.632344
1388 17015.494819 17015.494819 16805.614819 16805.614819
1389 17014.675843 17014.675843 16804.795843 16804.795843
2089 951.863681 951.863681 741.983681 741.983681
2841 951.863680 951.863680 741.983680 741.983680
2844 951.863298 951.863298 741.983298 741.983298
2845 951.859909 951.859909 741.979909 741.979909
2847 951.842409 951.842409 741.962409 741.962409
2849 951.721049 951.721049 741.841049 741.841049
135000 9999338.290716 951.721049 9999338.290716 741.841049
"function evaluation" "current f(x)" "best-so-far f(x)" "current af(x)+b"  "best af(x)+b"
1 12442754.779740 12442754.779740 12442662.689740 12442662.689740
2 12442754.779709 12442754.779709 12442662.689709 12442662.689709
4 12442754.779289 12442754.779289 12442662.689289 12442662.689289
5 12442754.749390 12442754.749390 12442662.659390 12442662.659390
8 12442754.346910 12442754.346910 12442662.256910 12442662.256910
9 12442714.370792 12442714.370792 12442622.280792 12442622.280792
21 1592564.137876 1592564.137876 1592472.047876 1592472.047876
23 1592564.137701 1592564.137701 1592472.047701 1592472.047701
25 1592564.094061 1592564.094061 1592472.004061 1592472.004061
27 1592563.588592 1592563.588592 1592471.498592 1592471.498592
30 1592547.693776 1592547.693776 1592455.603776 1592455.603776
41 1516583.130772 1516583.130772 1516491.040772 1516491.040772
42 1516583.130765 1516583.130765 1516491.040765 1516491.040765
44 1516583.130719 1516583.130719 1516491.040719 1516491.040719
45 1516583.123239 1516583.123239 1516491.033239 1516491.033239
47 1516582.271386 1516582.271386 1516490.181386 1516490.181386
49 1516562.660218 1516562.660218 1516470.570218 1516470.570218
51 39555.694045 39555.694045 39463.604045 39463.604045
52 39555.693964 39555.693964 39463.603964 39463.603964
53 39555.693854 39555.693854 39463.603854 39463.603854
56 39555.655015 39555.655015 39463.565015 39463.565015
58 39555.528528 39555.528528 39463.438528 39463.438528
60 39555.138943 39555.138943 39463.048943 39463.048943
586 19042.451477 19042.451477 18950.361477 18950.361477
656 7338.612605 7338.612605 7246.522605 7246.522605
657 644.654572 644.654572 552.564572 552.564572
1441 644.654569 644.654569 552.564569 552.564569
1444 644.654043 644.654043 552.564043 552.564043
1448 644.641885 644.641885 552.551885 552.551885
1450 644.423181 644.423181 552.333181 552.333181
135000 23394030.513202 644.423181 23394030.513202 552.333181
"function evaluation" "current f(x)" "best-so-far f(x)" "current af(x)+b"  "best af(x)+b"
1 7718908.555630 7718908.555630 7718816.465630 7718816.465630
2 7718908.555551 7718908.555551 7718816.465551 7718816.465551
4 7718908.554334 7718908.554334 7718816.464334 7718816.464334
5 7718908.519992 7718908.519992 7718816.429992 7718816.429992
7 7718905.809820 7718905.809820 7718813.719820 7718813.719820
9 7718881.610902 7718881.610902 7718789.520902 7718789.520902
11 35647.986825 35647.986825 35555.896825 35555.896825
12 35647.986752 35647.986752 35555.896752 35555.896752
13 35647.986535 35647.986535 35555.896535 35555.896535
16 35647.946933 35647.946933 35555.856933 35555.856933
18 35647.770937 35647.770937 35555.680937 35555.680937
20 35647.599414 35647.599414 35555.509414 35555.509414
301 29207.229393 29207.229393 29115.139393 29115.139393
304 29207.227914 29207.227914 29115.137914 29115.137914
306 29207.189411 29207.189411 29115.099411 29115.099411
310 29205.865051 29205.865051 29113.775051 29113.775051
520 27254.334501 27254.334501 27162.244501 27162.244501
527 25941.137428 25941.137428 25849.047428 25849.047428
1019 20284.446770 20284.446770 20192.356770 20192.356770
1021 19249.952593 19249.952593 19157.862593 19157.862593
1651 19249.952585 19249.952585 19157.862585 19157.862585
1654 19249.951323 19249.951323 19157.861323 19157.861323
1656 19249.912430 19249.912430 19157.822430 19157.822430
1658 19249.898357 19249.898357 19157.808357 19157.808357
1659 19249.639595 19249.639595 19157.549595 19157.549595
1994 14287.825653 14287.825653 14195.735653 14195.735653
2782 14287.825637 14287.825637 14195.735637 14195.735637
2784 14287.824644 14287.824644 14195.734644 14195.734644
2785 14287.824401 14287.824401 14195.734401 14195.734401
2788 14287.714758 14287.714758 14195.624758 14195.624758
2789 14287.008566 14287.008566 14194.918566 14194.918566
135000 23394341.335233 14287.008566 23394341.335233 14194.918566
"function evaluation" "current f(x)" "best-so-far f(x)" "current af(x)+b"  "best af(x)+b"
1 21675709.229369 21675709.229369 21675617.139369 21675617.139369
2 21675709.229338 21675709.229338 21675617.139338 21675617.139338
4 21675709.229118 21675709.229118 21675617.139118 21675617.139118
6 21675709.204040 21675709.204040 21675617.114040 21675617.114040
8 21675708.225302 21675708.225302 21675616.135302 21675616.135302
9 21675668.159931 21675668.159931 21675576.069931 21675576.069931
11 9966589.129911 9966589.129911 9966497.039911 9966497.039911
12 9966589.129877 9966589.129877 9966497.039877 9966497.039877
14 9966589.128540 9966589.128540 9966497.038540 9966497.038540
16 9966589.090047 9966589.090047 9966497.000047 9966497.000047
17 9966588.308165 9966588.308165 9966496.218165 9966496.218165
20 9966554.614267 9966554.614267 9966462.524267 9966462.524267
21 300338.444141 300338.444141 300246.354141 300246.354141
24 300338.443650 300338.443650 300246.353650 300246.353650
25 300338.429741 300338.429741 300246.339741 300246.339741
28 300338.287415 300338.287415 300246.197415 300246.197415
30 300334.885386 300334.885386 300242.795386 300242.795386
535 42080.511083 42080.511083 41988.421083 41988.421083
538 7295.968336 7295.968336 7203.878336 7203.878336
544 4127.262484 4127.262484 4035.172484 4035.172484
1371 4127.262439 4127.262439 4035.172439 4035.172439
1374 4127.261990 4127.261990 4035.171990 4035.171990
1375 4127.259612 4127.259612 4035.169612 4035.169612
1378 4127.212089 4127.212089 4035.122089 4035.122089
1379 4127.186977 4127.186977 4035.096977 4035.096977
135000 23394341.341096 4127.186977 23394341.341096 4035.096977
"function evaluation" "current f(x)" "best-so-far f(x)" "current af(x)+b"  "best af(x)+b"
1 589496.834792 589496.834792 589408.944792 589408.944792
2 589496.834714 589496.834714 589408.944714 589408.944714
4 589496.834200 589496.834200 589408.944200 589408.944200
5 589496.825729 589496.825729 589408.935729 589408.935729
7 589495.761162 589495.761162 589407.871162 589407.871162
9 589491.915190 589491.915190 589404.025190 589404.025190
231 209448.456120 209448.456120 209360.566120 209360.566120
232 209448.456066 209448.456066 209360.566066 209360.566066
234 209448.454955 209448.454955 209360.564955 209360.564955
236 209448.419771 209448.419771 209360.529771 209360.529771
238 209447.906382 209447.906382 209360.016382 209360.016382
239 209446.384654 209446.384654 209358.494654 209358.494654
361 86917.660734 86917.660734 86829.770734 86829.770734
362 86917.660654 86917.660654 86829.770654 86829.770654
364 86917.657555 86917.657555 86829.767555 86829.767555
366 86917.616307 86917.616307 86829.726307 86829.726307
367 86917.181731 86917.181731 86829.291731 86829.291731
501 75443.513589 75443.513589 75355.623589 75355.623589
892 40453.014611 40453.014611 40365.124611 40365.124611
895 20423.312094 20423.312094 20335.422094 20335.422094
1006 14793.897357 14793.897357 14706.007357 14706.007357
1641 14793.897341 14793.897341 14706.007341 14706.007341
1644 14793.895965 14793.895965 14706.005965 14706.005965
1646 14793.864018 14793.864018 14705.974018 14705.974018
1648 14793.846863 14793.846863 14705.956863 14705.956863
1650 14793.503578 14793.503578 14705.613578 14705.613578
3218 4828.401758 4828.401758 4740.511758 4740.511758
4061 4828.401756 4828.401756 4740.511756 4740.511756
4063 4828.401257 4828.401257 4740.511257 4740.511257
4066 4828.400031 4828.400031 4740.510031 4740.510031
4067 4828.390032 4828.390032 4740.500032 4740.500032
4070 4827.793238 4827.793238 4739.903238 4739.903238
135000 4116272.147163 4827.793238 4116272.147163 4739.903238
"function evaluation" "current f(x)" "best-so-far f(x)" "current af(x)+b"  "best af(x)+b"
1 9373147.154798 9373147.154798 9373059.264798 9373059.264798
2 9373147.154766 9373147.154766 9373059.264766 9373059.264766
4 9373147.154472 9373147.154472 9373059.264472 9373059.264472
5 9373147.146517 9373147.146517 9373059.256517 9373059.256517
7 9373144.471002 9373144.471002 9373056.581002 9373056.581002
9 9373130.955337 9373130.955337 9373043.065337 9373043.065337
61 163054.343953 163054.343953 162966.453953 162966.453953
64 163054.342715 163054.342715 162966.452715 162966.452715
65 163054.323498 163054.323498 162966.433498 162966.433498
68 163053.809779 163053.809779 162965.919779 162965.919779
70 163052.869208 163052.869208 162964.979208 162964.979208
391 143095.876090 143095.876090 143007.986090 143007.986090
394 143095.875552 143095.875552 143007.985552 143007.985552
396 143095.836548 143095.836548 143007.946548 143007.946548
398 143095.350051 143095.350051 143007.460051 143007.460051
400 143094.166813 143094.166813 143006.276813 143006.276813
609 133008.945195 133008.945195 132921.055195 132921.055195
615 131130.297352 131130.297352 131042.407352 131042.407352
964 76005.744284 76005.744284 75917.854284 75917.854284
1164 49080.693627 49080.693627 48992.803627 48992.803627
1169 40358.774878 40358.774878 40270.884878 40270.884878
1741 40358.774860 40358.774860 40270.884860 40270.884860
1744 40358.774321 40358.774321 40270.884321 40270.884321
1746 40358.735887 40358.735887 40270.845887 40270.845887
1748 40358.622249 40358.622249 40270.732249 40270.732249
1750 40357.940674 40357.940674 40270.050674 40270.050674
2228 29782.733028 29782.733028 29694.843028 29694.843028
2388 29049.521077 29049.521077 28961.631077 28961.631077
3012 29049.521064 29049.521064 28961.631064 28961.631064
3014 29049.520604 29049.520604 28961.630604 28961.630604
3016 29049.485854 29049.485854 28961.595854 28961.595854
3018 29049.310726 29049.310726 28961.420726 28961.420726
3020 29048.993092 29048.993092 28961.103092 28961.103092
3395 13705.655494 13705.655494 13617.765494 13617.765494
4162 13705.655478 13705.655478 13617.765478 13617.765478
4163 13705.655388 13705.655388 13617.765388 13617.765388
4165 13705.639287 13705.639287 13617.749287 13617.749287
4168 13705.592931 13705.592931 13617.702931 13617.702931
4169 13705.072261 13705.072261 13617.182261 13617.182261
135000 4116275.473285 13705.072261 4116275.473285 13617.182261
"function evaluation" "current f(x)" "best-so-far f(x)" "current af(x)+b"  "best af(x)+b"
1 1377632.605683 1377632.605683 1377544.715683 1377544.715683
2 1377632.605643 1377632.605643 1377544.715643 1377544.715643
4 1377632.603165 1377632.603165 1377544.713165 1377544.713165
5 1377632.573153 1377632.573153 1377544.683153 1377544.683153
8 1377631.707935 1377631.707935 1377543.817935 1377543.817935
9 1377612.505869 1377612.505869 1377524.615869 1377524.615869
51 20313.103791 20313.103791 20225.213791 20225.213791
54 20313.102564 20313.102564 20225.212564 20225.212564
56 20313.088026 20313.088026 20225.198026 20225.198026
57 20312.962660 20312.962660 20225.072660 20225.072660
59 20312.832766 20312.832766 20224.942766 20224.942766
201 11610.265194 11610.265194 11522.375194 11522.375194
204 11610.263196 11610.263196 11522.373196 11522.373196
205 11610.260032 11610.260032 11522.370032 11522.370032
207 11610.194235 11610.194235 11522.304235 11522.304235
210 11609.838331 11609.838331 11521.948331 11521.948331
589 3641.322984 3641.322984 3553.432984 3553.432984
1401 3641.322945 3641.322945 3553.432945 3553.432945
1404 3641.321713 3641.321713 3553.431713 3553.431713
1406 3641.306816 3641.306816 3553.416816 3553.416816
1407 3641.287749 3641.287749 3553.397749 3553.397749
1409 3641.218161 3641.218161 3553.328161 3553.328161
135000 4118513.702664 3641.218161 4118513.702664 3553.328161
"function evaluation" "current f(x)" "best-so-far f(x)" "current af(x)+b"  "best af(x)+b"
1 68376314.214176 68376314.214176 68376634.404176 68376634.404176
2 68376314.214169 68376314.214169 68376634.404169 68376634.404169
3 68376314.212355 68376314.212355 68376634.402355 68376634.402355
5 68376314.181301 68376314.181301 68376634.371301 68376634.371301
8 68376313.069540 68376313.069540 68376633.259540 68376633.259540
9 68376276.023123 68376276.023123 68376596.213123 68376596.213123
11 7391045.632680 7391045.632680 7391365.822680 7391365.822680
12 7391045.632612 7391045.632612 7391365.822612 7391365.822612
13 7391045.632606 7391045.632606 7391365.822606 7391365.822606
16 7391045.593657 7391045.593657 7391365.783657 7391365.783657
17 7391045.115873 7391045.115873 7391365.305873 7391365.305873
19 7391026.366522 7391026.366522 7391346.556522 7391346.556522
21 7286477.730682 7286477.730682 7286797.920682 7286797.920682
22 7286477.730666 7286477.730666 7286797.920666 7286797.920666
23 7286477.728134 7286477.728134 7286797.918134 7286797.918134
25 7286477.707859 7286477.707859 7286797.897859 7286797.897859
27 7286477.567805 7286477.567805 7286797.757805 7286797.757805
29 7286459.497271 7286459.497271 7286779.687271 7286779.687271
31 1027220.405668 1027220.405668 1027540.595668 1027540.595668
32 1027220.405633 1027220.405633 1027540.595633 1027540.595633
33 1027220.404829 1027220.404829 1027540.594829 1027540.594829
36 1027220.366311 1027220.366311 1027540.556311 1027540.556311
37 1027218.261599 1027218.261599 1027538.451599 1027538.451599
111 99251.440584 99251.440584 99571.630584 99571.630584
112 99251.440569 99251.440569 99571.630569 99571.630569
114 99251.440457 99251.440457 99571.630457 99571.630457
116 99251.407244 99251.407244 99571.597244 99571.597244
118 99251.105866 99251.105866 99571.295866 99571.295866
119 99248.372441 99248.372441 99568.562441 99568.562441
231 18528.241850 18528.241850 18848.431850 18848.431850
232 18528.241847 18528.241847 18848.431847 18848.431847
233 18528.239131 18528.239131 18848.429131 18848.429131
236 18528.202627 18528.202627 18848.392627 18848.392627
238 18528.191060 18528.191060 18848.381060 18848.381060
240 18527.917092 18527.917092 18848.107092 18848.107092
695 12350.121577 12350.121577 12670.311577 12670.311577
698 10303.128081 10303.128081 10623.318081 10623.318081
716 9903.075643 9903.075643 10223.265643 10223.265643
1472 9903.075612 9903.075612 10223.265612 10223.265612
1473 9903.074894 9903.074894 10223.264894 10223.264894
1475 9903.072080 9903.072080 10223.262080 10223.262080
1477 9902.979425 9902.979425 10223.169425 10223.169425
1480 9902.505492 9902.505492 10222.695492 10222.695492
135000 3319561.172877 9902.505492 3319561.172877 10222.695492
"function evaluation" "current f(x)" "best-so-far f(x)" "current af(x)+b"  "best af(x)+b"
1 28186557.814932 28186557.814932 28186878.004932 28186878.004932
4 28186557.814444 28186557.814444 28186878.004444 28186878.004444
6 28186557.775293 28186557.775293 28186877.965293 28186877.965293
8 28186556.542737 28186556.542737 28186876.732737 28186876.732737
9 28186503.263900 28186503.263900 28186823.453900 28186823.453900
11 2994680.853182 2994680.853182 2995001.043182 2995001.043182
12 2994680.853152 2994680.853152 2995001.043152 2995001.043152
13 2994680.851766 2994680.851766 2995001.041766 2995001.041766
16 2994680.812935 2994680.812935 2995001.002935 2995001.002935
17 2994678.966024 2994678.966024 2994999.156024 2994999.156024
20 2994663.405855 2994663.405855 2994983.595855 2994983.595855
41 2373349.573343 2373349.573343 2373669.763343 2373669.763343
43 2373349.573229 2373349.573229 2373669.763229 2373669.763229
45 2373349.539459 2373349.539459 2373669.729459 2373669.729459
47 2373349.531512 2373349.531512 2373669.721512 2373669.721512
49 2373335.818090 2373335.818090 2373656.008090 2373656.008090
61 2146147.579889 2146147.579889 2146467.769889 2146467.769889
62 2146147.579841 2146147.579841 2146467.769841 2146467.769841
63 2146147.578895 2146147.578895 2146467.768895 2146467.768895
66 2146147.536221 2146147.536221 2146467.726221 2146467.726221
68 2146147.136468 2146147.136468 2146467.326468 2146467.326468
69 2146144.652444 2146144.652444 2146464.842444 2146464.842444
191 145269.441701 145269.441701 145589.631701 145589.631701
194 145269.440994 145269.440994 145589.630994 145589.630994
195 145269.421647 145269.421647 145589.611647 145589.611647
197 145268.379304 145268.379304 145588.569304 145588.569304
199 145268.070033 145268.070033 145588.260033 145588.260033
491 125158.202888 125158.202888 125478.392888 125478.392888
493 125158.202806 125158.202806 125478.392806 125478.392806
496 125158.161995 125158.161995 125478.351995 125478.351995
498 125157.744311 125157.744311 125477.934311 125477.934311
829 79031.065093 79031.065093 79351.255093 79351.255093
994 24014.160987 24014.160987 24334.350987 24334.350987
999 17992.266859 17992.266859 18312.456859 18312.456859
1641 17992.266826 17992.266826 18312.456826 18312.456826
1643 17992.266775 17992.266775 18312.456775 18312.456775
1646 17992.228793 17992.228793 18312.418793 18312.418793
1648 17992.139931 17992.139931 18312.329931 18312.329931
1650 17991.927724 17991.927724 18312.117724 18312.117724
135000 3320820.656189 17991.927724 3320820.656189 18312.117724
"function evaluation" "current f(x)" "best-so-far f(x)" "current af(x)+b"  "best af(x)+b"
1 7644765.182374 7644765.182374 7645085.372374 7645085.372374
3 7644765.180911 7644765.180911 7645085.370911 7645085.370911
6 7644765.139724 7644765.139724 7645085.329724 7645085.329724
8 7644764.625702 7644764.625702 7645084.815702 7645084.815702
9 7644748.558992 7644748.558992 7645068.748992 7645068.748992
11 1621605.300356 1621605.300356 1621925.490356 1621925.490356
13 1621605.299733 1621605.299733 1621925.489733 1621925.489733
16 1621605.286766 1621605.286766 1621925.476766 1621925.476766
18 1621604.341687 1621604.341687 1621924.531687 1621924.531687
20 1621588.645278 1621588.645278 1621908.835278 1621908.835278
91 267189.927600 267189.927600 267510.117600 267510.117600
94 267189.927067 267189.927067 267510.117067 267510.117067
95 267189.923762 267189.923762 267510.113762 267510.113762
98 267189.860844 267189.860844 267510.050844 267510.050844
100 267186.486257 267186.486257 267506.676257 267506.676257
151 43292.745399 43292.745399 43612.935399 43612.935399
152 43292.745383 43292.745383 43612.935383 43612.935383
153 43292.745383 43292.745383 43612.935383 43612.935383
155 43292.721831 43292.721831 43612.911831 43612.911831
158 43292.616302 43292.616302 43612.806302 43612.806302
159 43290.708472 43290.708472 43610.898472 43610.898472
656 901.525816 901.525816 1221.715816 1221.715816
1441 901.525793 901.525793 1221.715793 1221.715793
1444 901.525283 901.525283 1221.715283 1221.715283
1445 901.524340 901.524340 1221.714340 1221.714340
1447 901.509502 901.509502 1221.699502 1221.699502
1449 901.350626 901.350626 1221.540626 1221.540626
135000 3320963.341723 901.350626 3320963.341723 1221.540626
"function evaluation" "current f(x)" "best-so-far f(x)" "current af(x)+b"  "best af(x)+b"
1 4347027.771346 4347027.771346 4346923.531346 4346923.531346
2 4347027.771265 4347027.771265 4346923.531265 4346923.531265
3 4347027.770108 4347027.770108 4346923.530108 4346923.530108
6 4347027.731571 4347027.731571 4346923.491571 4346923.491571
8 4347026.682508 4347026.682508 4346922.442508 4346922.442508
10 4347013.513720 4347013.513720 4346909.273720 4346909.273720
91 477171.299889 477171.299889 477067.059889 477067.059889
93 477171.298657 477171.298657 477067.058657 477067.058657
96 477171.290889 477171.290889 477067.050889 477067.050889
98 477170.781753 477170.781753 477066.541753 477066.541753
99 477162.000877 477162.000877 477057.760877 477057.760877
654 219098.892931 219098.892931 218994.652931 218994.652931
656 113139.019357 113139.019357 113034.779357 113034.779357
711 85855.769751 85855.769751 85751.529751 85751.529751
716 79499.481749 79499.481749 79395.241749 79395.241749
758 50427.410619 50427.410619 50323.170619 50323.170619
759 48315.461672 48315.461672 48211.221672 48211.221672
761 38254.184817 38254.184817 38149.944817 38149.944817
766 30679.313713 30679.313713 30575.073713 30575.073713
1502 30679.313673 30679.313673 30575.073673 30575.073673
1503 30679.311117 30679.311117 30575.071117 30575.071117
1506 30679.272876 30679.272876 30575.032876 30575.032876
1508 30679.260792 30679.260792 30575.020792 30575.020792
1510 30678.978399 30678.978399 30574.738399 30574.738399
1851 13586.964507 13586.964507 13482.724507 13482.724507
2702 13586.964468 13586.964468 13482.724468 13482.724468
2703 13586.962644 13586.962644 13482.722644 13482.722644
2706 13586.931540 13586.931540 13482.691540 13482.691540
2708 13586.910851 13586.910851 13482.670851 13482.670851
2710 13586.543258 13586.543258 13482.303258 13482.303258
135000 24185721.089331 13586.543258 24185721.089331 13482.303258
"function evaluation" "current f(x)" "best-so-far f(x)" "current af(x)+b"  "best af(x)+b"
1 19929691.782984 19929691.782984 19929587.542984 19929587.542984
3 19929691.781201 19929691.781201 19929587.541201 19929587.541201
6 19929691.767189 19929691.767189 19929587.527189 19929587.527189
7 19929691.066477 19929691.066477 19929586.826477 19929586.826477
9 19929650.331913 19929650.331913 19929546.091913 19929546.091913
11 379394.647548 379394.647548 379290.407548 379290.407548
12 379394.647545 379394.647545 379290.407545 379290.407545
13 379394.645980 379394.645980 379290.405980 379290.405980
15 379394.639287 379394.639287 379290.399287 379290.399287
18 379394.621276 379394.621276 379290.381276 379290.381276
20 379389.650447 379389.650447 379285.410447 379285.410447
41 134160.325741 134160.325741 134056.085741 134056.085741
42 134160.325686 134160.325686 134056.085686 134056.085686
43 134160.324951 134160.324951 134056.084951 134056.084951
45 134160.322408 134160.322408 134056.082408 134056.082408
48 134159.854590 134159.854590 134055.614590 134055.614590
518 35768.464025 35768.464025 35664.224025 35664.224025
522 5407.696972 5407.696972 5303.456972 5303.456972
1362 5407.696970 5407.696970 5303.456970 5303.456970
1363 5407.694732 5407.694732 5303.454732 5303.454732
1367 5407.635790 5407.635790 5303.395790 5303.395790
1370 5407.310636 5407.310636 5303.070636 5303.070636
135000 24185721.876889 5407.310636 24185721.876889 5303.070636
"function evaluation" "current f(x)" "best-so-far f(x)" "current af(x)+b"  "best af(x)+b"
1 2315479.825016 2315479.825016 2315375.585016 2315375.585016
2 2315479.824984 2315479.824984 2315375.584984 2315375.584984
3 2315479.823704 2315479.823704 2315375.583704 2315375.583704
6 2315479.785079 2315479.785079 2315375.545079 2315375.545079
7 2315478.526462 2315478.526462 2315374.286462 2315374.286462
10 2315462.381863 2315462.381863 2315358.141863 2315358.141863
11 1109291.369985 1109291.369985 1109187.129985 1109187.129985
12 1109291.369905 1109291.369905 1109187.129905 1109187.129905
13 1109291.368572 1109291.368572 1109187.128572 1109187.128572
16 1109291.327654 1109291.327654 1109187.087654 1109187.087654
17 1109289.587752 1109289.587752 1109185.347752 1109185.347752
20 1109287.474764 1109287.474764 1109183.234764 1109183.234764
41 452972.929432 452972.929432 452868.689432 452868.689432
42 452972.929411 452972.929411 452868.689411 452868.689411
43 452972.928219 452972.928219 452868.688219 452868.688219
46 452972.889067 452972.889067 452868.649067 452868.649067
47 452972.341125 452972.341125 452868.101125 452868.101125
49 452964.311100 452964.311100 452860.071100 452860.071100
191 212298.373251 212298.373251 212194.133251 212194.133251
193 212298.372251 212298.372251 212194.132251 212194.132251
195 212298.343263 212298.343263 212194.103263 212194.103263
198 212297.680137 212297.680137 212193.440137 212193.440137
200 212296.644302 212296.644302 212192.404302 212192.404302
271 175193.497505 175193.497505 175089.257505 175089.257505
272 175193.497471 175193.497471 175089.257471 175089.257471
273 175193.497401 175193.497401 175089.257401 175089.257401
276 175193.493989 175193.493989 175089.253989 175089.253989
278 175193.020130 175193.020130 175088.780130 175088.780130
280 175191.856883 175191.856883 175087.616883 175087.616883
321 90828.131861 90828.131861 90723.891861 90723.891861
322 90828.131809 90828.131809 90723.891809 90723.891809
323 90828.130126 90828.130126 90723.890126 90723.890126
326 90828.087278 90828.087278 90723.847278 90723.847278
327 90827.641963 90827.641963 90723.401963 90723.401963
330 90827.454879 90827.454879 90723.214879 90723.214879
361 41845.580700 41845.580700 41741.340700 41741.340700
362 41845.580685 41845.580685 41741.340685 41741.340685
363 41845.578347 41845.578347 41741.338347 41741.338347
366 41845.541085 41845.541085 41741.301085 41741.301085
368 41845.453442 41845.453442 41741.213442 41741.213442
370 41844.249194 41844.249194 41740.009194 41740.009194
580 33690.310413 33690.310413 33586.070413 33586.070413
1115 23269.712567 23269.712567 23165.472567 23165.472567
1118 23087.517528 23087.517528 22983.277528 22983.277528
1712 23087.517524 23087.517524 22983.277524 22983.277524
1713 23087.515195 23087.515195 22983.275195 22983.275195
1716 23087.478399 23087.478399 22983.238399 22983.238399
1717 23087.468592 23087.468592 22983.228592 22983.228592
1719 23087.186267 23087.186267 22982.946267 22982.946267
2276 8276.976239 8276.976239 8172.736239 8172.736239
2318 6586.544981 6586.544981 6482.304981 6482.304981
2972 6586.544964 6586.544964 6482.304964 6482.304964
2973 6586.544352 6586.544352 6482.304352 6482.304352
2976 6586.530965 6586.530965 6482.290965 6482.290965
2978 6586.436221 6586.436221 6482.196221 6482.196221
135000 24185802.259487 6586.436221 24185802.259487 6482.196221
