"function evaluation" "current f(x)" "best-so-far f(x)" "current af(x)+b"  "best af(x)+b"
1 41013060.587257 41013060.587257 41013005.647257 41013005.647257
3 41001231.529311 41001231.529311 41001176.589311 41001176.589311
17 40997058.563476 40997058.563476 40997003.623476 40997003.623476
41 27618666.374097 27618666.374097 27618611.434097 27618611.434097
44 27607174.728579 27607174.728579 27607119.788579 27607119.788579
81 8935997.187857 8935997.187857 8935942.247857 8935942.247857
84 8934029.557054 8934029.557054 8933974.617054 8933974.617054
241 4922093.825835 4922093.825835 4922038.885835 4922038.885835
242 4920790.846849 4920790.846849 4920735.906849 4920735.906849
243 4920169.363463 4920169.363463 4920114.423463 4920114.423463
248 4919773.535722 4919773.535722 4919718.595722 4919718.595722
250 4919076.639153 4919076.639153 4919021.699153 4919021.699153
263 4918698.844640 4918698.844640 4918643.904640 4918643.904640
1361 1937050.404946 1937050.404946 1936995.464946 1936995.464946
1377 1936959.378290 1936959.378290 1936904.438290 1936904.438290
2190 1910733.218771 1910733.218771 1910678.278771 1910678.278771
2205 1728078.842776 1728078.842776 1728023.902776 1728023.902776
2210 1700981.425824 1700981.425824 1700926.485824 1700926.485824
2214 1600781.077816 1600781.077816 1600726.137816 1600726.137816
2326 1542367.996728 1542367.996728 1542313.056728 1542313.056728
2335 1533810.834841 1533810.834841 1533755.894841 1533755.894841
2579 842022.150447 842022.150447 841967.210447 841967.210447
2588 653259.254846 653259.254846 653204.314846 653204.314846
4211 652722.162833 652722.162833 652667.222833 652667.222833
4213 651901.454556 651901.454556 651846.514556 651846.514556
285000 8478848.541888 651901.454556 8478848.541888 651846.514556
"function evaluation" "current f(x)" "best-so-far f(x)" "current af(x)+b"  "best af(x)+b"
1 45737044.672840 45737044.672840 45736989.732840 45736989.732840
2 45714527.448930 45714527.448930 45714472.508930 45714472.508930
3 45695750.011008 45695750.011008 45695695.071008 45695695.071008
41 21030713.061107 21030713.061107 21030658.121107 21030658.121107
44 21027037.242868 21027037.242868 21026982.302868 21026982.302868
81 12220184.627586 12220184.627586 12220129.687586 12220129.687586
83 12215914.858572 12215914.858572 12215859.918572 12215859.918572
97 12214051.729703 12214051.729703 12213996.789703 12213996.789703
116 12213938.543123 12213938.543123 12213883.603123 12213883.603123
121 10041616.057548 10041616.057548 10041561.117548 10041561.117548
156 10039918.739780 10039918.739780 10039863.799780 10039863.799780
281 5568582.891686 5568582.891686 5568527.951686 5568527.951686
282 5564203.267937 5564203.267937 5564148.327937 5564148.327937
284 5558026.817578 5558026.817578 5557971.877578 5557971.877578
321 4357492.617489 4357492.617489 4357437.677489 4357437.677489
333 4357314.098199 4357314.098199 4357259.158199 4357259.158199
335 4356628.386814 4356628.386814 4356573.446814 4356573.446814
344 4354192.384124 4354192.384124 4354137.444124 4354137.444124
1161 4005824.130621 4005824.130621 4005769.190621 4005769.190621
1162 4004523.709329 4004523.709329 4004468.769329 4004468.769329
1166 4003267.974031 4003267.974031 4003213.034031 4003213.034031
1168 4003177.857528 4003177.857528 4003122.917528 4003122.917528
1173 4002987.872867 4002987.872867 4002932.932867 4002932.932867
1196 4002535.777281 4002535.777281 4002480.837281 4002480.837281
2120 2945618.177430 2945618.177430 2945563.237430 2945563.237430
2123 2378553.776103 2378553.776103 2378498.836103 2378498.836103
2124 1997013.325753 1997013.325753 1996958.385753 1996958.385753
2132 1968257.559154 1968257.559154 1968202.619154 1968202.619154
3132 1966147.276613 1966147.276613 1966092.336613 1966092.336613
3139 1965872.465853 1965872.465853 1965817.525853 1965817.525853
3148 1964303.322379 1964303.322379 1964248.382379 1964248.382379
5193 1611372.126482 1611372.126482 1611317.186482 1611317.186482
6501 1610046.567869 1610046.567869 1609991.627869 1609991.627869
6504 1609857.632333 1609857.632333 1609802.692333 1609802.692333
6505 1609220.058044 1609220.058044 1609165.118044 1609165.118044
130737 1229189.623751 1229189.623751 1229134.683751 1229134.683751
132224 1226331.877327 1226331.877327 1226276.937327 1226276.937327
285000 4246208.341423 1226331.877327 4246208.341423 1226276.937327
"function evaluation" "current f(x)" "best-so-far f(x)" "current af(x)+b"  "best af(x)+b"
1 21972179.800771 21972179.800771 21972124.860771 21972124.860771
2 21965987.811350 21965987.811350 21965932.871350 21965932.871350
3 21941066.703034 21941066.703034 21941011.763034 21941011.763034
41 6362985.820685 6362985.820685 6362930.880685 6362930.880685
44 6356209.799110 6356209.799110 6356154.859110 6356154.859110
81 2822234.411876 2822234.411876 2822179.471876 2822179.471876
86 2821848.085584 2821848.085584 2821793.145584 2821793.145584
88 2821387.559310 2821387.559310 2821332.619310 2821332.619310
90 2819662.276773 2819662.276773 2819607.336773 2819607.336773
97 2819038.592784 2819038.592784 2818983.652784 2818983.652784
106 2818447.960761 2818447.960761 2818393.020761 2818393.020761
2020 2490801.238028 2490801.238028 2490746.298028 2490746.298028
2021 2376093.136989 2376093.136989 2376038.196989 2376038.196989
2035 1280306.664220 1280306.664220 1280251.724220 1280251.724220
2041 1233719.644589 1233719.644589 1233664.704589 1233664.704589
2931 1233435.771925 1233435.771925 1233380.831925 1233380.831925
2933 1233087.266967 1233087.266967 1233032.326967 1233032.326967
2936 1232692.172024 1232692.172024 1232637.232024 1232637.232024
2938 1232590.647039 1232590.647039 1232535.707039 1232535.707039
2940 1232233.361135 1232233.361135 1232178.421135 1232178.421135
2947 1231304.722993 1231304.722993 1231249.782993 1231249.782993
2956 1230857.247586 1230857.247586 1230802.307586 1230802.307586
5363 853862.623550 853862.623550 853807.683550 853807.683550
5366 842165.151081 842165.151081 842110.211081 842110.211081
6902 841572.419978 841572.419978 841517.479978 841517.479978
6903 840254.875685 840254.875685 840199.935685 840199.935685
205090 827457.842618 827457.842618 827402.902618 827402.902618
206931 827102.987688 827102.987688 827048.047688 827048.047688
206936 826435.546145 826435.546145 826380.606145 826380.606145
206948 826125.152266 826125.152266 826070.212266 826070.212266
206953 825700.524623 825700.524623 825645.584623 825645.584623
285000 5145584.729168 825700.524623 5145584.729168 825645.584623
"function evaluation" "current f(x)" "best-so-far f(x)" "current af(x)+b"  "best af(x)+b"
1 23863685.169607 23863685.169607 23863744.299607 23863744.299607
41 8881929.843210 8881929.843210 8881988.973210 8881988.973210
42 8869645.584978 8869645.584978 8869704.714978 8869704.714978
681 4425883.656425 4425883.656425 4425942.786425 4425942.786425
1121 3099667.530366 3099667.530366 3099726.660366 3099726.660366
1122 3086725.850557 3086725.850557 3086784.980557 3086784.980557
1125 3084823.871064 3084823.871064 3084883.001064 3084883.001064
1481 953410.439529 953410.439529 953469.569529 953469.569529
1482 946966.049296 946966.049296 947025.179296 947025.179296
2630 268768.422775 268768.422775 268827.552775 268827.552775
4331 268233.893804 268233.893804 268293.023804 268293.023804
4334 268086.212258 268086.212258 268145.342258 268145.342258
4352 267910.108196 267910.108196 267969.238196 267969.238196
285000 11810872.076866 267910.108196 11810872.076866 267969.238196
"function evaluation" "current f(x)" "best-so-far f(x)" "current af(x)+b"  "best af(x)+b"
1 40125946.232927 40125946.232927 40126005.362927 40126005.362927
2 40068670.067110 40068670.067110 40068729.197110 40068729.197110
41 10081204.542948 10081204.542948 10081263.672948 10081263.672948
161 2904039.090178 2904039.090178 2904098.220178 2904098.220178
164 2902662.713444 2902662.713444 2902721.843444 2902721.843444
173 2901716.599091 2901716.599091 2901775.729091 2901775.729091
1921 2371163.284586 2371163.284586 2371222.414586 2371222.414586
1922 2367900.330410 2367900.330410 2367959.460410 2367959.460410
1942 2367842.012110 2367842.012110 2367901.142110 2367901.142110
2073 2340788.434033 2340788.434033 2340847.564033 2340847.564033
2445 2165020.944937 2165020.944937 2165080.074937 2165080.074937
2732 1709420.557196 1709420.557196 1709479.687196 1709479.687196
2824 1649671.707480 1649671.707480 1649730.837480 1649730.837480
4771 1649247.250111 1649247.250111 1649306.380111 1649306.380111
4774 1648396.527410 1648396.527410 1648455.657410 1648455.657410
4776 1647792.411777 1647792.411777 1647851.541777 1647851.541777
4778 1647551.764581 1647551.764581 1647610.894581 1647610.894581
5590 1333759.411071 1333759.411071 1333818.541071 1333818.541071
7421 1331630.548833 1331630.548833 1331689.678833 1331689.678833
99161 1144858.345491 1144858.345491 1144917.475491 1144917.475491
100357 1143223.152277 1143223.152277 1143282.282277 1143282.282277
100360 1142832.867451 1142832.867451 1142891.997451 1142891.997451
100368 1141595.308248 1141595.308248 1141654.438248 1141654.438248
100384 1141373.521109 1141373.521109 1141432.651109 1141432.651109
285000 8024911.380643 1141373.521109 8024911.380643 1141432.651109
"function evaluation" "current f(x)" "best-so-far f(x)" "current af(x)+b"  "best af(x)+b"
1 12028273.019117 12028273.019117 12028332.149117 12028332.149117
161 6729547.904966 6729547.904966 6729607.034966 6729607.034966
166 6729371.922995 6729371.922995 6729431.052995 6729431.052995
168 6727828.872198 6727828.872198 6727888.002198 6727888.002198
441 4241633.256278 4241633.256278 4241692.386278 4241692.386278
443 4241379.985732 4241379.985732 4241439.115732 4241439.115732
446 4240880.793183 4240880.793183 4240939.923183 4240939.923183
454 4240761.912861 4240761.912861 4240821.042861 4240821.042861
467 4239415.918092 4239415.918092 4239475.048092 4239475.048092
561 2284246.136197 2284246.136197 2284305.266197 2284305.266197
562 2279840.566569 2279840.566569 2279899.696569 2279899.696569
563 2279032.015616 2279032.015616 2279091.145616 2279091.145616
582 2278406.489567 2278406.489567 2278465.619567 2278465.619567
2188 1740333.406914 1740333.406914 1740392.536914 1740392.536914
2191 1514250.853546 1514250.853546 1514309.983546 1514309.983546
2239 1357026.564899 1357026.564899 1357085.694899 1357085.694899
2241 974506.922684 974506.922684 974566.052684 974566.052684
2242 883309.413842 883309.413842 883368.543842 883368.543842
3411 882790.728926 882790.728926 882849.858926 882849.858926
3414 882351.514080 882351.514080 882410.644080 882410.644080
3415 881500.637284 881500.637284 881559.767284 881559.767284
5661 781288.213346 781288.213346 781347.343346 781347.343346
7581 779775.828936 779775.828936 779834.958936 779834.958936
7586 779070.285185 779070.285185 779129.415185 779129.415185
7606 779044.307345 779044.307345 779103.437345 779103.437345
285000 9556646.078660 779044.307345 9556646.078660 779103.437345
"function evaluation" "current f(x)" "best-so-far f(x)" "current af(x)+b"  "best af(x)+b"
1 27541049.367873 27541049.367873 27540557.837873 27540557.837873
10 27539976.263729 27539976.263729 27539484.733729 27539484.733729
11 27535744.169634 27535744.169634 27535252.639634 27535252.639634
41 17017079.572252 17017079.572252 17016588.042252 17016588.042252
44 17010618.079028 17010618.079028 17010126.549028 17010126.549028
51 17003540.028901 17003540.028901 17003048.498901 17003048.498901
81 13309562.710716 13309562.710716 13309071.180716 13309071.180716
84 13308772.825651 13308772.825651 13308281.295651 13308281.295651
90 13306060.249135 13306060.249135 13305568.719135 13305568.719135
91 13300311.193434 13300311.193434 13299819.663434 13299819.663434
281 7241165.607043 7241165.607043 7240674.077043 7240674.077043
290 7235507.162087 7235507.162087 7235015.632087 7235015.632087
401 6031266.133813 6031266.133813 6030774.603813 6030774.603813
402 6020596.955483 6020596.955483 6020105.425483 6020105.425483
409 6016883.086631 6016883.086631 6016391.556631 6016391.556631
441 5243811.164591 5243811.164591 5243319.634591 5243319.634591
445 5243420.507874 5243420.507874 5242928.977874 5242928.977874
448 5242084.668679 5242084.668679 5241593.138679 5241593.138679
449 5240154.228765 5240154.228765 5239662.698765 5239662.698765
476 5239598.076305 5239598.076305 5239106.546305 5239106.546305
1001 1881345.356830 1881345.356830 1880853.826830 1880853.826830
1016 1879577.381408 1879577.381408 1879085.851408 1879085.851408
2122 1583959.683716 1583959.683716 1583468.153716 1583468.153716
2426 675946.938188 675946.938188 675455.408188 675455.408188
2430 661442.349894 661442.349894 660950.819894 660950.819894
2439 641908.386274 641908.386274 641416.856274 641416.856274
3851 641743.898133 641743.898133 641252.368133 641252.368133
3854 641551.211430 641551.211430 641059.681430 641059.681430
3858 641475.160961 641475.160961 640983.630961 640983.630961
3866 641286.235861 641286.235861 640794.705861 640794.705861
5676 463410.863453 463410.863453 462919.333453 462919.333453
7621 462730.697404 462730.697404 462239.167404 462239.167404
7630 462383.782079 462383.782079 461892.252079 461892.252079
285000 17131628.019110 462383.782079 17131628.019110 461892.252079
"function evaluation" "current f(x)" "best-so-far f(x)" "current af(x)+b"  "best af(x)+b"
1 26438004.707196 26438004.707196 26437513.177196 26437513.177196
4 26425863.504076 26425863.504076 26425371.974076 26425371.974076
10 26421693.523420 26421693.523420 26421201.993420 26421201.993420
11 26418943.540109 26418943.540109 26418452.010109 26418452.010109
15 26417911.740120 26417911.740120 26417420.210120 26417420.210120
41 6710186.428783 6710186.428783 6709694.898783 6709694.898783
50 6708467.813152 6708467.813152 6707976.283152 6707976.283152
81 3800635.744162 3800635.744162 3800144.214162 3800144.214162
84 3800559.396198 3800559.396198 3800067.866198 3800067.866198
85 3799395.441861 3799395.441861 3798903.911861 3798903.911861
91 3799328.822999 3799328.822999 3798837.292999 3798837.292999
102 3798504.050940 3798504.050940 3798012.520940 3798012.520940
601 2386603.196031 2386603.196031 2386111.666031 2386111.666031
602 2384095.324856 2384095.324856 2383603.794856 2383603.794856
603 2383912.829559 2383912.829559 2383421.299559 2383421.299559
605 2383590.187535 2383590.187535 2383098.657535 2383098.657535
609 2379597.344523 2379597.344523 2379105.814523 2379105.814523
2038 2164815.919435 2164815.919435 2164324.389435 2164324.389435
2047 2061531.128787 2061531.128787 2061039.598787 2061039.598787
2256 1529545.865088 1529545.865088 1529054.335088 1529054.335088
2259 1422382.012180 1422382.012180 1421890.482180 1421890.482180
2262 1399199.419897 1399199.419897 1398707.889897 1398707.889897
2500 1281164.135662 1281164.135662 1280672.605662 1280672.605662
2501 1259738.321842 1259738.321842 1259246.791842 1259246.791842
4011 1259475.460953 1259475.460953 1258983.930953 1258983.930953
4013 1259063.161800 1259063.161800 1258571.631800 1258571.631800
4015 1258936.112053 1258936.112053 1258444.582053 1258444.582053
4025 1258558.768999 1258558.768999 1258067.238999 1258067.238999
5431 949388.830818 949388.830818 948897.300818 948897.300818
5436 795235.168344 795235.168344 794743.638344 794743.638344
7062 794173.371999 794173.371999 793681.841999 793681.841999
7071 794064.402830 794064.402830 793572.872830 793572.872830
7074 794049.225284 794049.225284 793557.695284 793557.695284
7075 793687.781769 793687.781769 793196.251769 793196.251769
7094 793616.412876 793616.412876 793124.882876 793124.882876
285000 9723030.715160 793616.412876 9723030.715160 793124.882876
"function evaluation" "current f(x)" "best-so-far f(x)" "current af(x)+b"  "best af(x)+b"
1 19569484.186552 19569484.186552 19568992.656552 19568992.656552
10 19569190.398762 19569190.398762 19568698.868762 19568698.868762
27 19568222.521200 19568222.521200 19567730.991200 19567730.991200
41 7988256.347644 7988256.347644 7987764.817644 7987764.817644
44 7987129.370851 7987129.370851 7986637.840851 7986637.840851
45 7986662.979478 7986662.979478 7986171.449478 7986171.449478
51 7984522.093132 7984522.093132 7984030.563132 7984030.563132
62 7984452.774306 7984452.774306 7983961.244306 7983961.244306
201 4671282.465473 4671282.465473 4670790.935473 4670790.935473
202 4669733.810804 4669733.810804 4669242.280804 4669242.280804
204 4667883.895686 4667883.895686 4667392.365686 4667392.365686
209 4665583.141775 4665583.141775 4665091.611775 4665091.611775
236 4665168.989871 4665168.989871 4664677.459871 4664677.459871
441 3760401.980680 3760401.980680 3759910.450680 3759910.450680
443 3760127.865798 3760127.865798 3759636.335798 3759636.335798
448 3759053.606712 3759053.606712 3758562.076712 3758562.076712
456 3757265.212614 3757265.212614 3756773.682614 3756773.682614
841 2484397.416565 2484397.416565 2483905.886565 2483905.886565
842 2480786.801165 2480786.801165 2480295.271165 2480295.271165
844 2479708.916166 2479708.916166 2479217.386166 2479217.386166
855 2478433.037987 2478433.037987 2477941.507987 2477941.507987
2086 1361035.733923 1361035.733923 1360544.203923 1360544.203923
2088 1291637.575093 1291637.575093 1291146.045093 1291146.045093
2089 1185862.906073 1185862.906073 1185371.376073 1185371.376073
2090 957891.231638 957891.231638 957399.701638 957399.701638
3051 956763.551105 956763.551105 956272.021105 956272.021105
3054 955566.612145 955566.612145 955075.082145 955075.082145
3061 954155.711065 954155.711065 953664.181065 953664.181065
4945 939545.812103 939545.812103 939054.282103 939054.282103
5902 938102.603216 938102.603216 937611.073216 937611.073216
285000 8307184.306620 938102.603216 8307184.306620 937611.073216
"function evaluation" "current f(x)" "best-so-far f(x)" "current af(x)+b"  "best af(x)+b"
1 22134387.119054 22134387.119054 22134216.919054 22134216.919054
2 22129626.994586 22129626.994586 22129456.794586 22129456.794586
3 22120839.552038 22120839.552038 22120669.352038 22120669.352038
5 22117636.269412 22117636.269412 22117466.069412 22117466.069412
33 22112144.558886 22112144.558886 22111974.358886 22111974.358886
201 15687835.492622 15687835.492622 15687665.292622 15687665.292622
202 15679058.076943 15679058.076943 15678887.876943 15678887.876943
203 15677359.763246 15677359.763246 15677189.563246 15677189.563246
205 15673392.993993 15673392.993993 15673222.793993 15673222.793993
208 15672290.536415 15672290.536415 15672120.336415 15672120.336415
233 15665308.867804 15665308.867804 15665138.667804 15665138.667804
321 3614753.972485 3614753.972485 3614583.772485 3614583.772485
324 3614325.169346 3614325.169346 3614154.969346 3614154.969346
326 3614303.656352 3614303.656352 3614133.456352 3614133.456352
332 3614116.396514 3614116.396514 3613946.196514 3613946.196514
348 3613886.174516 3613886.174516 3613715.974516 3613715.974516
359 3613249.432263 3613249.432263 3613079.232263 3613079.232263
801 2832393.649617 2832393.649617 2832223.449617 2832223.449617
804 2830414.869085 2830414.869085 2830244.669085 2830244.669085
806 2828558.177576 2828558.177576 2828387.977576 2828387.977576
828 2828040.004753 2828040.004753 2827869.804753 2827869.804753
2137 816339.907800 816339.907800 816169.707800 816169.707800
2149 813916.778669 813916.778669 813746.578669 813746.578669
3171 813583.059692 813583.059692 813412.859692 813412.859692
3174 813394.248729 813394.248729 813224.048729 813224.048729
3176 812775.300284 812775.300284 812605.100284 812605.100284
3198 812712.959933 812712.959933 812542.759933 812542.759933
5204 784540.605928 784540.605928 784370.405928 784370.405928
6501 784478.691521 784478.691521 784308.491521 784308.491521
6503 784097.294131 784097.294131 783927.094131 783927.094131
6505 783787.739345 783787.739345 783617.539345 783617.539345
6508 783384.599814 783384.599814 783214.399814 783214.399814
6533 782978.080972 782978.080972 782807.880972 782807.880972
285000 11670850.401097 782978.080972 11670850.401097 782807.880972
"function evaluation" "current f(x)" "best-so-far f(x)" "current af(x)+b"  "best af(x)+b"
1 20938525.094579 20938525.094579 20938354.894579 20938354.894579
3 20931961.033917 20931961.033917 20931790.833917 20931790.833917
5 20929500.319420 20929500.319420 20929330.119420 20929330.119420
10 20926733.855580 20926733.855580 20926563.655580 20926563.655580
81 9117041.335791 9117041.335791 9116871.135791 9116871.135791
82 9115831.762796 9115831.762796 9115661.562796 9115661.562796
83 9112425.616402 9112425.616402 9112255.416402 9112255.416402
85 9111747.556771 9111747.556771 9111577.356771 9111577.356771
88 9109491.731982 9109491.731982 9109321.531982 9109321.531982
113 9107288.181270 9107288.181270 9107117.981270 9107117.981270
401 6581308.943088 6581308.943088 6581138.743088 6581138.743088
402 6579668.525199 6579668.525199 6579498.325199 6579498.325199
404 6578507.996006 6578507.996006 6578337.796006 6578337.796006
412 6577903.231402 6577903.231402 6577733.031402 6577733.031402
415 6577178.137255 6577178.137255 6577007.937255 6577007.937255
423 6576167.614721 6576167.614721 6575997.414721 6575997.414721
481 4796678.444069 4796678.444069 4796508.244069 4796508.244069
490 4791958.992500 4791958.992500 4791788.792500 4791788.792500
521 2530438.967272 2530438.967272 2530268.767272 2530268.767272
522 2525818.765880 2525818.765880 2525648.565880 2525648.565880
523 2525162.831739 2525162.831739 2524992.631739 2524992.631739
525 2524325.454802 2524325.454802 2524155.254802 2524155.254802
528 2522816.607512 2522816.607512 2522646.407512 2522646.407512
553 2520549.314526 2520549.314526 2520379.114526 2520379.114526
2207 2118756.122758 2118756.122758 2118585.922758 2118585.922758
2208 2081864.154041 2081864.154041 2081693.954041 2081693.954041
2209 2079576.290967 2079576.290967 2079406.090967 2079406.090967
2212 1843006.065835 1843006.065835 1842835.865835 1842835.865835
2222 741755.922254 741755.922254 741585.722254 741585.722254
2226 532980.403349 532980.403349 532810.203349 532810.203349
2232 430202.900313 430202.900313 430032.700313 430032.700313
3371 429665.330048 429665.330048 429495.130048 429495.130048
3374 429543.213435 429543.213435 429373.013435 429373.013435
3376 429349.422203 429349.422203 429179.222203 429179.222203
3398 428990.250305 428990.250305 428820.050305 428820.050305
3409 428905.531196 428905.531196 428735.331196 428735.331196
285000 7840491.637774 428905.531196 7840491.637774 428735.331196
"function evaluation" "current f(x)" "best-so-far f(x)" "current af(x)+b"  "best af(x)+b"
1 30330302.793132 30330302.793132 30330132.593132 30330132.593132
7 30329421.547594 30329421.547594 30329251.347594 30329251.347594
10 30317883.806437 30317883.806437 30317713.606437 30317713.606437
121 14781401.745915 14781401.745915 14781231.545915 14781231.545915
123 14778995.373756 14778995.373756 14778825.173756 14778825.173756
130 14772064.583060 14772064.583060 14771894.383060 14771894.383060
321 12677584.274238 12677584.274238 12677414.074238 12677414.074238
323 12676547.253592 12676547.253592 12676377.053592 12676377.053592
330 12671191.264884 12671191.264884 12671021.064884 12671021.064884
481 10050346.353700 10050346.353700 10050176.153700 10050176.153700
482 10047198.864014 10047198.864014 10047028.664014 10047028.664014
483 10043236.866444 10043236.866444 10043066.666444 10043066.666444
485 10038973.222425 10038973.222425 10038803.022425 10038803.022425
1761 3208978.080007 3208978.080007 3208807.880007 3208807.880007
1770 3206517.967486 3206517.967486 3206347.767486 3206347.767486
2749 2403042.389740 2403042.389740 2402872.189740 2402872.189740
2752 2072687.325086 2072687.325086 2072517.125086 2072517.125086
2755 2057742.254082 2057742.254082 2057572.054082 2057572.054082
2757 1954456.136708 1954456.136708 1954285.936708 1954285.936708
4611 1953275.856758 1953275.856758 1953105.656758 1953105.656758
4620 1952401.677658 1952401.677658 1952231.477658 1952231.477658
5276 1460745.906368 1460745.906368 1460575.706368 1460575.706368
5278 1157996.117310 1157996.117310 1157825.917310 1157825.917310
5287 1014089.286462 1014089.286462 1013919.086462 1013919.086462
5288 973745.582664 973745.582664 973575.382664 973575.382664
6701 973039.677356 973039.677356 972869.477356 972869.477356
6707 973004.824125 973004.824125 972834.624125 972834.624125
6710 971564.586837 971564.586837 971394.386837 971394.386837
285000 15229729.062018 971564.586837 15229729.062018 971394.386837
"function evaluation" "current f(x)" "best-so-far f(x)" "current af(x)+b"  "best af(x)+b"
1 13175521.059491 13175521.059491 13175051.309491 13175051.309491
3 13170414.395992 13170414.395992 13169944.645992 13169944.645992
161 12284193.387321 12284193.387321 12283723.637321 12283723.637321
163 12280905.409734 12280905.409734 12280435.659734 12280435.659734
166 12276662.081754 12276662.081754 12276192.331754 12276192.331754
180 12274661.788209 12274661.788209 12274192.038209 12274192.038209
186 12274102.298472 12274102.298472 12273632.548472 12273632.548472
241 7982493.065629 7982493.065629 7982023.315629 7982023.315629
246 7975177.606037 7975177.606037 7974707.856037 7974707.856037
260 7972194.873568 7972194.873568 7971725.123568 7971725.123568
266 7970782.424247 7970782.424247 7970312.674247 7970312.674247
761 5802314.663434 5802314.663434 5801844.913434 5801844.913434
762 5799223.811082 5799223.811082 5798754.061082 5798754.061082
763 5796485.280275 5796485.280275 5796015.530275 5796015.530275
1161 4309293.694956 4309293.694956 4308823.944956 4308823.944956
1164 4308000.422018 4308000.422018 4307530.672018 4307530.672018
1181 4307287.063189 4307287.063189 4306817.313189 4306817.313189
2105 3896879.426467 3896879.426467 3896409.676467 3896409.676467
2324 1860554.456688 1860554.456688 1860084.706688 1860084.706688
3612 1859999.400840 1859999.400840 1859529.650840 1859529.650840
3613 1858626.898044 1858626.898044 1858157.148044 1858157.148044
3622 1858449.763556 1858449.763556 1857980.013556 1857980.013556
3628 1858385.710195 1858385.710195 1857915.960195 1857915.960195
3630 1858310.826408 1858310.826408 1857841.076408 1857841.076408
3636 1857635.691863 1857635.691863 1857165.941863 1857165.941863
5183 1460818.299264 1460818.299264 1460348.549264 1460348.549264
6461 1460780.449074 1460780.449074 1460310.699074 1460310.699074
6463 1459831.191211 1459831.191211 1459361.441211 1459361.441211
6466 1459194.806690 1459194.806690 1458725.056690 1458725.056690
6471 1457650.121616 1457650.121616 1457180.371616 1457180.371616
6499 1457002.480569 1457002.480569 1456532.730569 1456532.730569
76126 1396873.115925 1396873.115925 1396403.365925 1396403.365925
76991 1396634.362279 1396634.362279 1396164.612279 1396164.612279
76994 1394894.932372 1394894.932372 1394425.182372 1394425.182372
77030 1394042.906739 1394042.906739 1393573.156739 1393573.156739
285000 12639226.059442 1394042.906739 12639226.059442 1393573.156739
"function evaluation" "current f(x)" "best-so-far f(x)" "current af(x)+b"  "best af(x)+b"
1 20578142.578234 20578142.578234 20577672.828234 20577672.828234
3 20576656.982480 20576656.982480 20576187.232480 20576187.232480
6 20571986.994684 20571986.994684 20571517.244684 20571517.244684
20 20570061.124657 20570061.124657 20569591.374657 20569591.374657
26 20568920.127273 20568920.127273 20568450.377273 20568450.377273
121 12589200.479687 12589200.479687 12588730.729687 12588730.729687
124 12588283.410370 12588283.410370 12587813.660370 12587813.660370
126 12580813.951151 12580813.951151 12580344.201151 12580344.201151
140 12575528.228093 12575528.228093 12575058.478093 12575058.478093
281 9228120.248118 9228120.248118 9227650.498118 9227650.498118
282 9221578.614355 9221578.614355 9221108.864355 9221108.864355
283 9219445.403717 9219445.403717 9218975.653717 9218975.653717
292 9212398.685347 9212398.685347 9211928.935347 9211928.935347
2052 7445080.679599 7445080.679599 7444610.929599 7444610.929599
2056 6696414.817833 6696414.817833 6695945.067833 6695945.067833
2058 6227320.224749 6227320.224749 6226850.474749 6226850.474749
2062 6035733.337286 6035733.337286 6035263.587286 6035263.587286
2105 6003557.942002 6003557.942002 6003088.192002 6003088.192002
2120 5145709.819528 5145709.819528 5145240.069528 5145240.069528
2132 5133240.906190 5133240.906190 5132771.156190 5132771.156190
2154 3828377.370566 3828377.370566 3827907.620566 3827907.620566
3211 3825130.692212 3825130.692212 3824660.942212 3824660.942212
3214 3820749.681999 3820749.681999 3820279.931999 3820279.931999
4902 3093411.255344 3093411.255344 3092941.505344 3092941.505344
4912 2577627.185488 2577627.185488 2577157.435488 2577157.435488
4958 1816530.457751 1816530.457751 1816060.707751 1816060.707751
4963 1796669.143475 1796669.143475 1796199.393475 1796199.393475
5941 1796551.893210 1796551.893210 1796082.143210 1796082.143210
5943 1795221.904915 1795221.904915 1794752.154915 1794752.154915
5946 1794752.163288 1794752.163288 1794282.413288 1794282.413288
5951 1794683.929045 1794683.929045 1794214.179045 1794214.179045
5960 1794032.080771 1794032.080771 1793562.330771 1793562.330771
5979 1793313.647087 1793313.647087 1792843.897087 1792843.897087
8527 1035987.267319 1035987.267319 1035517.517319 1035517.517319
10472 1034596.820142 1034596.820142 1034127.070142 1034127.070142
10473 1031853.040648 1031853.040648 1031383.290648 1031383.290648
199496 1009707.986678 1009707.986678 1009238.236678 1009238.236678
201461 1009621.876264 1009621.876264 1009152.126264 1009152.126264
201463 1009589.951808 1009589.951808 1009120.201808 1009120.201808
201470 1009447.059540 1009447.059540 1008977.309540 1008977.309540
201478 1009144.275268 1009144.275268 1008674.525268 1008674.525268
201479 1008868.294004 1008868.294004 1008398.544004 1008398.544004
261848 938628.337031 938628.337031 938158.587031 938158.587031
263361 938182.030565 938182.030565 937712.280565 937712.280565
263370 937372.453255 937372.453255 936902.703255 936902.703255
263384 936459.172011 936459.172011 935989.422011 935989.422011
285000 7668830.850557 936459.172011 7668830.850557 935989.422011
"function evaluation" "current f(x)" "best-so-far f(x)" "current af(x)+b"  "best af(x)+b"
1 17241629.992665 17241629.992665 17241160.242665 17241160.242665
2 17235253.403672 17235253.403672 17234783.653672 17234783.653672
3 17233443.122472 17233443.122472 17232973.372472 17232973.372472
12 17230961.097976 17230961.097976 17230491.347976 17230491.347976
241 10450296.184901 10450296.184901 10449826.434901 10449826.434901
242 10444200.846838 10444200.846838 10443731.096838 10443731.096838
249 10438682.749731 10438682.749731 10438212.999731 10438212.999731
252 10438427.766035 10438427.766035 10437958.016035 10437958.016035
266 10437774.805314 10437774.805314 10437305.055314 10437305.055314
321 9496214.855582 9496214.855582 9495745.105582 9495745.105582
323 9491346.924341 9491346.924341 9490877.174341 9490877.174341
961 9020654.692944 9020654.692944 9020184.942944 9020184.942944
966 9019034.389517 9019034.389517 9018564.639517 9018564.639517
1161 3252321.865515 3252321.865515 3251852.115515 3251852.115515
1166 3249029.695471 3249029.695471 3248559.945471 3248559.945471
1180 3248060.899137 3248060.899137 3247591.149137 3247591.149137
1186 3246913.674603 3246913.674603 3246443.924603 3246443.924603
1761 2169728.653946 2169728.653946 2169258.903946 2169258.903946
1762 2168303.802609 2168303.802609 2167834.052609 2167834.052609
1763 2164759.504582 2164759.504582 2164289.754582 2164289.754582
2494 1950667.815898 1950667.815898 1950198.065898 1950198.065898
2496 1393098.506910 1393098.506910 1392628.756910 1392628.756910
2751 1167305.059873 1167305.059873 1166835.309873 1166835.309873
2753 1018609.801193 1018609.801193 1018140.051193 1018140.051193
4611 1017749.176375 1017749.176375 1017279.426375 1017279.426375
4625 1017196.168978 1017196.168978 1016726.418978 1016726.418978
53702 766006.933401 766006.933401 765537.183401 765537.183401
55080 765004.473054 765004.473054 764534.723054 764534.723054
285000 12767611.434868 765004.473054 12767611.434868 764534.723054
