"function evaluation" "current f(x)" "best-so-far f(x)" "current af(x)+b"  "best af(x)+b"
1 3698.752478 3698.752478 3728.722478 3728.722478
5 3698.429865 3698.429865 3728.399865 3728.399865
41 3080.198769 3080.198769 3110.168769 3110.168769
43 3080.179552 3080.179552 3110.149552 3110.149552
45 3080.113531 3080.113531 3110.083531 3110.083531
48 3079.982305 3079.982305 3109.952305 3109.952305
52 3079.965602 3079.965602 3109.935602 3109.935602
53 3079.820066 3079.820066 3109.790066 3109.790066
81 2366.108602 2366.108602 2396.078602 2396.078602
91 2365.986156 2365.986156 2395.956156 2395.956156
93 2365.828734 2365.828734 2395.798734 2395.798734
961 1992.011522 1992.011522 2021.981522 2021.981522
962 1991.835848 1991.835848 2021.805848 2021.805848
964 1991.569826 1991.569826 2021.539826 2021.539826
988 1991.427552 1991.427552 2021.397552 2021.397552
2409 1689.914441 1689.914441 1719.884441 1719.884441
2412 1650.254977 1650.254977 1680.224977 1680.224977
3812 1650.145709 1650.145709 1680.115709 1680.115709
3814 1649.933492 1649.933492 1679.903492 1679.903492
3838 1649.821842 1649.821842 1679.791842 1679.791842
3843 1649.814961 1649.814961 1679.784961 1679.784961
7744 1515.694783 1515.694783 1545.664783 1545.664783
8632 1515.356521 1515.356521 1545.326521 1545.326521
8647 1515.180113 1515.180113 1545.150113 1545.150113
285000 3178.251335 1515.180113 3178.251335 1545.150113
"function evaluation" "current f(x)" "best-so-far f(x)" "current af(x)+b"  "best af(x)+b"
1 3395.229752 3395.229752 3425.199752 3425.199752
5 3394.867564 3394.867564 3424.837564 3424.837564
41 2884.627380 2884.627380 2914.597380 2914.597380
42 2884.012214 2884.012214 2913.982214 2913.982214
45 2883.858666 2883.858666 2913.828666 2913.828666
201 2750.707463 2750.707463 2780.677463 2780.677463
205 2750.628663 2750.628663 2780.598663 2780.598663
229 2750.568087 2750.568087 2780.538087 2780.538087
281 2160.654746 2160.654746 2190.624746 2190.624746
282 2160.544932 2160.544932 2190.514932 2190.514932
283 2160.363477 2160.363477 2190.333477 2190.333477
291 2160.297807 2160.297807 2190.267807 2190.267807
309 2160.153907 2160.153907 2190.123907 2190.123907
1521 2013.780932 2013.780932 2043.750932 2043.750932
1523 2013.591187 2013.591187 2043.561187 2043.561187
1525 2013.554603 2013.554603 2043.524603 2043.524603
1528 2013.520160 2013.520160 2043.490160 2043.490160
2120 1733.661947 1733.661947 1763.631947 1763.631947
2651 1713.028586 1713.028586 1742.998586 1742.998586
2657 1703.266319 1703.266319 1733.236319 1733.236319
4371 1703.186340 1703.186340 1733.156340 1733.156340
4373 1702.934659 1702.934659 1732.904659 1732.904659
4375 1702.872528 1702.872528 1732.842528 1732.842528
4378 1702.836665 1702.836665 1732.806665 1732.806665
8285 1673.973922 1673.973922 1703.943922 1703.943922
8387 1618.189400 1618.189400 1648.159400 1648.159400
10152 1618.122863 1618.122863 1648.092863 1648.092863
10155 1617.997596 1617.997596 1647.967596 1647.967596
10168 1617.995442 1617.995442 1647.965442 1647.965442
10169 1617.990342 1617.990342 1647.960342 1647.960342
10171 1617.707126 1617.707126 1647.677126 1647.677126
285000 2944.862242 1617.707126 2944.862242 1647.677126
"function evaluation" "current f(x)" "best-so-far f(x)" "current af(x)+b"  "best af(x)+b"
1 2691.113112 2691.113112 2721.083112 2721.083112
5 2690.995305 2690.995305 2720.965305 2720.965305
38 2690.984673 2690.984673 2720.954673 2720.954673
281 2604.518049 2604.518049 2634.488049 2634.488049
282 2603.793794 2603.793794 2633.763794 2633.763794
298 2603.756352 2603.756352 2633.726352 2633.726352
361 2508.704770 2508.704770 2538.674770 2538.674770
362 2507.941032 2507.941032 2537.911032 2537.911032
383 2507.657948 2507.657948 2537.627948 2537.627948
561 1985.726691 1985.726691 2015.696691 2015.696691
563 1985.538104 1985.538104 2015.508104 2015.508104
567 1985.190410 1985.190410 2015.160410 2015.160410
2239 1750.698020 1750.698020 1780.668020 1780.668020
2241 1744.530914 1744.530914 1774.500914 1774.500914
2244 1738.193697 1738.193697 1768.163697 1768.163697
2249 1731.896072 1731.896072 1761.866072 1761.866072
2252 1731.539092 1731.539092 1761.509092 1761.509092
3412 1731.422764 1731.422764 1761.392764 1761.392764
3413 1731.298207 1731.298207 1761.268207 1761.268207
3417 1731.022215 1731.022215 1760.992215 1760.992215
148055 1412.231788 1412.231788 1442.201788 1442.201788
149842 1412.170965 1412.170965 1442.140965 1442.140965
149844 1412.104040 1412.104040 1442.074040 1442.074040
149847 1411.933818 1411.933818 1441.903818 1441.903818
149850 1411.780318 1411.780318 1441.750318 1441.750318
149877 1411.727828 1411.727828 1441.697828 1441.697828
285000 2855.812140 1411.727828 2855.812140 1441.697828
"function evaluation" "current f(x)" "best-so-far f(x)" "current af(x)+b"  "best af(x)+b"
1 3237.741914 3237.741914 3186.031914 3186.031914
2 3236.841995 3236.841995 3185.131995 3185.131995
17 3236.741550 3236.741550 3185.031550 3185.031550
361 2653.532666 2653.532666 2601.822666 2601.822666
362 2652.786060 2652.786060 2601.076060 2601.076060
1361 2634.389497 2634.389497 2582.679497 2582.679497
1362 2634.164309 2634.164309 2582.454309 2582.454309
1364 2634.058391 2634.058391 2582.348391 2582.348391
1370 2633.873818 2633.873818 2582.163818 2582.163818
1382 2633.740553 2633.740553 2582.030553 2582.030553
1641 2295.647959 2295.647959 2243.937959 2243.937959
1653 2295.363202 2295.363202 2243.653202 2243.653202
2366 2287.171881 2287.171881 2235.461881 2235.461881
2589 2283.598214 2283.598214 2231.888214 2231.888214
2590 2256.126181 2256.126181 2204.416181 2204.416181
2698 1925.367521 1925.367521 1873.657521 1873.657521
4491 1925.158037 1925.158037 1873.448037 1873.448037
4503 1924.909686 1924.909686 1873.199686 1873.199686
5429 1910.863757 1910.863757 1859.153757 1859.153757
5433 1609.617754 1609.617754 1557.907754 1557.907754
7061 1609.614747 1609.614747 1557.904747 1557.904747
7064 1609.473151 1609.473151 1557.763151 1557.763151
7070 1609.337463 1609.337463 1557.627463 1557.627463
7093 1609.189775 1609.189775 1557.479775 1557.479775
8201 1453.519697 1453.519697 1401.809697 1401.809697
9711 1453.357051 1453.357051 1401.647051 1401.647051
9714 1453.238105 1453.238105 1401.528105 1401.528105
9721 1453.077497 1453.077497 1401.367497 1401.367497
9733 1453.070148 1453.070148 1401.360148 1401.360148
285000 3757.023038 1453.070148 3757.023038 1401.360148
"function evaluation" "current f(x)" "best-so-far f(x)" "current af(x)+b"  "best af(x)+b"
1 4665.387967 4665.387967 4613.677967 4613.677967
2 4664.657991 4664.657991 4612.947991 4612.947991
7 4664.644469 4664.644469 4612.934469 4612.934469
17 4664.625436 4664.625436 4612.915436 4612.915436
22 4664.544277 4664.544277 4612.834277 4612.834277
41 3754.463104 3754.463104 3702.753104 3702.753104
42 3753.847941 3753.847941 3702.137941 3702.137941
57 3753.810204 3753.810204 3702.100204 3702.100204
62 3753.683652 3753.683652 3701.973652 3701.973652
81 3405.193163 3405.193163 3353.483163 3353.483163
82 3404.841214 3404.841214 3353.131214 3353.131214
90 3404.672885 3404.672885 3352.962885 3352.962885
92 3404.586792 3404.586792 3352.876792 3352.876792
97 3404.549914 3404.549914 3352.839914 3352.839914
103 3404.495868 3404.495868 3352.785868 3352.785868
121 3259.963453 3259.963453 3208.253453 3208.253453
123 3259.802586 3259.802586 3208.092586 3208.092586
130 3259.479381 3259.479381 3207.769381 3207.769381
161 2872.109259 2872.109259 2820.399259 2820.399259
162 2871.859909 2871.859909 2820.149909 2820.149909
167 2871.838881 2871.838881 2820.128881 2820.128881
170 2871.650432 2871.650432 2819.940432 2819.940432
173 2871.487794 2871.487794 2819.777794 2819.777794
177 2871.399434 2871.399434 2819.689434 2819.689434
241 2711.390554 2711.390554 2659.680554 2659.680554
242 2710.610585 2710.610585 2658.900585 2658.900585
278 2710.500468 2710.500468 2658.790468 2658.790468
1481 2303.334565 2303.334565 2251.624565 2251.624565
1482 2302.703076 2302.703076 2250.993076 2250.993076
1490 2302.509662 2302.509662 2250.799662 2250.799662
2630 2144.313719 2144.313719 2092.603719 2092.603719
2632 2077.298220 2077.298220 2025.588220 2025.588220
2633 2054.104477 2054.104477 2002.394477 2002.394477
2642 2029.505019 2029.505019 1977.795019 1977.795019
4332 2029.226806 2029.226806 1977.516806 1977.516806
4340 2029.022778 2029.022778 1977.312778 1977.312778
4953 1769.869225 1769.869225 1718.159225 1718.159225
4961 1664.052374 1664.052374 1612.342374 1612.342374
5942 1663.998330 1663.998330 1612.288330 1612.288330
5944 1663.909852 1663.909852 1612.199852 1612.199852
5945 1663.871610 1663.871610 1612.161610 1612.161610
5949 1663.468278 1663.468278 1611.758278 1611.758278
7888 1662.780838 1662.780838 1611.070838 1611.070838
8160 1649.260768 1649.260768 1597.550768 1597.550768
9632 1649.003873 1649.003873 1597.293873 1597.293873
9641 1648.821766 1648.821766 1597.111766 1597.111766
9659 1648.647890 1648.647890 1596.937890 1596.937890
225106 1550.650693 1550.650693 1498.940693 1498.940693
227032 1550.162770 1550.162770 1498.452770 1498.452770
227040 1550.022414 1550.022414 1498.312414 1498.312414
285000 3866.838433 1550.022414 3866.838433 1498.312414
"function evaluation" "current f(x)" "best-so-far f(x)" "current af(x)+b"  "best af(x)+b"
1 3041.463375 3041.463375 2989.753375 2989.753375
2 3041.367773 3041.367773 2989.657773 2989.657773
3 3041.272500 3041.272500 2989.562500 2989.562500
10 3041.051633 3041.051633 2989.341633 2989.341633
13 3041.048867 3041.048867 2989.338867 2989.338867
17 3040.942878 3040.942878 2989.232878 2989.232878
27 3040.928074 3040.928074 2989.218074 2989.218074
561 2676.396221 2676.396221 2624.686221 2624.686221
562 2675.637611 2675.637611 2623.927611 2623.927611
567 2675.554082 2675.554082 2623.844082 2623.844082
1081 2513.976042 2513.976042 2462.266042 2462.266042
1082 2513.085435 2513.085435 2461.375435 2461.375435
2239 2450.422936 2450.422936 2398.712936 2398.712936
2241 2300.081680 2300.081680 2248.371680 2248.371680
2246 2281.737636 2281.737636 2230.027636 2230.027636
2248 2222.250010 2222.250010 2170.540010 2170.540010
2460 2162.608622 2162.608622 2110.898622 2110.898622
3932 2162.222758 2162.222758 2110.512758 2110.512758
3946 2162.188286 2162.188286 2110.478286 2110.478286
5140 2086.583863 2086.583863 2034.873863 2034.873863
5142 2025.161251 2025.161251 1973.451251 1973.451251
5282 1995.439266 1995.439266 1943.729266 1943.729266
5312 1978.621978 1978.621978 1926.911978 1926.911978
6782 1978.410577 1978.410577 1926.700577 1926.700577
6787 1978.241149 1978.241149 1926.531149 1926.531149
6797 1977.981400 1977.981400 1926.271400 1926.271400
7710 1496.219382 1496.219382 1444.509382 1444.509382
8029 1394.318838 1394.318838 1342.608838 1342.608838
8186 1303.160295 1303.160295 1251.450295 1251.450295
8529 1258.861520 1258.861520 1207.151520 1207.151520
10472 1258.633329 1258.633329 1206.923329 1206.923329
10479 1258.548833 1258.548833 1206.838833 1206.838833
10481 1258.335796 1258.335796 1206.625796 1206.625796
10490 1258.229140 1258.229140 1206.519140 1206.519140
285000 1823.180689 1258.229140 1823.180689 1206.519140
"function evaluation" "current f(x)" "best-so-far f(x)" "current af(x)+b"  "best af(x)+b"
1 3980.547751 3980.547751 3700.597751 3700.597751
6 3980.546868 3980.546868 3700.596868 3700.596868
8 3980.388242 3980.388242 3700.438242 3700.438242
11 3980.286909 3980.286909 3700.336909 3700.336909
41 3689.334218 3689.334218 3409.384218 3409.384218
46 3689.207296 3689.207296 3409.257296 3409.257296
51 3689.133768 3689.133768 3409.183768 3409.183768
72 3689.118104 3689.118104 3409.168104 3409.168104
81 2480.849952 2480.849952 2200.899952 2200.899952
82 2480.848992 2480.848992 2200.898992 2200.898992
84 2480.495156 2480.495156 2200.545156 2200.545156
87 2480.422500 2480.422500 2200.472500 2200.472500
99 2480.381271 2480.381271 2200.431271 2200.431271
361 2131.252559 2131.252559 1851.302559 1851.302559
363 2131.178735 2131.178735 1851.228735 1851.228735
366 2131.102191 2131.102191 1851.152191 1851.152191
371 2131.081937 2131.081937 1851.131937 1851.131937
385 2130.857099 2130.857099 1850.907099 1850.907099
2041 2085.182762 2085.182762 1805.232762 1805.232762
2045 2062.793513 2062.793513 1782.843513 1782.843513
2154 1899.927021 1899.927021 1619.977021 1619.977021
2156 1858.204114 1858.204114 1578.254114 1578.254114
2158 1854.647655 1854.647655 1574.697655 1574.697655
2159 1842.329718 1842.329718 1562.379718 1562.379718
3212 1842.319503 1842.319503 1562.369503 1562.369503
3213 1842.192439 1842.192439 1562.242439 1562.242439
3216 1842.133229 1842.133229 1562.183229 1562.183229
3235 1841.907884 1841.907884 1561.957884 1561.957884
5010 1776.663030 1776.663030 1496.713030 1496.713030
6061 1776.639005 1776.639005 1496.689005 1496.689005
6063 1776.360496 1776.360496 1496.410496 1496.410496
6071 1776.175328 1776.175328 1496.225328 1496.225328
8009 1615.718589 1615.718589 1335.768589 1335.768589
9271 1615.662017 1615.662017 1335.712017 1335.712017
9275 1615.308791 1615.308791 1335.358791 1335.358791
9298 1615.148962 1615.148962 1335.198962 1335.198962
116297 1481.861598 1481.861598 1201.911598 1201.911598
117531 1481.787236 1481.787236 1201.837236 1201.837236
117535 1481.600686 1481.600686 1201.650686 1201.650686
117538 1481.425032 1481.425032 1201.475032 1201.475032
285000 3738.644118 1481.425032 3738.644118 1201.475032
"function evaluation" "current f(x)" "best-so-far f(x)" "current af(x)+b"  "best af(x)+b"
1 2860.593045 2860.593045 2580.643045 2580.643045
6 2860.451483 2860.451483 2580.501483 2580.501483
19 2860.203900 2860.203900 2580.253900 2580.253900
281 2806.556327 2806.556327 2526.606327 2526.606327
282 2806.417955 2806.417955 2526.467955 2526.467955
286 2805.944320 2805.944320 2525.994320 2525.994320
321 2216.757745 2216.757745 1936.807745 1936.807745
322 2216.718964 2216.718964 1936.768964 1936.768964
323 2216.554411 2216.554411 1936.604411 1936.604411
327 2216.375211 2216.375211 1936.425211 1936.425211
348 2216.335776 2216.335776 1936.385776 1936.385776
1241 1932.306656 1932.306656 1652.356656 1652.356656
1243 1932.222374 1932.222374 1652.272374 1652.272374
1249 1932.096852 1932.096852 1652.146852 1652.146852
2139 1913.227970 1913.227970 1633.277970 1633.277970
2528 1636.443161 1636.443161 1356.493161 1356.493161
2532 1589.470943 1589.470943 1309.520943 1309.520943
4091 1589.338060 1589.338060 1309.388060 1309.388060
4093 1589.171335 1589.171335 1309.221335 1309.221335
4099 1589.122033 1589.122033 1309.172033 1309.172033
8240 1381.064774 1381.064774 1101.114774 1101.114774
9794 1381.033853 1381.033853 1101.083853 1101.083853
9795 1380.792713 1380.792713 1100.842713 1100.842713
9800 1380.679598 1380.679598 1100.729598 1100.729598
9801 1380.664510 1380.664510 1100.714510 1100.714510
285000 2797.166319 1380.664510 2797.166319 1100.714510
"function evaluation" "current f(x)" "best-so-far f(x)" "current af(x)+b"  "best af(x)+b"
1 3116.808115 3116.808115 2836.858115 2836.858115
11 3116.527889 3116.527889 2836.577889 2836.577889
201 2682.161834 2682.161834 2402.211834 2402.211834
202 2682.157064 2682.157064 2402.207064 2402.207064
204 2682.136184 2682.136184 2402.186184 2402.186184
205 2682.134352 2682.134352 2402.184352 2402.184352
207 2681.944405 2681.944405 2401.994405 2401.994405
214 2681.885060 2681.885060 2401.935060 2401.935060
225 2681.842326 2681.842326 2401.892326 2401.892326
230 2681.802330 2681.802330 2401.852330 2401.852330
232 2681.466398 2681.466398 2401.516398 2401.516398
561 2649.650760 2649.650760 2369.700760 2369.700760
564 2649.638553 2649.638553 2369.688553 2369.688553
568 2649.626466 2649.626466 2369.676466 2369.676466
569 2649.120094 2649.120094 2369.170094 2369.170094
1001 2547.651474 2547.651474 2267.701474 2267.701474
1006 2547.620565 2547.620565 2267.670565 2267.670565
1008 2547.601154 2547.601154 2267.651154 2267.651154
1011 2546.934236 2546.934236 2266.984236 2266.984236
1401 2540.493167 2540.493167 2260.543167 2260.543167
1403 2540.371804 2540.371804 2260.421804 2260.421804
1406 2540.369192 2540.369192 2260.419192 2260.419192
1411 2540.128120 2540.128120 2260.178120 2260.178120
2086 2282.421607 2282.421607 2002.471607 2002.471607
2094 2249.867733 2249.867733 1969.917733 1969.917733
2426 2179.808198 2179.808198 1899.858198 1899.858198
2433 2177.186174 2177.186174 1897.236174 1897.236174
2435 2115.435911 2115.435911 1835.485911 1835.485911
3851 2115.352616 2115.352616 1835.402616 1835.402616
3854 2115.349616 2115.349616 1835.399616 1835.399616
3856 2115.294423 2115.294423 1835.344423 1835.344423
3861 2114.627393 2114.627393 1834.677393 1834.677393
7723 2106.227725 2106.227725 1826.277725 1826.277725
7827 2033.335660 2033.335660 1753.385660 1753.385660
7837 2030.953572 2030.953572 1751.003572 1751.003572
7839 1737.114822 1737.114822 1457.164822 1457.164822
7960 1509.275047 1509.275047 1229.325047 1229.325047
9152 1509.115161 1509.115161 1229.165161 1229.165161
9153 1509.095054 1509.095054 1229.145054 1229.145054
9156 1509.016612 1509.016612 1229.066612 1229.066612
9163 1508.859939 1508.859939 1228.909939 1228.909939
9177 1508.555724 1508.555724 1228.605724 1228.605724
281675 1304.815536 1304.815536 1024.865536 1024.865536
283031 1304.764583 1304.764583 1024.814583 1024.814583
283033 1304.672065 1304.672065 1024.722065 1024.722065
283035 1304.648455 1304.648455 1024.698455 1024.698455
283038 1304.629602 1304.629602 1024.679602 1024.679602
283044 1304.502937 1304.502937 1024.552937 1024.552937
283052 1304.460445 1304.460445 1024.510445 1024.510445
283058 1304.347148 1304.347148 1024.397148 1024.397148
285000 3048.900833 1304.347148 3048.900833 1024.397148
"function evaluation" "current f(x)" "best-so-far f(x)" "current af(x)+b"  "best af(x)+b"
1 4012.488121 4012.488121 4944.478121 4944.478121
2 4011.486957 4011.486957 4943.476957 4943.476957
41 3620.660361 3620.660361 4552.650361 4552.650361
42 3619.798068 3619.798068 4551.788068 4551.788068
81 2890.867064 2890.867064 3822.857064 3822.857064
82 2890.297802 2890.297802 3822.287802 3822.287802
90 2890.177928 2890.177928 3822.167928 3822.167928
97 2890.095369 2890.095369 3822.085369 3822.085369
110 2890.088064 2890.088064 3822.078064 3822.078064
118 2889.997639 2889.997639 3821.987639 3821.987639
241 2787.632381 2787.632381 3719.622381 3719.622381
242 2787.495740 2787.495740 3719.485740 3719.485740
244 2787.302123 2787.302123 3719.292123 3719.292123
257 2786.928977 2786.928977 3718.918977 3718.918977
321 2617.525588 2617.525588 3549.515588 3549.515588
325 2617.521323 2617.521323 3549.511323 3549.511323
327 2617.505462 2617.505462 3549.495462 3549.495462
333 2617.435846 2617.435846 3549.425846 3549.425846
335 2617.147358 2617.147358 3549.137358 3549.137358
1521 2090.907514 2090.907514 3022.897514 3022.897514
1522 2090.862478 2090.862478 3022.852478 3022.852478
1524 2090.612848 2090.612848 3022.602848 3022.602848
1534 2090.489664 2090.489664 3022.479664 3022.479664
1553 2090.486995 2090.486995 3022.476995 3022.476995
2647 1872.721361 1872.721361 2804.711361 2804.711361
2649 1772.752151 1772.752151 2704.742151 2704.742151
4371 1772.722676 1772.722676 2704.712676 2704.712676
4374 1772.417098 1772.417098 2704.407098 2704.407098
4384 1772.358417 1772.358417 2704.348417 2704.348417
5503 1741.826947 1741.826947 2673.816947 2673.816947
5504 1681.248552 1681.248552 2613.238552 2613.238552
7221 1681.246742 1681.246742 2613.236742 2613.236742
7224 1681.018609 1681.018609 2613.008609 2613.008609
7245 1680.938368 1680.938368 2612.928368 2612.928368
7253 1680.714429 1680.714429 2612.704429 2612.704429
7939 1666.437323 1666.437323 2598.427323 2598.427323
9111 1666.301587 1666.301587 2598.291587 2598.291587
9114 1665.871273 1665.871273 2597.861273 2597.861273
267092 1515.085361 1515.085361 2447.075361 2447.075361
267981 1514.912599 1514.912599 2446.902599 2446.902599
267991 1514.698205 1514.698205 2446.688205 2446.688205
268004 1514.623503 1514.623503 2446.613503 2446.613503
285000 3363.617119 1514.623503 3363.617119 2446.613503
"function evaluation" "current f(x)" "best-so-far f(x)" "current af(x)+b"  "best af(x)+b"
1 3571.685479 3571.685479 4503.675479 4503.675479
2 3571.456154 3571.456154 4503.446154 4503.446154
4 3571.424687 3571.424687 4503.414687 4503.414687
7 3571.373315 3571.373315 4503.363315 4503.363315
11 3571.260817 3571.260817 4503.250817 4503.250817
17 3571.156082 3571.156082 4503.146082 4503.146082
22 3571.096186 3571.096186 4503.086186 4503.086186
41 3129.396822 3129.396822 4061.386822 4061.386822
42 3128.850173 3128.850173 4060.840173 4060.840173
44 3128.538594 3128.538594 4060.528594 4060.528594
161 1939.778731 1939.778731 2871.768731 2871.768731
162 1939.008818 1939.008818 2870.998818 2870.998818
190 1938.978397 1938.978397 2870.968397 2870.968397
2069 1656.216870 1656.216870 2588.206870 2588.206870
2071 1650.831409 1650.831409 2582.821409 2582.821409
2072 1625.025561 1625.025561 2557.015561 2557.015561
2077 1612.697655 1612.697655 2544.687655 2544.687655
2081 1610.740450 1610.740450 2542.730450 2542.730450
3012 1610.332214 1610.332214 2542.322214 2542.322214
3040 1610.330285 1610.330285 2542.320285 2542.320285
4929 1472.082160 1472.082160 2404.072160 2404.072160
5862 1471.832984 1471.832984 2403.822984 2403.822984
5867 1471.823474 1471.823474 2403.813474 2403.813474
5877 1471.707373 1471.707373 2403.697373 2403.697373
5891 1471.605230 1471.605230 2403.595230 2403.595230
285000 3069.371508 1471.605230 3069.371508 2403.595230
"function evaluation" "current f(x)" "best-so-far f(x)" "current af(x)+b"  "best af(x)+b"
1 3853.333181 3853.333181 4785.323181 4785.323181
2 3853.026438 3853.026438 4785.016438 4785.016438
8 3853.015284 3853.015284 4785.005284 4785.005284
11 3852.984836 3852.984836 4784.974836 4784.974836
13 3852.976624 3852.976624 4784.966624 4784.966624
15 3852.755414 3852.755414 4784.745414 4784.745414
32 3852.715211 3852.715211 4784.705211 4784.705211
33 3852.682176 3852.682176 4784.672176 4784.672176
41 2549.281339 2549.281339 3481.271339 3481.271339
42 2548.994548 2548.994548 3480.984548 3480.984548
43 2548.784799 2548.784799 3480.774799 3480.774799
65 2548.683892 2548.683892 3480.673892 3480.673892
72 2548.482891 2548.482891 3480.472891 3480.472891
321 2206.263630 2206.263630 3138.253630 3138.253630
322 2205.504005 2205.504005 3137.494005 3137.494005
335 2205.413476 2205.413476 3137.403476 3137.403476
346 2205.372818 2205.372818 3137.362818 3137.362818
2022 2203.545990 2203.545990 3135.535990 3135.535990
2024 2170.753087 2170.753087 3102.743087 3102.743087
2137 1849.614169 1849.614169 2781.604169 2781.604169
2139 1827.256277 1827.256277 2759.246277 2759.246277
2142 1812.513450 1812.513450 2744.503450 2744.503450
2146 1796.468554 1796.468554 2728.458554 2728.458554
3172 1796.079049 1796.079049 2728.069049 2728.069049
3185 1795.945710 1795.945710 2727.935710 2727.935710
5452 1773.115423 1773.115423 2705.105423 2705.105423
7102 1773.072695 1773.072695 2705.062695 2705.062695
7105 1772.814356 1772.814356 2704.804356 2704.804356
7108 1772.595068 1772.595068 2704.585068 2704.585068
7123 1772.494509 1772.494509 2704.484509 2704.484509
7704 1638.005008 1638.005008 2569.995008 2569.995008
8410 1475.384791 1475.384791 2407.374791 2407.374791
10192 1475.124251 1475.124251 2407.114251 2407.114251
10194 1475.027316 1475.027316 2407.017316 2407.017316
10200 1474.978632 1474.978632 2406.968632 2406.968632
10207 1474.832054 1474.832054 2406.822054 2406.822054
285000 3616.677873 1474.832054 3616.677873 2406.822054
"function evaluation" "current f(x)" "best-so-far f(x)" "current af(x)+b"  "best af(x)+b"
1 3523.228627 3523.228627 3636.538627 3636.538627
2 3522.853850 3522.853850 3636.163850 3636.163850
6 3522.634798 3522.634798 3635.944798 3635.944798
10 3522.585165 3522.585165 3635.895165 3635.895165
13 3522.518717 3522.518717 3635.828717 3635.828717
18 3522.405050 3522.405050 3635.715050 3635.715050
41 3054.874419 3054.874419 3168.184419 3168.184419
43 3054.743469 3054.743469 3168.053469 3168.053469
45 3054.619332 3054.619332 3167.929332 3167.929332
48 3054.566228 3054.566228 3167.876228 3167.876228
58 3054.484645 3054.484645 3167.794645 3167.794645
281 2408.817257 2408.817257 2522.127257 2522.127257
284 2408.788201 2408.788201 2522.098201 2522.098201
295 2408.711837 2408.711837 2522.021837 2522.021837
1041 2139.887987 2139.887987 2253.197987 2253.197987
1042 2139.586709 2139.586709 2252.896709 2252.896709
1046 2139.565808 2139.565808 2252.875808 2252.875808
1050 2139.508630 2139.508630 2252.818630 2252.818630
1051 2139.166739 2139.166739 2252.476739 2252.476739
1401 2098.163902 2098.163902 2211.473902 2211.473902
1404 2098.152231 2098.152231 2211.462231 2211.462231
1405 2097.959435 2097.959435 2211.269435 2211.269435
1413 2097.831352 2097.831352 2211.141352 2211.141352
1431 2097.814257 2097.814257 2211.124257 2211.124257
1439 2097.635674 2097.635674 2210.945674 2210.945674
1921 1856.560952 1856.560952 1969.870952 1969.870952
1922 1856.266612 1856.266612 1969.576612 1969.576612
1925 1856.191697 1856.191697 1969.501697 1969.501697
1930 1856.084725 1856.084725 1969.394725 1969.394725
1934 1855.999017 1855.999017 1969.309017 1969.309017
2443 1735.736320 1735.736320 1849.046320 1849.046320
2817 1575.866217 1575.866217 1689.176217 1689.176217
2819 1524.323750 1524.323750 1637.633750 1637.633750
2820 1523.227129 1523.227129 1636.537129 1636.537129
2826 1498.161686 1498.161686 1611.471686 1611.471686
4772 1498.128163 1498.128163 1611.438163 1611.438163
4775 1497.863337 1497.863337 1611.173337 1611.173337
4780 1497.826218 1497.826218 1611.136218 1611.136218
4784 1497.803001 1497.803001 1611.113001 1611.113001
285000 2939.726174 1497.803001 2939.726174 1611.113001
"function evaluation" "current f(x)" "best-so-far f(x)" "current af(x)+b"  "best af(x)+b"
1 2979.943714 2979.943714 3093.253714 3093.253714
4 2979.943467 2979.943467 3093.253467 3093.253467
15 2979.895791 2979.895791 3093.205791 3093.205791
41 2266.100398 2266.100398 2379.410398 2379.410398
42 2265.913137 2265.913137 2379.223137 2379.223137
44 2265.423226 2265.423226 2378.733226 2378.733226
55 2265.360594 2265.360594 2378.670594 2378.670594
721 2134.655045 2134.655045 2247.965045 2247.965045
724 2134.623755 2134.623755 2247.933755 2247.933755
726 2134.320392 2134.320392 2247.630392 2247.630392
754 2134.029517 2134.029517 2247.339517 2247.339517
1321 2092.808566 2092.808566 2206.118566 2206.118566
1326 2092.456561 2092.456561 2205.766561 2205.766561
1641 1752.906200 1752.906200 1866.216200 1866.216200
1658 1752.775720 1752.775720 1866.085720 1866.085720
1665 1752.754762 1752.754762 1866.064762 1866.064762
1673 1752.738819 1752.738819 1866.048819 1866.048819
2698 1438.756611 1438.756611 1552.066611 1552.066611
2700 1398.158490 1398.158490 1511.468490 1511.468490
4491 1398.007093 1398.007093 1511.317093 1511.317093
4494 1397.975114 1397.975114 1511.285114 1511.285114
4502 1397.943796 1397.943796 1511.253796 1511.253796
4508 1397.778347 1397.778347 1511.088347 1511.088347
4515 1397.738000 1397.738000 1511.048000 1511.048000
285000 2917.912419 1397.738000 2917.912419 1511.048000
"function evaluation" "current f(x)" "best-so-far f(x)" "current af(x)+b"  "best af(x)+b"
1 2955.310414 2955.310414 3068.620414 3068.620414
2 2954.565613 2954.565613 3067.875613 3067.875613
15 2954.538230 2954.538230 3067.848230 3067.848230
27 2954.402866 2954.402866 3067.712866 3067.712866
121 2286.723927 2286.723927 2400.033927 2400.033927
122 2286.041696 2286.041696 2399.351696 2399.351696
127 2286.034095 2286.034095 2399.344095 2399.344095
134 2285.895830 2285.895830 2399.205830 2399.205830
148 2285.830934 2285.830934 2399.140934 2399.140934
155 2285.829228 2285.829228 2399.139228 2399.139228
1961 1837.875226 1837.875226 1951.185226 1951.185226
1962 1837.337565 1837.337565 1950.647565 1950.647565
1964 1837.302576 1837.302576 1950.612576 1950.612576
1972 1837.225286 1837.225286 1950.535286 1950.535286
2834 1567.500799 1567.500799 1680.810799 1680.810799
2836 1461.695931 1461.695931 1575.005931 1575.005931
2841 1457.015801 1457.015801 1570.325801 1570.325801
4812 1456.846826 1456.846826 1570.156826 1570.156826
4814 1456.731150 1456.731150 1570.041150 1570.041150
4816 1456.697045 1456.697045 1570.007045 1570.007045
4822 1456.683209 1456.683209 1569.993209 1569.993209
4840 1456.633218 1456.633218 1569.943218 1569.943218
4846 1456.596083 1456.596083 1569.906083 1569.906083
5684 1448.975456 1448.975456 1562.285456 1562.285456
5686 1420.651224 1420.651224 1533.961224 1533.961224
5689 1380.689061 1380.689061 1493.999061 1493.999061
5691 1293.786758 1293.786758 1407.096758 1407.096758
5692 1218.355065 1218.355065 1331.665065 1331.665065
7662 1218.283904 1218.283904 1331.593904 1331.593904
7665 1218.092093 1218.092093 1331.402093 1331.402093
7674 1217.829504 1217.829504 1331.139504 1331.139504
285000 3601.733975 1217.829504 3601.733975 1331.139504
