"function evaluation" "current f(x)" "best-so-far f(x)" "current af(x)+b"  "best af(x)+b"
1 102678.359052 102678.359052 102714.259052 102714.259052
4 102678.197267 102678.197267 102714.097267 102714.097267
81 29898.766424 29898.766424 29934.666424 29934.666424
151 156.837826 156.837826 192.737826 192.737826
152 156.837204 156.837204 192.737204 192.737204
351 101.355659 101.355659 137.255659 137.255659
352 101.355421 101.355421 137.255421 137.255421
391 45.060501 45.060501 80.960501 80.960501
392 45.060328 45.060328 80.960328 80.960328
1164 23.400973 23.400973 59.300973 59.300973
1742 23.400954 23.400954 59.300954 59.300954
2518 12.398094 12.398094 48.298094 48.298094
3092 12.398084 12.398084 48.298084 48.298084
6156 11.684840 11.684840 47.584840 47.584840
6280 11.160524 11.160524 47.060524 47.060524
6281 8.465618 8.465618 44.365618 44.365618
6572 6.917906 6.917906 42.817906 42.817906
7142 6.917896 6.917896 42.817896 42.817896
7150 6.917893 6.917893 42.817893 42.817893
10216 6.011283 6.011283 41.911283 41.911283
10952 6.011238 6.011238 41.911238 41.911238
13314 3.415587 3.415587 39.315587 39.315587
13892 3.415578 3.415578 39.315578 39.315578
13895 3.415575 3.415575 39.315575 39.315575
13900 3.415564 3.415564 39.315564 39.315564
22390 3.116186 3.116186 39.016186 39.016186
23122 3.116158 3.116158 39.016158 39.016158
27586 2.761703 2.761703 38.661703 38.661703
28402 2.761690 2.761690 38.661690 38.661690
28410 2.761687 2.761687 38.661687 38.661687
30235 1.261269 1.261269 37.161269 37.161269
31072 1.261269 1.261269 37.161269 37.161269
31073 1.261265 1.261265 37.161265 37.161265
31080 1.261249 1.261249 37.161249 37.161249
41038 1.018205 1.018205 36.918205 36.918205
41872 1.018203 1.018203 36.918203 36.918203
41873 1.018201 1.018201 36.918201 36.918201
41880 1.018175 1.018175 36.918175 36.918175
51891 0.514973 0.514973 36.414973 36.414973
52702 0.514951 0.514951 36.414951 36.414951
68709 0.170571 0.170571 36.070571 36.070571
69262 0.170564 0.170564 36.070564 36.070564
74104 0.136973 0.136973 36.036973 36.036973
74662 0.136970 0.136970 36.036970 36.036970
74670 0.136969 0.136969 36.036969 36.036969
80856 0.080916 0.080916 35.980916 35.980916
81412 0.080915 0.080915 35.980915 35.980915
82205 0.079712 0.079712 35.979712 35.979712
82207 0.077836 0.077836 35.977836 35.977836
82762 0.077834 0.077834 35.977834 35.977834
82770 0.077834 0.077834 35.977834 35.977834
101107 0.053179 0.053179 35.953179 35.953179
101662 0.053174 0.053174 35.953174 35.953174
101670 0.053174 0.053174 35.953174 35.953174
135000 1955.641509 0.053174 1955.641509 35.953174
"function evaluation" "current f(x)" "best-so-far f(x)" "current af(x)+b"  "best af(x)+b"
1 101825.916871 101825.916871 101861.816871 101861.816871
21 33550.632028 33550.632028 33586.532028 33586.532028
22 33550.611922 33550.611922 33586.511922 33586.511922
25 33550.610828 33550.610828 33586.510828 33586.510828
29 33550.591936 33550.591936 33586.491936 33586.491936
161 29024.938083 29024.938083 29060.838083 29060.838083
162 29024.819432 29024.819432 29060.719432 29060.719432
165 29024.812959 29024.812959 29060.712959 29060.712959
169 29024.701415 29024.701415 29060.601415 29060.601415
281 406.470314 406.470314 442.370314 442.370314
284 406.470047 406.470047 442.370047 442.370047
286 406.467782 406.467782 442.367782 442.367782
287 406.467607 406.467607 442.367607 442.367607
289 406.466593 406.466593 442.366593 442.366593
381 117.804785 117.804785 153.704785 153.704785
382 117.804658 117.804658 153.704658 153.704658
1147 111.711338 111.711338 147.611338 147.611338
1149 88.898647 88.898647 124.798647 124.798647
1158 85.529690 85.529690 121.429690 121.429690
1283 70.875913 70.875913 106.775913 106.775913
1286 68.313772 68.313772 104.213772 104.213772
1291 66.681208 66.681208 102.581208 102.581208
1812 66.681160 66.681160 102.581160 102.581160
1820 66.681157 66.681157 102.581157 102.581157
2499 45.736642 45.736642 81.636642 81.636642
2504 36.310904 36.310904 72.210904 72.210904
3082 36.310855 36.310855 72.210855 72.210855
3083 36.310841 36.310841 72.210841 72.210841
3341 32.609146 32.609146 68.509146 68.509146
3507 23.271571 23.271571 59.171571 59.171571
4232 23.271549 23.271549 59.171549 59.171549
4760 22.567067 22.567067 58.467067 58.467067
4857 4.608882 4.608882 40.508882 40.508882
5582 4.608859 4.608859 40.508859 40.508859
6215 3.121858 3.121858 39.021858 39.021858
6932 3.121845 3.121845 39.021845 39.021845
6940 3.121838 3.121838 39.021838 39.021838
13201 2.239371 2.239371 38.139371 38.139371
13822 2.239366 2.239366 38.139366 38.139366
13827 2.239365 2.239365 38.139365 38.139365
13830 2.239345 2.239345 38.139345 38.139345
14445 1.839163 1.839163 37.739163 37.739163
14449 1.325378 1.325378 37.225378 37.225378
15112 1.325372 1.325372 37.225372 37.225372
15115 1.325372 1.325372 37.225372 37.225372
18292 0.407289 0.407289 36.307289 36.307289
19042 0.407282 0.407282 36.307282 36.307282
38541 0.291067 0.291067 36.191067 36.191067
38545 0.248603 0.248603 36.148603 36.148603
38610 0.231456 0.231456 36.131456 36.131456
39332 0.231451 0.231451 36.131451 36.131451
39340 0.231450 0.231450 36.131450 36.131450
54812 0.176305 0.176305 36.076305 36.076305
55532 0.176297 0.176297 36.076297 36.076297
76341 0.148937 0.148937 36.048937 36.048937
77092 0.148934 0.148934 36.048934 36.048934
81751 0.118256 0.118256 36.018256 36.018256
82492 0.118244 0.118244 36.018244 36.018244
115941 0.063625 0.063625 35.963625 35.963625
116502 0.063619 0.063619 35.963619 35.963619
135000 833.204065 0.063619 833.204065 35.963619
"function evaluation" "current f(x)" "best-so-far f(x)" "current af(x)+b"  "best af(x)+b"
1 59013.352450 59013.352450 59049.252450 59049.252450
4 59013.338916 59013.338916 59049.238916 59049.238916
5 59013.335994 59013.335994 59049.235994 59049.235994
8 59013.258754 59013.258754 59049.158754 59049.158754
9 59013.211735 59013.211735 59049.111735 59049.111735
31 1218.722591 1218.722591 1254.622591 1254.622591
61 133.600193 133.600193 169.500193 169.500193
62 133.599860 133.599860 169.499860 169.499860
605 116.176972 116.176972 152.076972 152.076972
615 111.805164 111.805164 147.705164 147.705164
1412 111.804887 111.804887 147.704887 147.704887
1419 111.804528 111.804528 147.704528 147.704528
2266 72.908413 72.908413 108.808413 108.808413
2942 72.906471 72.906471 108.806471 108.806471
2945 72.906344 72.906344 108.806344 108.806344
2949 72.902901 72.902901 108.802901 108.802901
3243 60.460194 60.460194 96.360194 96.360194
3750 38.419708 38.419708 74.319708 74.319708
4371 38.419707 38.419707 74.319707 74.319707
4373 38.419683 38.419683 74.319683 74.319683
4380 38.419626 38.419626 74.319626 74.319626
4738 14.863061 14.863061 50.763061 50.763061
5512 14.863048 14.863048 50.763048 50.763048
5516 14.863045 14.863045 50.763045 50.763045
5517 14.863035 14.863035 50.763035 50.763035
5520 14.862986 14.862986 50.762986 50.762986
7754 13.420472 13.420472 49.320472 49.320472
8392 13.420434 13.420434 49.320434 49.320434
9157 13.401237 13.401237 49.301237 49.301237
9772 13.401199 13.401199 49.301199 49.301199
10446 10.084366 10.084366 45.984366 45.984366
10447 6.631632 6.631632 42.531632 42.531632
10725 5.527769 5.527769 41.427769 41.427769
11252 5.527736 5.527736 41.427736 41.427736
13197 4.309137 4.309137 40.209137 40.209137
13204 2.777475 2.777475 38.677475 38.677475
13822 2.777450 2.777450 38.677450 38.677450
21249 1.366471 1.366471 37.266471 37.266471
21892 1.366469 1.366469 37.266469 37.266469
22596 0.734460 0.734460 36.634460 36.634460
22603 0.673069 0.673069 36.573069 36.573069
23242 0.673058 0.673058 36.573058 36.573058
27735 0.645353 0.645353 36.545353 36.545353
28482 0.645344 0.645344 36.545344 36.545344
28483 0.645342 0.645342 36.545342 36.545342
36100 0.593967 0.593967 36.493967 36.493967
36742 0.593942 0.593942 36.493942 36.493942
45549 0.212971 0.212971 36.112971 36.112971
46192 0.212962 0.212962 36.112962 36.112962
118452 0.130038 0.130038 36.030038 36.030038
119092 0.129970 0.129970 36.029970 36.029970
119095 0.129967 0.129967 36.029967 36.029967
119099 0.129851 0.129851 36.029851 36.029851
135000 7255.972617 0.129851 7255.972617 36.029851
"function evaluation" "current f(x)" "best-so-far f(x)" "current af(x)+b"  "best af(x)+b"
1 508600.433050 508600.433050 508631.803050 508631.803050
5 508600.237883 508600.237883 508631.607883 508631.607883
11 133269.671834 133269.671834 133301.041834 133301.041834
17 133269.637514 133269.637514 133301.007514 133301.007514
21 106.966268 106.966268 138.336268 138.336268
25 106.966064 106.966064 138.336064 138.336064
31 97.726224 97.726224 129.096224 129.096224
32 97.725940 97.725940 129.095940 129.095940
181 60.164159 60.164159 91.534159 91.534159
182 60.164032 60.164032 91.534032 91.534032
188 60.164017 60.164017 91.534017 91.534017
559 55.270445 55.270445 86.640445 86.640445
809 46.090447 46.090447 77.460447 77.460447
820 44.766435 44.766435 76.136435 76.136435
1532 44.766403 44.766403 76.136403 76.136403
1538 44.766379 44.766379 76.136379 76.136379
1914 36.885296 36.885296 68.255296 68.255296
2732 36.885247 36.885247 68.255247 68.255247
2738 36.885221 36.885221 68.255221 68.255221
5922 27.325404 27.325404 58.695404 58.695404
6761 27.325393 27.325393 58.695393 58.695393
6764 27.325365 27.325365 58.695365 58.695365
6768 27.325332 27.325332 58.695332 58.695332
7270 20.084507 20.084507 51.454507 51.454507
7279 18.565603 18.565603 49.935603 49.935603
8112 18.565563 18.565563 49.935563 49.935563
8114 18.565561 18.565561 49.935561 49.935561
8118 18.565512 18.565512 49.935512 49.935512
11372 12.785071 12.785071 44.155071 44.155071
12192 12.785065 12.785065 44.155065 44.155065
12198 12.785050 12.785050 44.155050 44.155050
12721 11.846349 11.846349 43.216349 43.216349
12722 6.390949 6.390949 37.760949 37.760949
13542 6.390942 6.390942 37.760942 37.760942
13548 6.390923 6.390923 37.760923 37.760923
14160 4.554710 4.554710 35.924710 35.924710
14941 4.554689 4.554689 35.924689 35.924689
20860 3.631851 3.631851 35.001851 35.001851
21661 3.631851 3.631851 35.001851 35.001851
21664 3.631835 3.631835 35.001835 35.001835
21668 3.631829 3.631829 35.001829 35.001829
23529 3.269841 3.269841 34.639841 34.639841
24342 3.269835 3.269835 34.639835 34.639835
24348 3.269809 3.269809 34.639809 34.639809
24956 2.695698 2.695698 34.065698 34.065698
25742 2.695686 2.695686 34.065686 34.065686
25746 2.695682 2.695682 34.065682 34.065682
45838 2.628637 2.628637 33.998637 33.998637
46361 2.628632 2.628632 33.998632 33.998632
46368 2.628626 2.628626 33.998626 33.998626
46507 1.401781 1.401781 32.771781 32.771781
47311 1.401781 1.401781 32.771781 32.771781
47314 1.401777 1.401777 32.771777 32.771777
47318 1.401774 1.401774 32.771774 32.771774
47862 0.328547 0.328547 31.698547 31.698547
48662 0.328543 0.328543 31.698543 31.698543
48668 0.328536 0.328536 31.698536 31.698536
53503 0.269376 0.269376 31.639376 31.639376
54202 0.269373 0.269373 31.639373 31.639373
54204 0.269371 0.269371 31.639371 31.639371
54206 0.269369 0.269369 31.639369 31.639369
54610 0.246624 0.246624 31.616624 31.616624
55411 0.246624 0.246624 31.616624 31.616624
55414 0.246621 0.246621 31.616621 31.616621
55418 0.246618 0.246618 31.616618 31.616618
84314 0.234358 0.234358 31.604358 31.604358
85112 0.234355 0.234355 31.604355 31.604355
85114 0.234355 0.234355 31.604355 31.604355
85118 0.234351 0.234351 31.604351 31.604351
135000 20304.632422 0.234351 20304.632422 31.604351
"function evaluation" "current f(x)" "best-so-far f(x)" "current af(x)+b"  "best af(x)+b"
1 20824.920662 20824.920662 20856.290662 20856.290662
101 218.278702 218.278702 249.648702 249.648702
102 218.278697 218.278697 249.648697 249.648697
104 218.278666 218.278666 249.648666 249.648666
108 218.278654 218.278654 249.648654 249.648654
141 128.421247 128.421247 159.791247 159.791247
142 128.421116 128.421116 159.791116 159.791116
144 128.421097 128.421097 159.791097 159.791097
148 128.421050 128.421050 159.791050 159.791050
508 121.645624 121.645624 153.015624 153.015624
739 115.840681 115.840681 147.210681 147.210681
742 113.374432 113.374432 144.744432 144.744432
744 113.097189 113.097189 144.467189 144.467189
746 112.769080 112.769080 144.139080 144.139080
749 109.826197 109.826197 141.196197 141.196197
1334 71.884296 71.884296 103.254296 103.254296
1344 64.845366 64.845366 96.215366 96.215366
1842 64.845321 64.845321 96.215321 96.215321
1848 64.845281 64.845281 96.215281 96.215281
2098 62.733984 62.733984 94.103984 94.103984
2841 62.733960 62.733960 94.103960 94.103960
2844 62.733942 62.733942 94.103942 94.103942
2848 62.733919 62.733919 94.103919 94.103919
3441 34.557428 34.557428 65.927428 65.927428
3448 23.613570 23.613570 54.983570 54.983570
4192 23.613560 23.613560 54.983560 54.983560
4196 23.613558 23.613558 54.983558 54.983558
4792 19.433561 19.433561 50.803561 50.803561
4794 12.266434 12.266434 43.636434 43.636434
5541 12.266430 12.266430 43.636430 43.636430
5544 12.266425 12.266425 43.636425 43.636425
5548 12.266419 12.266419 43.636419 43.636419
6142 4.404543 4.404543 35.774543 35.774543
6892 4.404539 4.404539 35.774539 35.774539
6894 4.404535 4.404535 35.774535 35.774535
6898 4.404518 4.404518 35.774518 35.774518
8777 3.578830 3.578830 34.948830 34.948830
9551 3.578826 3.578826 34.948826 34.948826
9554 3.578818 3.578818 34.948818 34.948818
9558 3.578807 3.578807 34.948807 34.948807
12829 2.689260 2.689260 34.059260 34.059260
13602 2.689252 2.689252 34.059252 34.059252
13604 2.689251 2.689251 34.059251 34.059251
13608 2.689244 2.689244 34.059244 34.059244
15531 2.207916 2.207916 33.577916 33.577916
16302 2.207856 2.207856 33.577856 33.577856
16304 2.207798 2.207798 33.577798 33.577798
16307 2.207747 2.207747 33.577747 33.577747
34491 1.524945 1.524945 32.894945 32.894945
34494 1.440192 1.440192 32.810192 32.810192
35242 1.440192 1.440192 32.810192 32.810192
35244 1.440187 1.440187 32.810187 32.810187
35248 1.440181 1.440181 32.810181 32.810181
37200 1.160291 1.160291 32.530291 32.530291
37941 1.160287 1.160287 32.530287 32.530287
37944 1.160279 1.160279 32.530279 32.530279
37948 1.160268 1.160268 32.530268 32.530268
47993 0.776690 0.776690 32.146690 32.146690
48742 0.776684 0.776684 32.146684 32.146684
48748 0.776678 0.776678 32.146678 32.146678
74960 0.408776 0.408776 31.778776 31.778776
75722 0.408775 0.408775 31.778775 31.778775
75726 0.408773 0.408773 31.778773 31.778773
75728 0.408771 0.408771 31.778771 31.778771
108712 0.294497 0.294497 31.664497 31.664497
108715 0.291262 0.291262 31.661262 31.661262
108716 0.278254 0.278254 31.648254 31.648254
109471 0.278251 0.278251 31.648251 31.648251
109478 0.278246 0.278246 31.648246 31.648246
114027 0.171841 0.171841 31.541841 31.541841
114821 0.171840 0.171840 31.541840 31.541840
114824 0.171838 0.171838 31.541838 31.541838
114828 0.171833 0.171833 31.541833 31.541833
122120 0.166116 0.166116 31.536116 31.536116
122922 0.166113 0.166113 31.536113 31.536113
122926 0.166113 0.166113 31.536113 31.536113
122928 0.166109 0.166109 31.536109 31.536109
123562 0.145605 0.145605 31.515605 31.515605
124321 0.145354 0.145354 31.515354 31.515354
125281 0.047496 0.047496 31.417496 31.417496
125891 0.047494 0.047494 31.417494 31.417494
125894 0.047494 0.047494 31.417494 31.417494
125898 0.047493 0.047493 31.417493 31.417493
134734 0.013148 0.013148 31.383148 31.383148
135000 23249.825240 0.013148 23249.825240 31.383148
"function evaluation" "current f(x)" "best-so-far f(x)" "current af(x)+b"  "best af(x)+b"
1 467157.626176 467157.626176 467188.996176 467188.996176
7 467157.342939 467157.342939 467188.712939 467188.712939
11 232.470946 232.470946 263.840946 263.840946
12 232.470642 232.470642 263.840642 263.840642
18 232.470641 232.470641 263.840641 263.840641
161 116.691626 116.691626 148.061626 148.061626
162 116.691575 116.691575 148.061575 148.061575
164 116.691571 116.691571 148.061571 148.061571
168 116.691562 116.691562 148.061562 148.061562
775 115.476309 115.476309 146.846309 146.846309
776 100.607952 100.607952 131.977952 131.977952
778 86.342577 86.342577 117.712577 117.712577
1082 66.176949 66.176949 97.546949 97.546949
1692 66.176871 66.176871 97.546871 97.546871
2431 54.319484 54.319484 85.689484 85.689484
3042 54.319412 54.319412 85.689412 85.689412
3048 54.319395 54.319395 85.689395 85.689395
3534 42.268935 42.268935 73.638935 73.638935
3716 28.217669 28.217669 59.587669 59.587669
4352 28.217632 28.217632 59.587632 59.587632
4358 28.217578 28.217578 59.587578 59.587578
4755 24.283806 24.283806 55.653806 55.653806
5157 23.763619 23.763619 55.133619 55.133619
5752 23.763618 23.763618 55.133618 55.133618
5754 23.763615 23.763615 55.133615 55.133615
5758 23.763598 23.763598 55.133598 55.133598
6228 21.789657 21.789657 53.159657 53.159657
6237 12.590547 12.590547 43.960547 43.960547
6941 12.590541 12.590541 43.960541 43.960541
9207 6.796223 6.796223 38.166223 38.166223
9801 6.796222 6.796222 38.166222 38.166222
9804 6.796218 6.796218 38.166218 38.166218
9808 6.796207 6.796207 38.166207 38.166207
10548 1.493590 1.493590 32.863590 32.863590
11151 1.493582 1.493582 32.863582 32.863582
11158 1.493575 1.493575 32.863575 32.863575
22815 0.490133 0.490133 31.860133 31.860133
23372 0.490121 0.490121 31.860121 31.860121
23376 0.490120 0.490120 31.860120 31.860120
23378 0.490118 0.490118 31.860118 31.860118
32318 0.220064 0.220064 31.590064 31.590064
32851 0.220061 0.220061 31.590061 31.590061
32854 0.220059 0.220059 31.590059 31.590059
32858 0.220057 0.220057 31.590057 31.590057
33674 0.092051 0.092051 31.462051 31.462051
34202 0.092049 0.092049 31.462049 31.462049
34204 0.092048 0.092048 31.462048 31.462048
34206 0.092048 0.092048 31.462048 31.462048
34208 0.092045 0.092045 31.462045 31.462045
80647 0.076397 0.076397 31.446397 31.446397
81291 0.076396 0.076396 31.446396 31.446396
81294 0.076396 0.076396 31.446396 31.446396
81298 0.076393 0.076393 31.446393 31.446393
81997 0.021613 0.021613 31.391613 31.391613
82642 0.021612 0.021612 31.391612 31.391612
82648 0.021611 0.021611 31.391611 31.391611
86250 0.020957 0.020957 31.390957 31.390957
86261 0.008786 0.008786 31.378786 31.378786
86812 0.008786 0.008786 31.378786 31.378786
86816 0.008786 0.008786 31.378786 31.378786
86818 0.008786 0.008786 31.378786 31.378786
118652 0.006331 0.006331 31.376331 31.376331
119211 0.006330 0.006330 31.376330 31.376330
119218 0.006329 0.006329 31.376329 31.376329
135000 11959.728584 0.006329 11959.728584 31.376329
"function evaluation" "current f(x)" "best-so-far f(x)" "current af(x)+b"  "best af(x)+b"
1 318310.866267 318310.866267 317310.866267 317310.866267
6 318310.806549 318310.806549 317310.806549 317310.806549
10 318310.789717 318310.789717 317310.789717 317310.789717
11 5268.117608 5268.117608 4268.117608 4268.117608
16 5268.116321 5268.116321 4268.116321 4268.116321
18 5268.074811 5268.074811 4268.074811 4268.074811
518 973.007236 973.007236 -26.992764 -26.992764
520 46.188732 46.188732 -953.811268 -953.811268
523 45.093672 45.093672 -954.906328 -954.906328
529 41.781127 41.781127 -958.218873 -958.218873
1362 41.781100 41.781100 -958.218900 -958.218900
1363 41.781081 41.781081 -958.218919 -958.218919
1369 41.781077 41.781077 -958.218923 -958.218923
2499 38.571013 38.571013 -961.428987 -961.428987
2501 24.830701 24.830701 -975.169299 -975.169299
2510 23.587003 23.587003 -976.412997 -976.412997
3082 23.586999 23.586999 -976.413001 -976.413001
3083 23.586992 23.586992 -976.413008 -976.413008
3856 12.666066 12.666066 -987.333934 -987.333934
3860 11.976955 11.976955 -988.023045 -988.023045
4431 11.976801 11.976801 -988.023199 -988.023199
4434 11.976607 11.976607 -988.023393 -988.023393
4440 11.976117 11.976117 -988.023883 -988.023883
7268 7.362971 7.362971 -992.637029 -992.637029
7276 6.739121 6.739121 -993.260879 -993.260879
7281 6.614168 6.614168 -993.385832 -993.385832
8112 6.614161 6.614161 -993.385839 -993.385839
8115 6.614158 6.614158 -993.385842 -993.385842
14024 4.352723 4.352723 -995.647277 -995.647277
14862 4.352710 4.352710 -995.647290 -995.647290
14865 4.352708 4.352708 -995.647292 -995.647292
22666 3.534098 3.534098 -996.465902 -996.465902
23282 3.534088 3.534088 -996.465912 -996.465912
23283 3.534078 3.534078 -996.465922 -996.465922
23289 3.534070 3.534070 -996.465930 -996.465930
23580 3.181804 3.181804 -996.818196 -996.818196
24372 3.181790 3.181790 -996.818210 -996.818210
24375 3.181787 3.181787 -996.818213 -996.818213
24379 3.181779 3.181779 -996.818221 -996.818221
30791 2.672031 2.672031 -997.327969 -997.327969
31392 2.672019 2.672019 -997.327981 -997.327981
32131 1.367387 1.367387 -998.632613 -998.632613
32742 1.367386 1.367386 -998.632614 -998.632614
32745 1.367385 1.367385 -998.632615 -998.632615
33482 0.880013 0.880013 -999.119987 -999.119987
33487 0.749827 0.749827 -999.250173 -999.250173
34092 0.749823 0.749823 -999.250177 -999.250177
34095 0.749823 0.749823 -999.250177 -999.250177
34829 0.731387 0.731387 -999.268613 -999.268613
35442 0.731386 0.731386 -999.268614 -999.268614
35445 0.731385 0.731385 -999.268615 -999.268615
36179 0.483922 0.483922 -999.516078 -999.516078
36192 0.401337 0.401337 -999.598663 -999.598663
36792 0.401334 0.401334 -999.598666 -999.598666
37535 0.127573 0.127573 -999.872427 -999.872427
38142 0.127566 0.127566 -999.872434 -999.872434
61834 0.045195 0.045195 -999.954805 -999.954805
62442 0.045193 0.045193 -999.954807 -999.954807
62443 0.045192 0.045192 -999.954808 -999.954808
72629 0.035882 0.035882 -999.964118 -999.964118
73242 0.035878 0.035878 -999.964122 -999.964122
135000 35208.465447 0.035878 35208.465447 -999.964122
"function evaluation" "current f(x)" "best-so-far f(x)" "current af(x)+b"  "best af(x)+b"
1 39041.150953 39041.150953 38041.150953 38041.150953
2 39041.081449 39041.081449 38041.081449 38041.081449
4 39040.955071 39040.955071 38040.955071 38040.955071
6 39040.934111 39040.934111 38040.934111 38040.934111
51 36.042975 36.042975 -963.957025 -963.957025
52 36.042829 36.042829 -963.957171 -963.957171
59 36.042792 36.042792 -963.957208 -963.957208
586 23.074665 23.074665 -976.925335 -976.925335
588 12.569788 12.569788 -987.430212 -987.430212
1402 12.569782 12.569782 -987.430218 -987.430218
1409 12.569780 12.569780 -987.430220 -987.430220
1938 4.603973 4.603973 -995.396027 -995.396027
2752 4.603959 4.603959 -995.396041 -995.396041
2753 4.603955 4.603955 -995.396045 -995.396045
3292 3.956622 3.956622 -996.043378 -996.043378
4102 3.956617 3.956617 -996.043383 -996.043383
4103 3.956616 3.956616 -996.043384 -996.043384
4105 3.956600 3.956600 -996.043400 -996.043400
5989 2.578058 2.578058 -997.421942 -997.421942
6802 2.578051 2.578051 -997.421949 -997.421949
6805 2.578050 2.578050 -997.421950 -997.421950
7346 1.200868 1.200868 -998.799132 -998.799132
8152 1.200851 1.200851 -998.799149 -998.799149
60023 1.075574 1.075574 -998.924426 -998.924426
60024 0.692012 0.692012 -999.307988 -999.307988
60822 0.692007 0.692007 -999.307993 -999.307993
60825 0.692006 0.692006 -999.307994 -999.307994
70822 0.384564 0.384564 -999.615436 -999.615436
71621 0.384414 0.384414 -999.615586 -999.615586
71628 0.384249 0.384249 -999.615751 -999.615751
74170 0.359114 0.359114 -999.640886 -999.640886
74702 0.359112 0.359112 -999.640888 -999.640888
74705 0.359108 0.359108 -999.640892 -999.640892
82266 0.270606 0.270606 -999.729394 -999.729394
82802 0.270597 0.270597 -999.729403 -999.729403
117373 0.104946 0.104946 -999.895054 -999.895054
117902 0.104937 0.104937 -999.895063 -999.895063
135000 25676.302256 0.104937 25676.302256 -999.895063
"function evaluation" "current f(x)" "best-so-far f(x)" "current af(x)+b"  "best af(x)+b"
1 323407.417726 323407.417726 322407.417726 322407.417726
4 323407.364861 323407.364861 322407.364861 322407.364861
6 323407.167236 323407.167236 322407.167236 322407.167236
51 86651.168388 86651.168388 85651.168388 85651.168388
53 86651.144819 86651.144819 85651.144819 85651.144819
56 86650.991476 86650.991476 85650.991476 85650.991476
101 65903.137556 65903.137556 64903.137556 64903.137556
103 65903.120648 65903.120648 64903.120648 64903.120648
106 65903.062325 65903.062325 64903.062325 64903.062325
131 17165.290288 17165.290288 16165.290288 16165.290288
132 17165.239820 17165.239820 16165.239820 16165.239820
134 17165.192519 17165.192519 16165.192519 16165.192519
136 17165.191720 17165.191720 16165.191720 16165.191720
722 3893.433375 3893.433375 2893.433375 2893.433375
724 1969.915465 1969.915465 969.915465 969.915465
725 789.768916 789.768916 -210.231084 -210.231084
728 33.444118 33.444118 -966.555882 -966.555882
1482 33.444036 33.444036 -966.555964 -966.555964
1489 33.443998 33.443998 -966.556002 -966.556002
3245 30.771716 30.771716 -969.228284 -969.228284
4072 30.771678 30.771678 -969.228322 -969.228322
4073 30.771671 30.771671 -969.228329 -969.228329
4075 30.771656 30.771656 -969.228344 -969.228344
4079 30.771603 30.771603 -969.228397 -969.228397
12092 24.132834 24.132834 -975.867166 -975.867166
12612 24.132821 24.132821 -975.867179 -975.867179
12613 24.132815 24.132815 -975.867185 -975.867185
17338 15.501562 15.501562 -984.498438 -984.498438
17922 15.501495 15.501495 -984.498505 -984.498505
17929 15.501472 15.501472 -984.498528 -984.498528
24091 6.693086 6.693086 -993.306914 -993.306914
24672 6.693076 6.693076 -993.306924 -993.306924
25436 4.686746 4.686746 -995.313254 -995.313254
26022 4.686725 4.686725 -995.313275 -995.313275
26782 3.984287 3.984287 -996.015713 -996.015713
27372 3.984271 3.984271 -996.015729 -996.015729
34883 3.567779 3.567779 -996.432221 -996.432221
34889 2.500352 2.500352 -997.499648 -997.499648
35472 2.500346 2.500346 -997.499654 -997.499654
35475 2.500345 2.500345 -997.499655 -997.499655
41638 1.146912 1.146912 -998.853088 -998.853088
42222 1.146890 1.146890 -998.853110 -998.853110
122637 0.757676 0.757676 -999.242324 -999.242324
123221 0.757596 0.757596 -999.242404 -999.242404
123228 0.757502 0.757502 -999.242498 -999.242498
135000 70250.132591 0.757502 70250.132591 -999.242498
"function evaluation" "current f(x)" "best-so-far f(x)" "current af(x)+b"  "best af(x)+b"
1 92895.950017 92895.950017 93027.870017 93027.870017
5 92895.920159 92895.920159 93027.840159 93027.840159
41 33146.177398 33146.177398 33278.097398 33278.097398
46 33146.165574 33146.165574 33278.085574 33278.085574
47 33146.152152 33146.152152 33278.072152 33278.072152
501 32646.307648 32646.307648 32778.227648 32778.227648
512 30533.127843 30533.127843 30665.047843 30665.047843
569 12817.078967 12817.078967 12948.998967 12948.998967
571 3676.668774 3676.668774 3808.588774 3808.588774
573 3641.934960 3641.934960 3773.854960 3773.854960
1391 3641.920306 3641.920306 3773.840306 3773.840306
3449 2114.450440 2114.450440 2246.370440 2246.370440
3583 1997.405235 1997.405235 2129.325235 2129.325235
3740 22.673962 22.673962 154.593962 154.593962
4362 22.673934 22.673934 154.593934 154.593934
4363 22.673932 22.673932 154.593932 154.593932
9130 14.352470 14.352470 146.272470 146.272470
9762 14.352436 14.352436 146.272436 146.272436
9763 14.352411 14.352411 146.272411 146.272411
135000 38115.580828 14.352411 38115.580828 146.272411
"function evaluation" "current f(x)" "best-so-far f(x)" "current af(x)+b"  "best af(x)+b"
1 1946304.536459 1946304.536459 1946436.456459 1946436.456459
5 1946304.529561 1946304.529561 1946436.449561 1946436.449561
11 284693.509484 284693.509484 284825.429484 284825.429484
15 284693.504033 284693.504033 284825.424033 284825.424033
21 260677.824871 260677.824871 260809.744871 260809.744871
61 256039.713510 256039.713510 256171.633510 256171.633510
91 240734.406423 240734.406423 240866.326423 240866.326423
94 240734.105136 240734.105136 240866.025136 240866.025136
111 3790.159133 3790.159133 3922.079133 3922.079133
114 3790.143284 3790.143284 3922.063284 3922.063284
688 698.918934 698.918934 830.838934 830.838934
691 444.655062 444.655062 576.575062 576.575062
692 13.296513 13.296513 145.216513 145.216513
699 5.724020 5.724020 137.644020 137.644020
1461 5.722594 5.722594 137.642594 137.642594
1468 5.722109 5.722109 137.642109 137.642109
135000 104346.598132 5.722109 104346.598132 137.642109
"function evaluation" "current f(x)" "best-so-far f(x)" "current af(x)+b"  "best af(x)+b"
1 704934.689539 704934.689539 705066.609539 705066.609539
11 600894.522327 600894.522327 601026.442327 601026.442327
41 268088.070293 268088.070293 268219.990293 268219.990293
47 268088.055569 268088.055569 268219.975569 268219.975569
49 268088.019561 268088.019561 268219.939561 268219.939561
181 254598.126608 254598.126608 254730.046608 254730.046608
391 251854.573934 251854.573934 251986.493934 251986.493934
441 207054.537929 207054.537929 207186.457929 207186.457929
445 207054.480404 207054.480404 207186.400404 207186.400404
569 178196.542856 178196.542856 178328.462856 178328.462856
573 161335.621492 161335.621492 161467.541492 161467.541492
579 149748.487339 149748.487339 149880.407339 149880.407339
809 141168.035350 141168.035350 141299.955350 141299.955350
1249 126006.574009 126006.574009 126138.494009 126138.494009
1251 91505.368711 91505.368711 91637.288711 91637.288711
1791 91504.939383 91504.939383 91636.859383 91636.859383
1795 91504.879403 91504.879403 91636.799403 91636.799403
3201 61927.290674 61927.290674 62059.210674 62059.210674
3203 32066.808882 32066.808882 32198.728882 32198.728882
3206 23821.262759 23821.262759 23953.182759 23953.182759
3228 18151.148798 18151.148798 18283.068798 18283.068798
3241 904.288284 904.288284 1036.208284 1036.208284
4071 904.286218 904.286218 1036.206218 1036.206218
4076 904.266443 904.266443 1036.186443 1036.186443
135000 38115.580828 904.266443 38115.580828 1036.186443
"function evaluation" "current f(x)" "best-so-far f(x)" "current af(x)+b"  "best af(x)+b"
1 184586.622544 184586.622544 185177.462544 185177.462544
5 184586.558571 184586.558571 185177.398571 185177.398571
7 184586.478651 184586.478651 185177.318651 185177.318651
101 101956.294124 101956.294124 102547.134124 102547.134124
102 101956.050803 101956.050803 102546.890803 102546.890803
107 101956.031651 101956.031651 102546.871651 102546.871651
109 101956.023957 101956.023957 102546.863957 102546.863957
361 81737.411796 81737.411796 82328.251796 82328.251796
363 81737.353398 81737.353398 82328.193398 82328.193398
369 81737.285156 81737.285156 82328.125156 82328.125156
451 54346.427725 54346.427725 54937.267725 54937.267725
453 54346.212811 54346.212811 54937.052811 54937.052811
845 52955.740029 52955.740029 53546.580029 53546.580029
848 48613.116194 48613.116194 49203.956194 49203.956194
850 41753.100007 41753.100007 42343.940007 42343.940007
1113 31875.860371 31875.860371 32466.700371 32466.700371
1266 21491.533390 21491.533390 22082.373390 22082.373390
1268 12665.963589 12665.963589 13256.803589 13256.803589
1271 6938.887401 6938.887401 7529.727401 7529.727401
1801 6938.867916 6938.867916 7529.707916 7529.707916
1803 6938.865277 6938.865277 7529.705277 7529.705277
1809 6938.858469 6938.858469 7529.698469 7529.698469
3220 65.653463 65.653463 656.493463 656.493463
3311 43.507166 43.507166 634.347166 634.347166
3439 29.736221 29.736221 620.576221 620.576221
4192 29.736183 29.736183 620.576183 620.576183
4194 29.736145 29.736145 620.576145 620.576145
4198 29.736123 29.736123 620.576123 620.576123
6619 25.088217 25.088217 615.928217 615.928217
7172 25.088193 25.088193 615.928193 615.928193
7174 25.088188 25.088188 615.928188 615.928188
7176 25.088175 25.088175 615.928175 615.928175
7178 25.088175 25.088175 615.928175 615.928175
15594 12.438386 12.438386 603.278386 603.278386
16342 12.438385 12.438385 603.278385 603.278385
16344 12.438376 12.438376 603.278376 603.278376
18291 6.537147 6.537147 597.377147 597.377147
19041 6.537146 6.537146 597.377146 597.377146
19044 6.537137 6.537137 597.377137 597.377137
19048 6.537131 6.537131 597.377131 597.377131
22111 4.231407 4.231407 595.071407 595.071407
22952 4.231405 4.231405 595.071405 595.071405
22954 4.231373 4.231373 595.071373 595.071373
71527 3.828683 3.828683 594.668683 594.668683
72032 3.828681 3.828681 594.668681 594.668681
72034 3.828670 3.828670 594.668670 594.668670
72036 3.828656 3.828656 594.668656 594.668656
135000 18617.739780 3.828656 18617.739780 594.668656
"function evaluation" "current f(x)" "best-so-far f(x)" "current af(x)+b"  "best af(x)+b"
1 577444.439489 577444.439489 578035.279489 578035.279489
3 577444.345868 577444.345868 578035.185868 578035.185868
11 227617.929168 227617.929168 228208.769168 228208.769168
12 227617.839680 227617.839680 228208.679680 228208.679680
13 227617.360199 227617.360199 228208.200199 228208.200199
31 200635.066578 200635.066578 201225.906578 201225.906578
33 200634.886206 200634.886206 201225.726206 201225.726206
111 95685.584316 95685.584316 96276.424316 96276.424316
112 95685.321865 95685.321865 96276.161865 96276.161865
113 95685.205245 95685.205245 96276.045245 96276.045245
191 14409.731585 14409.731585 15000.571585 15000.571585
192 14409.667609 14409.667609 15000.507609 15000.507609
195 14409.572268 14409.572268 15000.412268 15000.412268
824 2755.901158 2755.901158 3346.741158 3346.741158
830 1922.110611 1922.110611 2512.950611 2512.950611
832 1207.366133 1207.366133 1798.206133 1798.206133
835 468.988726 468.988726 1059.828726 1059.828726
1541 468.970779 468.970779 1059.810779 1059.810779
1547 468.963480 468.963480 1059.803480 1059.803480
3209 380.573783 380.573783 971.413783 971.413783
3210 213.329135 213.329135 804.169135 804.169135
3214 212.744217 212.744217 803.584217 803.584217
3222 45.081350 45.081350 635.921350 635.921350
3394 43.635155 43.635155 634.475155 634.475155
4019 23.024581 23.024581 613.864581 613.864581
4532 23.024566 23.024566 613.864566 613.864566
4536 23.024563 23.024563 613.864563 613.864563
4538 23.024555 23.024555 613.864555 613.864555
5367 7.512043 7.512043 598.352043 598.352043
5370 5.213217 5.213217 596.053217 596.053217
5882 5.213210 5.213210 596.053210 596.053210
5884 5.213191 5.213191 596.053191 596.053191
5886 5.213183 5.213183 596.053183 596.053183
5888 5.213182 5.213182 596.053182 596.053182
23579 5.071943 5.071943 595.911943 595.911943
24372 5.071933 5.071933 595.911933 595.911933
24374 5.071932 5.071932 595.911932 595.911932
24376 5.071913 5.071913 595.911913 595.911913
84482 3.275741 3.275741 594.115741 594.115741
85212 3.275734 3.275734 594.115734 594.115734
85214 3.275728 3.275728 594.115728 594.115728
85216 3.275724 3.275724 594.115724 594.115724
85220 3.275716 3.275716 594.115716 594.115716
96353 1.483252 1.483252 592.323252 592.323252
97201 1.483252 1.483252 592.323252 592.323252
97204 1.483236 1.483236 592.323236 592.323236
132004 1.380264 1.380264 592.220264 592.220264
132622 1.380262 1.380262 592.220262 592.220262
132626 1.380260 1.380260 592.220260 592.220260
135000 121714.487482 1.380260 121714.487482 592.220260
"function evaluation" "current f(x)" "best-so-far f(x)" "current af(x)+b"  "best af(x)+b"
1 175036.092840 175036.092840 175626.932840 175626.932840
3 175035.674866 175035.674866 175626.514866 175626.514866
11 137106.932306 137106.932306 137697.772306 137697.772306
17 137106.757171 137106.757171 137697.597171 137697.597171
271 67442.089959 67442.089959 68032.929959 68032.929959
275 67442.070710 67442.070710 68032.910710 68032.910710
277 67441.957196 67441.957196 68032.797196 68032.797196
311 63286.128262 63286.128262 63876.968262 63876.968262
312 63286.104716 63286.104716 63876.944716 63876.944716
315 63286.084741 63286.084741 63876.924741 63876.924741
960 57807.837637 57807.837637 58398.677637 58398.677637
963 44138.056935 44138.056935 44728.896935 44728.896935
966 36480.463762 36480.463762 37071.303762 37071.303762
967 35226.778393 35226.778393 35817.618393 35817.618393
1030 30960.804660 30960.804660 31551.644660 31551.644660
1037 19428.036334 19428.036334 20018.876334 20018.876334
1662 19428.006459 19428.006459 20018.846459 20018.846459
1665 19427.947571 19427.947571 20018.787571 20018.787571
3201 4971.287690 4971.287690 5562.127690 5562.127690
3204 2041.735848 2041.735848 2632.575848 2632.575848
3206 216.674824 216.674824 807.514824 807.514824
3207 100.846234 100.846234 691.686234 691.686234
3299 70.588621 70.588621 661.428621 661.428621
3314 43.372943 43.372943 634.212943 634.212943
3393 33.473518 33.473518 624.313518 624.313518
3550 25.451966 25.451966 616.291966 616.291966
4252 25.451962 25.451962 616.291962 616.291962
4254 25.451927 25.451927 616.291927 616.291927
4258 25.451921 25.451921 616.291921 616.291921
8983 23.198880 23.198880 614.038880 614.038880
8986 6.693619 6.693619 597.533619 597.533619
9672 6.693619 6.693619 597.533619 597.533619
9674 6.693612 6.693612 597.533612 597.533612
9676 6.693610 6.693610 597.533610 597.533610
9678 6.693607 6.693607 597.533607 597.533607
11681 6.328042 6.328042 597.168042 597.168042
11682 6.047138 6.047138 596.887138 596.887138
11683 5.324258 5.324258 596.164258 596.164258
12371 5.324257 5.324257 596.164257 596.164257
12374 5.324255 5.324255 596.164255 596.164255
12376 5.324240 5.324240 596.164240 596.164240
12378 5.324227 5.324227 596.164227 596.164227
93727 4.873676 4.873676 595.713676 595.713676
94541 4.873673 4.873673 595.713673 595.713673
94544 4.873651 4.873651 595.713651 595.713651
94548 4.873649 4.873649 595.713649 595.713649
130206 4.421740 4.421740 595.261740 595.261740
131012 4.421736 4.421736 595.261736 595.261736
131014 4.421717 4.421717 595.261717 595.261717
135000 1899.995040 4.421717 1899.995040 595.261717
