"function evaluation" "current f(x)" "best-so-far f(x)" "current af(x)+b"  "best af(x)+b"
1 83.111695 83.111695 154.461695 154.461695
2 83.079915 83.079915 154.429915 154.429915
11 57.927704 57.927704 129.277704 129.277704
12 57.906192 57.906192 129.256192 129.256192
13 57.897067 57.897067 129.247067 129.247067
14 57.853756 57.853756 129.203756 129.203756
61 52.632328 52.632328 123.982328 123.982328
71 26.990183 26.990183 98.340183 98.340183
72 26.978873 26.978873 98.328873 98.328873
73 26.954449 26.954449 98.304449 98.304449
301 18.844304 18.844304 90.194304 90.194304
302 18.808990 18.808990 90.158990 90.158990
310 18.802786 18.802786 90.152786 90.152786
521 13.614169 13.614169 84.964169 84.964169
537 11.473472 11.473472 82.823472 82.823472
540 10.742151 10.742151 82.092151 82.092151
1373 10.738055 10.738055 82.088055 82.088055
2048 10.054949 10.054949 81.404949 81.404949
2247 6.164036 6.164036 77.514036 77.514036
2935 6.162451 6.162451 77.512451 77.512451
2940 6.159546 6.159546 77.509546 77.509546
4648 5.360682 5.360682 76.710682 76.710682
5190 4.773821 4.773821 76.123821 76.123821
5771 4.772538 4.772538 76.122538 76.122538
5772 4.771532 4.771532 76.121532 76.121532
5773 4.767761 4.767761 76.117761 76.117761
135000 35.204602 4.767761 35.204602 76.117761
"function evaluation" "current f(x)" "best-so-far f(x)" "current af(x)+b"  "best af(x)+b"
1 110.893325 110.893325 182.243325 182.243325
2 110.848586 110.848586 182.198586 182.198586
5 110.845903 110.845903 182.195903 182.195903
11 58.268223 58.268223 129.618223 129.618223
14 58.262556 58.262556 129.612556 129.612556
51 49.167253 49.167253 120.517253 120.517253
52 49.086897 49.086897 120.436897 120.436897
61 40.010170 40.010170 111.360170 111.360170
63 39.993330 39.993330 111.343330 111.343330
65 39.992196 39.992196 111.342196 111.342196
111 26.470242 26.470242 97.820242 97.820242
112 26.457959 26.457959 97.807959 97.807959
201 19.529945 19.529945 90.879945 90.879945
202 19.497560 19.497560 90.847560 90.847560
528 18.080644 18.080644 89.430644 89.430644
847 11.682719 11.682719 83.032719 83.032719
1327 6.704802 6.704802 78.054802 78.054802
1837 6.703784 6.703784 78.053784 78.053784
1948 1.185240 1.185240 72.535240 72.535240
2146 0.891315 0.891315 72.241315 72.241315
2872 0.890540 0.890540 72.240540 72.240540
2876 0.889810 0.889810 72.239810 72.239810
135000 55.817721 0.889810 55.817721 72.239810
"function evaluation" "current f(x)" "best-so-far f(x)" "current af(x)+b"  "best af(x)+b"
1 119.310705 119.310705 190.660705 190.660705
3 119.242090 119.242090 190.592090 190.592090
11 103.893059 103.893059 175.243059 175.243059
12 103.883949 103.883949 175.233949 175.233949
13 103.843471 103.843471 175.193471 175.193471
19 103.834340 103.834340 175.184340 175.184340
21 73.344549 73.344549 144.694549 144.694549
22 73.272608 73.272608 144.622608 144.622608
31 55.967920 55.967920 127.317920 127.317920
33 55.942992 55.942992 127.292992 127.292992
51 37.553756 37.553756 108.903756 108.903756
53 37.523197 37.523197 108.873197 108.873197
391 33.761515 33.761515 105.111515 105.111515
394 33.734304 33.734304 105.084304 105.084304
513 31.189234 31.189234 102.539234 102.539234
541 24.975473 24.975473 96.325473 96.325473
654 23.156195 23.156195 94.506195 94.506195
675 20.880438 20.880438 92.230438 92.230438
677 20.107250 20.107250 91.457250 91.457250
727 17.967393 17.967393 89.317393 89.317393
885 11.519371 11.519371 82.869371 82.869371
1574 11.507404 11.507404 82.857404 82.857404
3480 3.956033 3.956033 75.306033 75.306033
4211 3.955761 3.955761 75.305761 75.305761
4212 3.952604 3.952604 75.302604 75.302604
4213 3.951018 3.951018 75.301018 75.301018
37150 3.114469 3.114469 74.464469 74.464469
37911 3.114073 3.114073 74.464073 74.464073
37914 3.106088 3.106088 74.456088 74.456088
131905 2.990950 2.990950 74.340950 74.340950
132561 2.990511 2.990511 74.340511 74.340511
132564 2.985857 2.985857 74.335857 74.335857
135000 11.649487 2.985857 11.649487 74.335857
"function evaluation" "current f(x)" "best-so-far f(x)" "current af(x)+b"  "best af(x)+b"
1 66.661635 66.661635 -288.558365 -288.558365
2 66.607867 66.607867 -288.612133 -288.612133
6 66.606364 66.606364 -288.613636 -288.613636
21 55.942778 55.942778 -299.277222 -299.277222
22 55.906181 55.906181 -299.313819 -299.313819
31 45.297655 45.297655 -309.922345 -309.922345
32 45.273931 45.273931 -309.946069 -309.946069
151 13.247134 13.247134 -341.972866 -341.972866
836 13.222663 13.222663 -341.997337 -341.997337
901 12.592204 12.592204 -342.627796 -342.627796
1236 10.318600 10.318600 -344.901400 -344.901400
1782 10.311101 10.311101 -344.908899 -344.908899
1784 10.304634 10.304634 -344.915366 -344.915366
3303 10.236285 10.236285 -344.983715 -344.983715
3595 10.175330 10.175330 -345.044670 -345.044670
3705 10.017700 10.017700 -345.202300 -345.202300
4342 10.016923 10.016923 -345.203077 -345.203077
4344 10.014140 10.014140 -345.205860 -345.205860
4345 10.013271 10.013271 -345.206729 -345.206729
4823 6.818882 6.818882 -348.401118 -348.401118
5086 5.281569 5.281569 -349.938431 -349.938431
5716 5.275950 5.275950 -349.944050 -349.944050
7430 4.314677 4.314677 -350.905323 -350.905323
8201 4.309315 4.309315 -350.910685 -350.910685
8209 4.306894 4.306894 -350.913106 -350.913106
58844 3.670478 3.670478 -351.549522 -351.549522
59573 3.670152 3.670152 -351.549848 -351.549848
59576 3.667671 3.667671 -351.552329 -351.552329
79034 3.591656 3.591656 -351.628344 -351.628344
79783 3.591388 3.591388 -351.628612 -351.628612
79787 3.589510 3.589510 -351.630490 -351.630490
79789 3.587017 3.587017 -351.632983 -351.632983
135000 17.126026 3.587017 17.126026 -351.632983
"function evaluation" "current f(x)" "best-so-far f(x)" "current af(x)+b"  "best af(x)+b"
1 33.488910 33.488910 -321.731090 -321.731090
2 33.484321 33.484321 -321.735679 -321.735679
3 33.480228 33.480228 -321.739772 -321.739772
4 33.478908 33.478908 -321.741092 -321.741092
7 33.467720 33.467720 -321.752280 -321.752280
41 13.832061 13.832061 -341.387939 -341.387939
43 13.822714 13.822714 -341.397286 -341.397286
47 13.820797 13.820797 -341.399203 -341.399203
461 10.853090 10.853090 -344.366910 -344.366910
468 10.848304 10.848304 -344.371696 -344.371696
2246 5.039206 5.039206 -350.180794 -350.180794
2932 5.021284 5.021284 -350.198716 -350.198716
5336 3.905602 3.905602 -351.314398 -351.314398
5866 3.904274 3.904274 -351.315726 -351.315726
103805 3.151216 3.151216 -352.068784 -352.068784
104370 3.146738 3.146738 -352.073262 -352.073262
135000 24.441824 3.146738 24.441824 -352.073262
"function evaluation" "current f(x)" "best-so-far f(x)" "current af(x)+b"  "best af(x)+b"
1 35.127702 35.127702 -320.092298 -320.092298
3 35.122033 35.122033 -320.097967 -320.097967
4 35.119144 35.119144 -320.100856 -320.100856
8 35.106921 35.106921 -320.113079 -320.113079
181 24.115867 24.115867 -331.104133 -331.104133
183 24.111829 24.111829 -331.108171 -331.108171
184 24.107363 24.107363 -331.112637 -331.112637
185 24.105048 24.105048 -331.114952 -331.114952
187 24.098505 24.098505 -331.121495 -331.121495
221 12.700637 12.700637 -342.519363 -342.519363
223 12.688977 12.688977 -342.531023 -342.531023
229 12.681218 12.681218 -342.538782 -342.538782
575 6.870070 6.870070 -348.349930 -348.349930
1391 6.867596 6.867596 -348.352404 -348.352404
1392 6.864019 6.864019 -348.355981 -348.355981
2588 4.839361 4.839361 -350.380639 -350.380639
3134 4.836415 4.836415 -350.383585 -350.383585
3138 4.834726 4.834726 -350.385274 -350.385274
10177 4.187858 4.187858 -351.032142 -351.032142
10937 4.187512 4.187512 -351.032488 -351.032488
60539 3.778833 3.778833 -351.441167 -351.441167
61122 3.778758 3.778758 -351.441242 -351.441242
61129 3.774180 3.774180 -351.445820 -351.445820
135000 19.498643 3.774180 19.498643 -351.445820
"function evaluation" "current f(x)" "best-so-far f(x)" "current af(x)+b"  "best af(x)+b"
1 115.460008 115.460008 214.630008 214.630008
2 115.439646 115.439646 214.609646 214.609646
10 115.431930 115.431930 214.601930 214.601930
11 85.653982 85.653982 184.823982 184.823982
12 85.576932 85.576932 184.746932 184.746932
21 39.325018 39.325018 138.495018 138.495018
22 39.307658 39.307658 138.477658 138.477658
71 22.093004 22.093004 121.263004 121.263004
72 22.047426 22.047426 121.217426 121.217426
80 22.045306 22.045306 121.215306 121.215306
637 17.718124 17.718124 116.888124 116.888124
641 10.029714 10.029714 109.199714 109.199714
650 9.475404 9.475404 108.645404 108.645404
1431 9.464728 9.464728 108.634728 108.634728
1439 9.456091 9.456091 108.626091 108.626091
2287 5.878504 5.878504 105.048504 105.048504
2951 5.866577 5.866577 105.036577 105.036577
2953 5.864458 5.864458 105.034458 105.034458
3481 5.333356 5.333356 104.503356 104.503356
4212 5.328220 5.328220 104.498220 104.498220
9955 4.321251 4.321251 103.491251 103.491251
10802 4.318765 4.318765 103.488765 103.488765
10810 4.311980 4.311980 103.481980 103.481980
133458 4.289645 4.289645 103.459645 103.459645
134034 4.289025 4.289025 103.459025 103.459025
134038 4.288753 4.288753 103.458753 103.458753
135000 26.746977 4.288753 26.746977 103.458753
"function evaluation" "current f(x)" "best-so-far f(x)" "current af(x)+b"  "best af(x)+b"
1 153.492527 153.492527 252.662527 252.662527
4 153.470964 153.470964 252.640964 252.640964
11 50.453958 50.453958 149.623958 149.623958
12 50.349126 50.349126 149.519126 149.519126
71 34.559702 34.559702 133.729702 133.729702
72 34.546998 34.546998 133.716998 133.716998
73 34.534589 34.534589 133.704589 133.704589
75 34.530661 34.530661 133.700661 133.700661
504 34.211385 34.211385 133.381385 133.381385
505 30.533786 30.533786 129.703786 129.703786
508 18.856187 18.856187 118.026187 118.026187
513 10.566125 10.566125 109.736125 109.736125
990 9.943589 9.943589 109.113589 109.113589
1204 9.216791 9.216791 108.386791 108.386791
1762 9.214289 9.214289 108.384289 108.384289
1764 9.202327 9.202327 108.372327 108.372327
1906 5.223853 5.223853 104.393853 104.393853
2732 5.223628 5.223628 104.393628 104.393628
2733 5.219156 5.219156 104.389156 104.389156
3451 4.676427 4.676427 103.846427 103.846427
4193 4.676093 4.676093 103.846093 103.846093
4195 4.674294 4.674294 103.844294 103.844294
49448 4.153145 4.153145 103.323145 103.323145
50151 4.150089 4.150089 103.320089 103.320089
68480 3.924176 3.924176 103.094176 103.094176
69131 3.920515 3.920515 103.090515 103.090515
69137 3.918408 3.918408 103.088408 103.088408
69139 3.915415 3.915415 103.085415 103.085415
102339 1.772974 1.772974 100.942974 100.942974
102942 1.771686 1.771686 100.941686 100.941686
102944 1.771223 1.771223 100.941223 100.941223
135000 18.658480 1.771223 18.658480 100.941223
"function evaluation" "current f(x)" "best-so-far f(x)" "current af(x)+b"  "best af(x)+b"
1 89.502587 89.502587 188.672587 188.672587
2 89.479537 89.479537 188.649537 188.649537
4 89.464015 89.464015 188.634015 188.634015
5 89.454158 89.454158 188.624158 188.624158
6 89.451677 89.451677 188.621677 188.621677
10 89.445796 89.445796 188.615796 188.615796
21 67.703277 67.703277 166.873277 166.873277
22 67.682124 67.682124 166.852124 166.852124
24 67.674437 67.674437 166.844437 166.844437
27 67.672689 67.672689 166.842689 166.842689
51 62.750267 62.750267 161.920267 161.920267
52 62.724857 62.724857 161.894857 161.894857
61 55.144430 55.144430 154.314430 154.314430
62 55.120264 55.120264 154.290264 154.290264
66 55.114038 55.114038 154.284038 154.284038
161 54.110285 54.110285 153.280285 153.280285
162 54.103978 54.103978 153.273978 153.273978
164 54.098349 54.098349 153.268349 153.268349
171 51.093557 51.093557 150.263557 150.263557
172 51.051971 51.051971 150.221971 150.221971
231 42.508135 42.508135 141.678135 141.678135
232 42.422083 42.422083 141.592083 141.592083
381 16.808386 16.808386 115.978386 115.978386
382 16.788896 16.788896 115.958896 115.958896
384 16.786244 16.786244 115.956244 115.956244
707 11.458851 11.458851 110.628851 110.628851
711 8.328682 8.328682 107.498682 107.498682
799 6.522761 6.522761 105.692761 105.692761
802 5.685587 5.685587 104.855587 104.855587
1521 5.683063 5.683063 104.853063 104.853063
1523 5.681881 5.681881 104.851881 104.851881
3515 5.653804 5.653804 104.823804 104.823804
4231 5.648660 5.648660 104.818660 104.818660
5078 2.765027 2.765027 101.935027 101.935027
5715 2.763844 2.763844 101.933844 101.933844
5717 2.762918 2.762918 101.932918 101.932918
135000 18.658480 2.762918 18.658480 101.932918
"function evaluation" "current f(x)" "best-so-far f(x)" "current af(x)+b"  "best af(x)+b"
1 34.169820 34.169820 -483.740180 -483.740180
4 34.151368 34.151368 -483.758632 -483.758632
11 7.915238 7.915238 -509.994762 -509.994762
17 7.914110 7.914110 -509.995890 -509.995890
3919 4.416249 4.416249 -513.493751 -513.493751
4478 4.412333 4.412333 -513.497667 -513.497667
90048 3.822472 3.822472 -514.087528 -514.087528
90711 3.819296 3.819296 -514.090704 -514.090704
90712 3.816104 3.816104 -514.093896 -514.093896
135000 49.530713 3.816104 49.530713 -514.093896
"function evaluation" "current f(x)" "best-so-far f(x)" "current af(x)+b"  "best af(x)+b"
1 119.874273 119.874273 -398.035727 -398.035727
2 119.856824 119.856824 -398.053176 -398.053176
4 119.846319 119.846319 -398.063681 -398.063681
11 81.173458 81.173458 -436.736542 -436.736542
12 81.144579 81.144579 -436.765421 -436.765421
13 81.093345 81.093345 -436.816655 -436.816655
21 70.166337 70.166337 -447.743663 -447.743663
22 70.136653 70.136653 -447.773347 -447.773347
29 70.132189 70.132189 -447.777811 -447.777811
51 55.307678 55.307678 -462.602322 -462.602322
52 55.202449 55.202449 -462.707551 -462.707551
221 42.742275 42.742275 -475.167725 -475.167725
226 42.736384 42.736384 -475.173616 -475.173616
231 29.283519 29.283519 -488.626481 -488.626481
232 29.281249 29.281249 -488.628751 -488.628751
234 29.271282 29.271282 -488.638718 -488.638718
239 29.263872 29.263872 -488.646128 -488.646128
421 16.488644 16.488644 -501.421356 -501.421356
422 16.453912 16.453912 -501.456088 -501.456088
423 16.453875 16.453875 -501.456125 -501.456125
571 9.886535 9.886535 -508.023465 -508.023465
576 7.210687 7.210687 -510.699313 -510.699313
579 3.569807 3.569807 -514.340193 -514.340193
1391 3.568979 3.568979 -514.341021 -514.341021
1394 3.560194 3.560194 -514.349806 -514.349806
2361 2.901012 2.901012 -515.008988 -515.008988
3008 2.898836 2.898836 -515.011164 -515.011164
135000 19.052981 2.898836 19.052981 -515.011164
"function evaluation" "current f(x)" "best-so-far f(x)" "current af(x)+b"  "best af(x)+b"
1 113.974043 113.974043 -403.935957 -403.935957
7 113.967603 113.967603 -403.942397 -403.942397
21 82.132152 82.132152 -435.777848 -435.777848
31 30.642561 30.642561 -487.267439 -487.267439
32 30.639451 30.639451 -487.270549 -487.270549
34 30.626544 30.626544 -487.283456 -487.283456
51 12.678381 12.678381 -505.231619 -505.231619
54 12.671317 12.671317 -505.238683 -505.238683
2026 11.648449 11.648449 -506.261551 -506.261551
2329 10.884649 10.884649 -507.025351 -507.025351
2363 5.750457 5.750457 -512.159543 -512.159543
2574 2.302686 2.302686 -515.607314 -515.607314
3122 2.299712 2.299712 -515.610288 -515.610288
135000 19.052981 2.299712 19.052981 -515.610288
"function evaluation" "current f(x)" "best-so-far f(x)" "current af(x)+b"  "best af(x)+b"
1 35.362353 35.362353 -21.847647 -21.847647
2 35.357927 35.357927 -21.852073 -21.852073
3 35.353129 35.353129 -21.856871 -21.856871
10 35.342791 35.342791 -21.867209 -21.867209
21 9.840041 9.840041 -47.369959 -47.369959
22 9.835913 9.835913 -47.374087 -47.374087
24 9.831887 9.831887 -47.378113 -47.378113
25 9.826734 9.826734 -47.383266 -47.383266
131 5.376749 5.376749 -51.833251 -51.833251
132 5.373527 5.373527 -51.836473 -51.836473
134 5.371280 5.371280 -51.838720 -51.838720
136 5.370119 5.370119 -51.839881 -51.839881
137 5.366536 5.366536 -51.843464 -51.843464
135000 35.355544 5.366536 35.355544 -51.843464
"function evaluation" "current f(x)" "best-so-far f(x)" "current af(x)+b"  "best af(x)+b"
1 122.873444 122.873444 65.663444 65.663444
4 122.827573 122.827573 65.617573 65.617573
9 122.803103 122.803103 65.593103 65.593103
21 115.858112 115.858112 58.648112 58.648112
25 115.822031 115.822031 58.612031 58.612031
30 115.791820 115.791820 58.581820 58.581820
41 57.851416 57.851416 0.641416 0.641416
42 57.850292 57.850292 0.640292 0.640292
43 57.834488 57.834488 0.624488 0.624488
46 57.814759 57.814759 0.604759 0.604759
49 57.791313 57.791313 0.581313 0.581313
61 54.592495 54.592495 -2.617505 -2.617505
62 54.551959 54.551959 -2.658041 -2.658041
69 54.536358 54.536358 -2.673642 -2.673642
70 54.523319 54.523319 -2.686681 -2.686681
131 3.751035 3.751035 -53.458965 -53.458965
132 3.748630 3.748630 -53.461370 -53.461370
135 3.745783 3.745783 -53.464217 -53.464217
135000 40.116257 3.745783 40.116257 -53.464217
"function evaluation" "current f(x)" "best-so-far f(x)" "current af(x)+b"  "best af(x)+b"
1 98.241014 98.241014 41.031014 41.031014
6 98.236266 98.236266 41.026266 41.026266
11 24.614100 24.614100 -32.595900 -32.595900
12 24.598938 24.598938 -32.611062 -32.611062
13 24.587790 24.587790 -32.622210 -32.622210
18 24.580891 24.580891 -32.629109 -32.629109
381 11.290639 11.290639 -45.919361 -45.919361
384 11.280555 11.280555 -45.929445 -45.929445
571 10.717385 10.717385 -46.492615 -46.492615
1391 10.710340 10.710340 -46.499660 -46.499660
1394 10.707110 10.707110 -46.502890 -46.502890
1914 2.569079 2.569079 -54.640921 -54.640921
2734 2.567180 2.567180 -54.642820 -54.642820
2735 2.564349 2.564349 -54.645651 -54.645651
2740 2.563986 2.563986 -54.646014 -54.646014
135000 26.203037 2.563986 26.203037 -54.646014
