"function evaluation" "current f(x)" "best-so-far f(x)" "current af(x)+b"  "best af(x)+b"
1 279.937448 279.937448 -182.152552 -182.152552
4 279.937104 279.937104 -182.152896 -182.152896
8 279.937009 279.937009 -182.152991 -182.152991
11 38.690204 38.690204 -423.399796 -423.399796
12 38.689957 38.689957 -423.400043 -423.400043
14 38.689574 38.689574 -423.400426 -423.400426
18 38.689346 38.689346 -423.400654 -423.400654
19 38.689221 38.689221 -423.400779 -423.400779
45153 0.000000 0.000000 -462.090000 -462.090000
120000 127.086886 0.000000 127.086886 -462.090000
"function evaluation" "current f(x)" "best-so-far f(x)" "current af(x)+b"  "best af(x)+b"
1 99.233850 99.233850 -362.856150 -362.856150
4 99.233473 99.233473 -362.856527 -362.856527
8 99.232365 99.232365 -362.857635 -362.857635
171 66.389962 66.389962 -395.700038 -395.700038
172 66.389317 66.389317 -395.700683 -395.700683
177 66.388924 66.388924 -395.701076 -395.701076
180 66.387176 66.387176 -395.702824 -395.702824
46605 0.000000 0.000000 -462.090000 -462.090000
120000 127.086886 0.000000 127.086886 -462.090000
"function evaluation" "current f(x)" "best-so-far f(x)" "current af(x)+b"  "best af(x)+b"
1 248.951034 248.951034 -213.138966 -213.138966
2 248.950670 248.950670 -213.139330 -213.139330
3 248.950317 248.950317 -213.139683 -213.139683
6 248.949843 248.949843 -213.140157 -213.140157
7 248.947370 248.947370 -213.142630 -213.142630
11 234.137297 234.137297 -227.952703 -227.952703
14 234.136721 234.136721 -227.953279 -227.953279
19 234.136348 234.136348 -227.953652 -227.953652
31 217.980923 217.980923 -244.109077 -244.109077
32 217.980315 217.980315 -244.109685 -244.109685
34 217.979652 217.979652 -244.110348 -244.110348
36 217.979410 217.979410 -244.110590 -244.110590
40 217.979322 217.979322 -244.110678 -244.110678
41 163.954176 163.954176 -298.135824 -298.135824
42 163.953944 163.953944 -298.136056 -298.136056
43 163.953575 163.953575 -298.136425 -298.136425
46 163.953255 163.953255 -298.136745 -298.136745
49 163.952895 163.952895 -298.137105 -298.137105
71 87.604956 87.604956 -374.485044 -374.485044
74 87.604330 87.604330 -374.485670 -374.485670
77 87.603947 87.603947 -374.486053 -374.486053
46409 0.000000 0.000000 -462.090000 -462.090000
120000 127.086886 0.000000 127.086886 -462.090000
"function evaluation" "current f(x)" "best-so-far f(x)" "current af(x)+b"  "best af(x)+b"
1 59.786333 59.786333 137.446333 137.446333
2 59.786270 59.786270 137.446270 137.446270
5 59.785977 59.785977 137.445977 137.445977
8 59.784267 59.784267 137.444267 137.444267
401 59.059340 59.059340 136.719340 136.719340
402 59.057953 59.057953 136.717953 136.717953
404 59.057678 59.057678 136.717678 136.717678
410 59.056967 59.056967 136.716967 136.716967
46437 0.000000 0.000000 77.660000 77.660000
120000 0.000000 0.000000 0.000000 77.660000
"function evaluation" "current f(x)" "best-so-far f(x)" "current af(x)+b"  "best af(x)+b"
1 5443.203608 5443.203608 5520.863608 5520.863608
3 5443.202257 5443.202257 5520.862257 5520.862257
9 5443.170283 5443.170283 5520.830283 5520.830283
11 537.523506 537.523506 615.183506 615.183506
14 537.523503 537.523503 615.183503 615.183503
15 537.519735 537.519735 615.179735 615.179735
19 537.515696 537.515696 615.175696 615.175696
21 225.813116 225.813116 303.473116 303.473116
24 225.812244 225.812244 303.472244 303.472244
31 209.905757 209.905757 287.565757 287.565757
32 209.904937 209.904937 287.564937 287.564937
33 209.904326 209.904326 287.564326 287.564326
37 209.904029 209.904029 287.564029 287.564029
51 116.059754 116.059754 193.719754 193.719754
52 116.058937 116.058937 193.718937 193.718937
53 116.058904 116.058904 193.718904 193.718904
55 116.058271 116.058271 193.718271 193.718271
58 116.057822 116.057822 193.717822 193.717822
231 54.173386 54.173386 131.833386 131.833386
238 54.173212 54.173212 131.833212 131.833212
240 54.172247 54.172247 131.832247 131.832247
43005 0.000000 0.000000 77.660000 77.660000
120000 0.000000 0.000000 0.000000 77.660000
"function evaluation" "current f(x)" "best-so-far f(x)" "current af(x)+b"  "best af(x)+b"
1 488.771379 488.771379 566.431379 566.431379
2 488.770901 488.770901 566.430901 566.430901
6 488.770620 488.770620 566.430620 566.430620
10 488.768567 488.768567 566.428567 566.428567
11 283.377831 283.377831 361.037831 361.037831
17 283.377550 283.377550 361.037550 361.037550
19 283.376081 283.376081 361.036081 361.036081
71 108.708188 108.708188 186.368188 186.368188
72 108.707403 108.707403 186.367403 186.367403
74 108.707229 108.707229 186.367229 186.367229
79 108.705747 108.705747 186.365747 186.365747
201 75.581224 75.581224 153.241224 153.241224
202 75.580868 75.580868 153.240868 153.240868
203 75.580508 75.580508 153.240508 153.240508
208 75.580099 75.580099 153.240099 153.240099
209 75.579762 75.579762 153.239762 153.239762
46647 0.000000 0.000000 77.660000 77.660000
120000 0.000000 0.000000 0.000000 77.660000
"function evaluation" "current f(x)" "best-so-far f(x)" "current af(x)+b"  "best af(x)+b"
1 199.536182 199.536182 315.216182 315.216182
2 199.534888 199.534888 315.214888 315.214888
4 199.534888 199.534888 315.214888 315.214888
5 199.533757 199.533757 315.213757 315.213757
11 196.324375 196.324375 312.004375 312.004375
12 196.323926 196.323926 312.003926 312.003926
14 196.323449 196.323449 312.003449 312.003449
16 196.323125 196.323125 312.003125 312.003125
19 196.322281 196.322281 312.002281 312.002281
21 174.790476 174.790476 290.470476 290.470476
22 174.789547 174.789547 290.469547 290.469547
41 55.694780 55.694780 171.374780 171.374780
42 55.694458 55.694458 171.374458 171.374458
43 55.693867 55.693867 171.373867 171.373867
48 55.692843 55.692843 171.372843 171.372843
49 55.692822 55.692822 171.372822 171.372822
46283 0.000000 0.000000 115.680000 115.680000
120000 0.000000 0.000000 0.000000 115.680000
"function evaluation" "current f(x)" "best-so-far f(x)" "current af(x)+b"  "best af(x)+b"
1 4549.350138 4549.350138 4665.030138 4665.030138
2 4549.348718 4549.348718 4665.028718 4665.028718
4 4549.348535 4549.348535 4665.028535 4665.028535
5 4549.348372 4549.348372 4665.028372 4665.028372
9 4549.322212 4549.322212 4665.002212 4665.002212
11 797.936067 797.936067 913.616067 913.616067
12 797.935730 797.935730 913.615730 913.615730
13 797.935306 797.935306 913.615306 913.615306
17 797.933957 797.933957 913.613957 913.613957
21 131.878354 131.878354 247.558354 247.558354
26 131.877639 131.877639 247.557639 247.557639
27 131.877500 131.877500 247.557500 247.557500
30 131.875853 131.875853 247.555853 247.555853
51 123.778275 123.778275 239.458275 239.458275
52 123.778051 123.778051 239.458051 239.458051
55 123.776719 123.776719 239.456719 239.456719
59 123.776530 123.776530 239.456530 239.456530
271 114.550870 114.550870 230.230870 230.230870
272 114.550531 114.550531 230.230531 230.230531
273 114.549957 114.549957 230.229957 230.229957
278 114.549321 114.549321 230.229321 230.229321
341 95.947100 95.947100 211.627100 211.627100
342 95.946542 95.946542 211.626542 211.626542
345 95.946110 95.946110 211.626110 211.626110
348 95.946039 95.946039 211.626039 211.626039
381 86.540918 86.540918 202.220918 202.220918
382 86.540288 86.540288 202.220288 202.220288
385 86.538585 86.538585 202.218585 202.218585
431 78.428975 78.428975 194.108975 194.108975
440 78.427956 78.427956 194.107956 194.107956
46577 0.000000 0.000000 115.680000 115.680000
120000 0.000000 0.000000 0.000000 115.680000
"function evaluation" "current f(x)" "best-so-far f(x)" "current af(x)+b"  "best af(x)+b"
1 1997.351546 1997.351546 2113.031546 2113.031546
6 1997.351200 1997.351200 2113.031200 2113.031200
9 1997.345576 1997.345576 2113.025576 2113.025576
11 1927.396130 1927.396130 2043.076130 2043.076130
12 1927.395221 1927.395221 2043.075221 2043.075221
13 1927.394159 1927.394159 2043.074159 2043.074159
19 1927.375364 1927.375364 2043.055364 2043.055364
21 1005.093025 1005.093025 1120.773025 1120.773025
22 1005.092887 1005.092887 1120.772887 1120.772887
24 1005.092733 1005.092733 1120.772733 1120.772733
28 1005.091607 1005.091607 1120.771607 1120.771607
31 310.219523 310.219523 425.899523 425.899523
37 310.219255 310.219255 425.899255 425.899255
51 152.672676 152.672676 268.352676 268.352676
52 152.671303 152.671303 268.351303 268.351303
53 152.670677 152.670677 268.350677 268.350677
60 152.669567 152.669567 268.349567 268.349567
251 81.780638 81.780638 197.460638 197.460638
253 81.779943 81.779943 197.459943 197.459943
256 81.779925 81.779925 197.459925 197.459925
46633 0.000000 0.000000 115.680000 115.680000
120000 0.000000 0.000000 0.000000 115.680000
"function evaluation" "current f(x)" "best-so-far f(x)" "current af(x)+b"  "best af(x)+b"
1 183.454707 183.454707 179.744707 179.744707
2 183.453354 183.453354 179.743354 179.743354
4 183.453221 183.453221 179.743221 179.743221
7 183.452940 183.452940 179.742940 179.742940
121 162.715889 162.715889 159.005889 159.005889
122 162.714642 162.714642 159.004642 159.004642
125 162.713653 162.713653 159.003653 159.003653
128 162.713144 162.713144 159.003144 159.003144
130 162.712779 162.712779 159.002779 159.002779
181 139.702940 139.702940 135.992940 135.992940
183 139.702773 139.702773 135.992773 135.992773
185 139.700873 139.700873 135.990873 135.990873
241 73.363509 73.363509 69.653509 69.653509
243 73.363133 73.363133 69.653133 69.653133
247 73.362499 73.362499 69.652499 69.652499
46535 0.000000 0.000000 -3.710000 -3.710000
120000 270.019097 0.000000 270.019097 -3.710000
"function evaluation" "current f(x)" "best-so-far f(x)" "current af(x)+b"  "best af(x)+b"
1 183.210612 183.210612 179.500612 179.500612
6 183.210093 183.210093 179.500093 179.500093
10 183.208211 183.208211 179.498211 179.498211
281 149.747657 149.747657 146.037657 146.037657
282 149.747220 149.747220 146.037220 146.037220
284 149.746521 149.746521 146.036521 146.036521
288 149.746388 149.746388 146.036388 146.036388
291 140.783719 140.783719 137.073719 137.073719
292 140.782785 140.782785 137.072785 137.072785
293 140.782750 140.782750 137.072750 137.072750
296 140.782037 140.782037 137.072037 137.072037
297 140.781999 140.781999 137.071999 137.071999
300 140.781736 140.781736 137.071736 137.071736
481 121.191175 121.191175 117.481175 117.481175
482 121.190681 121.190681 117.480681 117.480681
483 121.189340 121.189340 117.479340 117.479340
489 121.189285 121.189285 117.479285 117.479285
46199 0.000000 0.000000 -3.710000 -3.710000
120000 270.019097 0.000000 270.019097 -3.710000
"function evaluation" "current f(x)" "best-so-far f(x)" "current af(x)+b"  "best af(x)+b"
1 158.963763 158.963763 155.253763 155.253763
3 158.963085 158.963085 155.253085 155.253085
421 103.034310 103.034310 99.324310 99.324310
422 103.033781 103.033781 99.323781 99.323781
427 103.033158 103.033158 99.323158 99.323158
429 103.032584 103.032584 99.322584 99.322584
46241 0.000000 0.000000 -3.710000 -3.710000
120000 270.019097 0.000000 270.019097 -3.710000
"function evaluation" "current f(x)" "best-so-far f(x)" "current af(x)+b"  "best af(x)+b"
1 395.214493 395.214493 527.394493 527.394493
7 395.210478 395.210478 527.390478 527.390478
11 167.131676 167.131676 299.311676 299.311676
12 167.131152 167.131152 299.311152 299.311152
14 167.130734 167.130734 299.310734 299.310734
18 167.130468 167.130468 299.310468 299.310468
19 167.128951 167.128951 299.308951 299.308951
31 78.866618 78.866618 211.046618 211.046618
32 78.864868 78.864868 211.044868 211.044868
34 78.864865 78.864865 211.044865 211.044865
36 78.864667 78.864667 211.044667 211.044667
37 78.863753 78.863753 211.043753 211.043753
46549 0.000000 0.000000 132.180000 132.180000
120000 0.000000 0.000000 0.000000 132.180000
"function evaluation" "current f(x)" "best-so-far f(x)" "current af(x)+b"  "best af(x)+b"
1 5826.205978 5826.205978 5958.385978 5958.385978
6 5826.204964 5826.204964 5958.384964 5958.384964
9 5826.178997 5826.178997 5958.358997 5958.358997
11 139.396551 139.396551 271.576551 271.576551
13 139.396427 139.396427 271.576427 271.576427
15 139.396154 139.396154 271.576154 271.576154
61 124.793846 124.793846 256.973846 256.973846
62 124.793356 124.793356 256.973356 256.973356
64 124.792939 124.792939 256.972939 256.972939
67 124.792384 124.792384 256.972384 256.972384
251 107.272065 107.272065 239.452065 239.452065
252 107.271276 107.271276 239.451276 239.451276
253 107.271227 107.271227 239.451227 239.451227
255 107.271143 107.271143 239.451143 239.451143
257 107.270108 107.270108 239.450108 239.450108
401 97.033778 97.033778 229.213778 229.213778
402 97.032818 97.032818 229.212818 229.212818
405 97.032056 97.032056 229.212056 229.212056
46773 0.000000 0.000000 132.180000 132.180000
120000 0.000000 0.000000 0.000000 132.180000
"function evaluation" "current f(x)" "best-so-far f(x)" "current af(x)+b"  "best af(x)+b"
1 90.500369 90.500369 222.680369 222.680369
2 90.500281 90.500281 222.680281 222.680281
3 90.499531 90.499531 222.679531 222.679531
7 90.498755 90.498755 222.678755 222.678755
9 90.498068 90.498068 222.678068 222.678068
501 82.876984 82.876984 215.056984 215.056984
504 81.414740 81.414740 213.594740 213.594740
46465 0.000000 0.000000 132.180000 132.180000
120000 0.000000 0.000000 0.000000 132.180000
