"function evaluation" "current f(x)" "best-so-far f(x)" "current af(x)+b"  "best af(x)+b"
1 77.434729 77.434729 156.914729 156.914729
2 77.434696 77.434696 156.914696 156.914696
4 77.434685 77.434685 156.914685 156.914685
5 77.434678 77.434678 156.914678 156.914678
9 77.434640 77.434640 156.914640 156.914640
11 20.599444 20.599444 100.079444 100.079444
12 20.599400 20.599400 100.079400 100.079400
19 20.599387 20.599387 100.079387 100.079387
31 19.356490 19.356490 98.836490 98.836490
32 19.356474 19.356474 98.836474 98.836474
33 19.356447 19.356447 98.836447 98.836447
481 6.075111 6.075111 85.555111 85.555111
484 6.075099 6.075099 85.555099 85.555099
1317 3.636204 3.636204 83.116204 83.116204
1319 3.414222 3.414222 82.894222 82.894222
1321 2.588205 2.588205 82.068205 82.068205
1831 2.588198 2.588198 82.068198 82.068198
1834 2.588193 2.588193 82.068193 82.068193
1904 1.994637 1.994637 81.474637 81.474637
2732 1.994633 1.994633 81.474633 81.474633
2733 1.994624 1.994624 81.474624 81.474624
3211 1.890774 1.890774 81.370774 81.370774
3242 0.348389 0.348389 79.828389 79.828389
3252 0.213524 0.213524 79.693524 79.693524
3259 0.104867 0.104867 79.584867 79.584867
3384 0.101413 0.101413 79.581413 79.581413
3584 0.089908 0.089908 79.569908 79.569908
4271 0.089907 0.089907 79.569907 79.569907
4273 0.089906 0.089906 79.569906 79.569906
4280 0.089906 0.089906 79.569906 79.569906
4574 0.070115 0.070115 79.550115 79.550115
4602 0.054108 0.054108 79.534108 79.534108
4605 0.043650 0.043650 79.523650 79.523650
4674 0.010500 0.010500 79.490500 79.490500
5379 0.007366 0.007366 79.487366 79.487366
5881 0.007365 0.007365 79.487365 79.487365
6020 0.006544 0.006544 79.486544 79.486544
6022 0.006275 0.006275 79.486275 79.486275
6023 0.005147 0.005147 79.485147 79.485147
6024 0.002282 0.002282 79.482282 79.482282
6028 0.000850 0.000850 79.480850 79.480850
6033 0.000659 0.000659 79.480659 79.480659
6719 0.000657 0.000657 79.480657 79.480657
6730 0.000024 0.000024 79.480024 79.480024
7231 0.000024 0.000024 79.480024 79.480024
7233 0.000024 0.000024 79.480024 79.480024
7239 0.000024 0.000024 79.480024 79.480024
8067 0.000003 0.000003 79.480003 79.480003
8581 0.000003 0.000003 79.480003 79.480003
8586 0.000003 0.000003 79.480003 79.480003
8587 0.000003 0.000003 79.480003 79.480003
9417 0.000001 0.000001 79.480001 79.480001
9420 0.000001 0.000001 79.480001 79.480001
9421 0.000001 0.000001 79.480001 79.480001
9422 0.000001 0.000001 79.480001 79.480001
9931 0.000001 0.000001 79.480001 79.480001
9934 0.000001 0.000001 79.480001 79.480001
9936 0.000001 0.000001 79.480001 79.480001
9940 0.000001 0.000001 79.480001 79.480001
10767 0.000000 0.000000 79.480000 79.480000
10769 0.000000 0.000000 79.480000 79.480000
10770 0.000000 0.000000 79.480000 79.480000
10780 0.000000 0.000000 79.480000 79.480000
11282 0.000000 0.000000 79.480000 79.480000
11284 0.000000 0.000000 79.480000 79.480000
11286 0.000000 0.000000 79.480000 79.480000
11289 0.000000 0.000000 79.480000 79.480000
12120 0.000000 0.000000 79.480000 79.480000
12123 0.000000 0.000000 79.480000 79.480000
12127 0.000000 0.000000 79.480000 79.480000
12128 0.000000 0.000000 79.480000 79.480000
12632 0.000000 0.000000 79.480000 79.480000
12638 0.000000 0.000000 79.480000 79.480000
12639 0.000000 0.000000 79.480000 79.480000
14439 0.000000 0.000000 79.480000 79.480000
14749 0.000000 0.000000 79.480000 79.480000
14817 0.000000 0.000000 79.480000 79.480000
14829 0.000000 0.000000 79.480000 79.480000
15333 0.000000 0.000000 79.480000 79.480000
15338 0.000000 0.000000 79.480000 79.480000
15670 0.000000 0.000000 79.480000 79.480000
16381 0.000000 0.000000 79.480000 79.480000
16389 0.000000 0.000000 79.480000 79.480000
16752 0.000000 0.000000 79.480000 79.480000
16757 0.000000 0.000000 79.480000 79.480000
17007 0.000000 0.000000 79.480000 79.480000
17009 0.000000 0.000000 79.480000 79.480000
17018 0.000000 0.000000 79.480000 79.480000
17019 0.000000 0.000000 79.480000 79.480000
17133 0.000000 0.000000 79.480000 79.480000
17258 0.000000 0.000000 79.480000 79.480000
17394 0.000000 0.000000 79.480000 79.480000
17877 0.000000 0.000000 79.480000 79.480000
17952 0.000000 0.000000 79.480000 79.480000
17953 0.000000 0.000000 79.480000 79.480000
17957 0.000000 0.000000 79.480000 79.480000
18731 0.000000 0.000000 79.480000 79.480000
18734 0.000000 0.000000 79.480000 79.480000
18739 0.000000 0.000000 79.480000 79.480000
18760 0.000000 0.000000 79.480000 79.480000
18806 0.000000 0.000000 79.480000 79.480000
18812 0.000000 0.000000 79.480000 79.480000
19826 0.000000 0.000000 79.480000 79.480000
21181 0.000000 0.000000 79.480000 79.480000
21507 0.000000 0.000000 79.480000 79.480000
21510 0.000000 0.000000 79.480000 79.480000
21576 0.000000 0.000000 79.480000 79.480000
22927 0.000000 0.000000 79.480000 79.480000
135000 0.000000 0.000000 0.000000 79.480000
"function evaluation" "current f(x)" "best-so-far f(x)" "current af(x)+b"  "best af(x)+b"
1 73.752617 73.752617 153.232617 153.232617
2 73.752517 73.752517 153.232517 153.232517
8 73.752503 73.752503 153.232503 153.232503
11 47.529695 47.529695 127.009695 127.009695
16 47.529684 47.529684 127.009684 127.009684
18 47.529672 47.529672 127.009672 127.009672
31 28.295028 28.295028 107.775028 107.775028
33 28.295022 28.295022 107.775022 107.775022
39 28.295010 28.295010 107.775010 107.775010
51 6.428974 6.428974 85.908974 85.908974
60 6.428966 6.428966 85.908966 85.908966
586 3.754728 3.754728 83.234728 83.234728
591 3.739676 3.739676 83.219676 83.219676
1401 3.739670 3.739670 83.219670 83.219670
1410 3.739658 3.739658 83.219658 83.219658
1873 2.562117 2.562117 82.042117 82.042117
1938 1.737898 1.737898 81.217898 81.217898
1939 1.286137 1.286137 80.766137 80.766137
1942 1.024498 1.024498 80.504498 80.504498
2081 0.694202 0.694202 80.174202 80.174202
2082 0.372953 0.372953 79.852953 79.852953
2831 0.372947 0.372947 79.852947 79.852947
3288 0.195378 0.195378 79.675378 79.675378
3290 0.191184 0.191184 79.671184 79.671184
3292 0.116807 0.116807 79.596807 79.596807
3426 0.062385 0.062385 79.542385 79.542385
3435 0.046560 0.046560 79.526560 79.526560
4182 0.046559 0.046559 79.526559 79.526559
4184 0.046558 0.046558 79.526558 79.526558
4577 0.025068 0.025068 79.505068 79.505068
4725 0.017391 0.017391 79.497391 79.497391
5252 0.014144 0.014144 79.494144 79.494144
5812 0.014144 0.014144 79.494144 79.494144
5814 0.014144 0.014144 79.494144 79.494144
5815 0.014143 0.014143 79.494143 79.494143
5995 0.012798 0.012798 79.492798 79.492798
6024 0.010818 0.010818 79.490818 79.490818
6074 0.009302 0.009302 79.489302 79.489302
6075 0.007845 0.007845 79.487845 79.487845
6076 0.006214 0.006214 79.486214 79.486214
6080 0.004185 0.004185 79.484185 79.484185
6084 0.002366 0.002366 79.482366 79.482366
6603 0.002052 0.002052 79.482052 79.482052
6604 0.001744 0.001744 79.481744 79.481744
6607 0.000325 0.000325 79.480325 79.480325
7162 0.000325 0.000325 79.480325 79.480325
7164 0.000325 0.000325 79.480325 79.480325
7165 0.000325 0.000325 79.480325 79.480325
7948 0.000121 0.000121 79.480121 79.480121
7950 0.000081 0.000081 79.480081 79.480081
7953 0.000044 0.000044 79.480044 79.480044
8512 0.000044 0.000044 79.480044 79.480044
9298 0.000029 0.000029 79.480029 79.480029
9300 0.000020 0.000020 79.480020 79.480020
9303 0.000016 0.000016 79.480016 79.480016
9304 0.000014 0.000014 79.480014 79.480014
9308 0.000014 0.000014 79.480014 79.480014
9862 0.000014 0.000014 79.480014 79.480014
10427 0.000007 0.000007 79.480007 79.480007
10438 0.000003 0.000003 79.480003 79.480003
10652 0.000002 0.000002 79.480002 79.480002
10658 0.000001 0.000001 79.480001 79.480001
11211 0.000001 0.000001 79.480001 79.480001
11216 0.000001 0.000001 79.480001 79.480001
11998 0.000000 0.000000 79.480000 79.480000
12000 0.000000 0.000000 79.480000 79.480000
12001 0.000000 0.000000 79.480000 79.480000
12561 0.000000 0.000000 79.480000 79.480000
12566 0.000000 0.000000 79.480000 79.480000
12568 0.000000 0.000000 79.480000 79.480000
13062 0.000000 0.000000 79.480000 79.480000
13070 0.000000 0.000000 79.480000 79.480000
13078 0.000000 0.000000 79.480000 79.480000
13084 0.000000 0.000000 79.480000 79.480000
13350 0.000000 0.000000 79.480000 79.480000
13911 0.000000 0.000000 79.480000 79.480000
14432 0.000000 0.000000 79.480000 79.480000
14434 0.000000 0.000000 79.480000 79.480000
14701 0.000000 0.000000 79.480000 79.480000
15261 0.000000 0.000000 79.480000 79.480000
15267 0.000000 0.000000 79.480000 79.480000
15436 0.000000 0.000000 79.480000 79.480000
15738 0.000000 0.000000 79.480000 79.480000
15776 0.000000 0.000000 79.480000 79.480000
15780 0.000000 0.000000 79.480000 79.480000
15786 0.000000 0.000000 79.480000 79.480000
15898 0.000000 0.000000 79.480000 79.480000
15906 0.000000 0.000000 79.480000 79.480000
16522 0.000000 0.000000 79.480000 79.480000
16524 0.000000 0.000000 79.480000 79.480000
16526 0.000000 0.000000 79.480000 79.480000
17109 0.000000 0.000000 79.480000 79.480000
17111 0.000000 0.000000 79.480000 79.480000
17258 0.000000 0.000000 79.480000 79.480000
17799 0.000000 0.000000 79.480000 79.480000
18600 0.000000 0.000000 79.480000 79.480000
19153 0.000000 0.000000 79.480000 79.480000
19830 0.000000 0.000000 79.480000 79.480000
19839 0.000000 0.000000 79.480000 79.480000
20499 0.000000 0.000000 79.480000 79.480000
21178 0.000000 0.000000 79.480000 79.480000
21184 0.000000 0.000000 79.480000 79.480000
22526 0.000000 0.000000 79.480000 79.480000
22528 0.000000 0.000000 79.480000 79.480000
23876 0.000000 0.000000 79.480000 79.480000
24008 0.000000 0.000000 79.480000 79.480000
135000 0.000000 0.000000 0.000000 79.480000
"function evaluation" "current f(x)" "best-so-far f(x)" "current af(x)+b"  "best af(x)+b"
1 123.399726 123.399726 202.879726 202.879726
3 123.399720 123.399720 202.879720 202.879720
9 123.399704 123.399704 202.879704 202.879704
11 39.008395 39.008395 118.488395 118.488395
12 39.008363 39.008363 118.488363 118.488363
14 39.008347 39.008347 118.488347 118.488347
19 39.008332 39.008332 118.488332 118.488332
21 16.112112 16.112112 95.592112 95.592112
23 16.112084 16.112084 95.592084 95.592084
41 8.545687 8.545687 88.025687 88.025687
48 8.545682 8.545682 88.025682 88.025682
371 8.330053 8.330053 87.810053 87.810053
373 8.330040 8.330040 87.810040 87.810040
375 8.330038 8.330038 87.810038 87.810038
378 8.330037 8.330037 87.810037 87.810037
569 6.505864 6.505864 85.985864 85.985864
571 5.521986 5.521986 85.001986 85.001986
572 3.858304 3.858304 83.338304 83.338304
578 3.418077 3.418077 82.898077 82.898077
1135 3.366889 3.366889 82.846889 82.846889
1721 3.366889 3.366889 82.846889 82.846889
1723 3.366879 3.366879 82.846879 82.846879
1725 3.366878 3.366878 82.846878 82.846878
1919 2.249114 2.249114 81.729114 81.729114
1922 1.802295 1.802295 81.282295 81.282295
1923 1.534785 1.534785 81.014785 81.014785
2533 1.098536 1.098536 80.578536 80.578536
3101 1.098535 1.098535 80.578535 80.578535
3103 1.098528 1.098528 80.578528 80.578528
3231 1.027389 1.027389 80.507389 80.507389
3269 0.403256 0.403256 79.883256 79.883256
3272 0.361627 0.361627 79.841627 79.841627
3277 0.276877 0.276877 79.756877 79.756877
3526 0.142171 0.142171 79.622171 79.622171
3527 0.128015 0.128015 79.608015 79.608015
3920 0.057601 0.057601 79.537601 79.537601
4471 0.057598 0.057598 79.537598 79.537598
4876 0.026114 0.026114 79.506114 79.506114
4887 0.010736 0.010736 79.490736 79.490736
5185 0.003809 0.003809 79.483809 79.483809
5235 0.003765 0.003765 79.483765 79.483765
5802 0.003765 0.003765 79.483765 79.483765
5803 0.003765 0.003765 79.483765 79.483765
5806 0.003764 0.003764 79.483764 79.483764
6224 0.001156 0.001156 79.481156 79.481156
6230 0.000776 0.000776 79.480776 79.480776
6231 0.000690 0.000690 79.480690 79.480690
6533 0.000677 0.000677 79.480677 79.480677
6535 0.000628 0.000628 79.480628 79.480628
6539 0.000419 0.000419 79.480419 79.480419
7122 0.000419 0.000419 79.480419 79.480419
7574 0.000144 0.000144 79.480144 79.480144
7578 0.000087 0.000087 79.480087 79.480087
7579 0.000063 0.000063 79.480063 79.480063
7587 0.000044 0.000044 79.480044 79.480044
8292 0.000044 0.000044 79.480044 79.480044
8300 0.000044 0.000044 79.480044 79.480044
8924 0.000005 0.000005 79.480005 79.480005
8927 0.000001 0.000001 79.480001 79.480001
9641 0.000001 0.000001 79.480001 79.480001
9645 0.000001 0.000001 79.480001 79.480001
9649 0.000001 0.000001 79.480001 79.480001
10274 0.000000 0.000000 79.480000 79.480000
10280 0.000000 0.000000 79.480000 79.480000
10281 0.000000 0.000000 79.480000 79.480000
10287 0.000000 0.000000 79.480000 79.480000
10991 0.000000 0.000000 79.480000 79.480000
10994 0.000000 0.000000 79.480000 79.480000
10995 0.000000 0.000000 79.480000 79.480000
11624 0.000000 0.000000 79.480000 79.480000
12341 0.000000 0.000000 79.480000 79.480000
12344 0.000000 0.000000 79.480000 79.480000
12974 0.000000 0.000000 79.480000 79.480000
12977 0.000000 0.000000 79.480000 79.480000
12982 0.000000 0.000000 79.480000 79.480000
13692 0.000000 0.000000 79.480000 79.480000
13694 0.000000 0.000000 79.480000 79.480000
14324 0.000000 0.000000 79.480000 79.480000
15042 0.000000 0.000000 79.480000 79.480000
15044 0.000000 0.000000 79.480000 79.480000
15538 0.000000 0.000000 79.480000 79.480000
15546 0.000000 0.000000 79.480000 79.480000
16311 0.000000 0.000000 79.480000 79.480000
16888 0.000000 0.000000 79.480000 79.480000
16890 0.000000 0.000000 79.480000 79.480000
16893 0.000000 0.000000 79.480000 79.480000
17662 0.000000 0.000000 79.480000 79.480000
18772 0.000000 0.000000 79.480000 79.480000
19012 0.000000 0.000000 79.480000 79.480000
19702 0.000000 0.000000 79.480000 79.480000
20362 0.000000 0.000000 79.480000 79.480000
21043 0.000000 0.000000 79.480000 79.480000
21044 0.000000 0.000000 79.480000 79.480000
22390 0.000000 0.000000 79.480000 79.480000
22393 0.000000 0.000000 79.480000 79.480000
22398 0.000000 0.000000 79.480000 79.480000
22424 0.000000 0.000000 79.480000 79.480000
22429 0.000000 0.000000 79.480000 79.480000
22430 0.000000 0.000000 79.480000 79.480000
22820 0.000000 0.000000 79.480000 79.480000
135000 0.000000 0.000000 0.000000 79.480000
"function evaluation" "current f(x)" "best-so-far f(x)" "current af(x)+b"  "best af(x)+b"
1 141.719704 141.719704 536.199704 536.199704
11 101.388456 101.388456 495.868456 495.868456
15 101.388441 101.388441 495.868441 495.868441
21 94.866812 94.866812 489.346812 489.346812
51 21.343164 21.343164 415.823164 415.823164
55 21.343144 21.343144 415.823144 415.823144
171 11.679303 11.679303 406.159303 406.159303
172 11.679288 11.679288 406.159288 406.159288
175 11.679265 11.679265 406.159265 406.159265
461 7.387093 7.387093 401.867093 401.867093
462 7.387088 7.387088 401.867088 401.867088
464 7.387077 7.387077 401.867077 401.867077
470 7.387069 7.387069 401.867069 401.867069
790 6.870994 6.870994 401.350994 401.350994
794 6.290299 6.290299 400.770299 400.770299
801 6.014623 6.014623 400.494623 400.494623
1283 5.419800 5.419800 399.899800 399.899800
1285 4.550060 4.550060 399.030060 399.030060
1289 4.010323 4.010323 398.490323 398.490323
1290 3.906074 3.906074 398.386074 398.386074
1291 3.577431 3.577431 398.057431 398.057431
1812 3.577428 3.577428 398.057428 398.057428
1814 3.577420 3.577420 398.057420 398.057420
1820 3.577416 3.577416 398.057416 398.057416
2633 2.970001 2.970001 397.450001 397.450001
2635 0.639719 0.639719 395.119719 395.119719
2638 0.217727 0.217727 394.697727 394.697727
3162 0.217724 0.217724 394.697724 394.697724
3164 0.217723 0.217723 394.697723 394.697723
3494 0.192066 0.192066 394.672066 394.672066
3986 0.098025 0.098025 394.578025 394.578025
3990 0.056015 0.056015 394.536015 394.536015
3996 0.054548 0.054548 394.534548 394.534548
4511 0.054546 0.054546 394.534546 394.534546
4513 0.054546 0.054546 394.534546 394.534546
4629 0.046597 0.046597 394.526597 394.526597
4849 0.025729 0.025729 394.505729 394.505729
4853 0.021954 0.021954 394.501954 394.501954
5339 0.013661 0.013661 394.493661 394.493661
5340 0.013184 0.013184 394.493184 394.493184
5343 0.010072 0.010072 394.490072 394.490072
5862 0.010072 0.010072 394.490072 394.490072
5863 0.010072 0.010072 394.490072 394.490072
6042 0.005998 0.005998 394.485998 394.485998
6107 0.005531 0.005531 394.485531 394.485531
6683 0.004633 0.004633 394.484633 394.484633
6688 0.004607 0.004607 394.484607 394.484607
7211 0.004607 0.004607 394.484607 394.484607
7213 0.004607 0.004607 394.484607 394.484607
7217 0.004606 0.004606 394.484606 394.484606
7219 0.004606 0.004606 394.484606 394.484606
7253 0.002678 0.002678 394.482678 394.482678
7268 0.002084 0.002084 394.482084 394.482084
7324 0.001914 0.001914 394.481914 394.481914
7326 0.001250 0.001250 394.481250 394.481250
7332 0.000872 0.000872 394.480872 394.480872
7616 0.000383 0.000383 394.480383 394.480383
8311 0.000383 0.000383 394.480383 394.480383
8613 0.000235 0.000235 394.480235 394.480235
8672 0.000230 0.000230 394.480230 394.480230
8673 0.000028 0.000028 394.480028 394.480028
9492 0.000028 0.000028 394.480028 394.480028
9496 0.000028 0.000028 394.480028 394.480028
9497 0.000028 0.000028 394.480028 394.480028
9499 0.000028 0.000028 394.480028 394.480028
10027 0.000021 0.000021 394.480021 394.480021
10029 0.000017 0.000017 394.480017 394.480017
10368 0.000012 0.000012 394.480012 394.480012
11041 0.000012 0.000012 394.480012 394.480012
11044 0.000012 0.000012 394.480012 394.480012
11304 0.000007 0.000007 394.480007 394.480007
11308 0.000007 0.000007 394.480007 394.480007
11312 0.000005 0.000005 394.480005 394.480005
11314 0.000003 0.000003 394.480003 394.480003
12152 0.000003 0.000003 394.480003 394.480003
12158 0.000003 0.000003 394.480003 394.480003
12807 0.000003 0.000003 394.480003 394.480003
12810 0.000002 0.000002 394.480002 394.480002
12811 0.000001 0.000001 394.480001 394.480001
12817 0.000001 0.000001 394.480001 394.480001
13204 0.000001 0.000001 394.480001 394.480001
13821 0.000001 0.000001 394.480001 394.480001
13823 0.000001 0.000001 394.480001 394.480001
14154 0.000000 0.000000 394.480000 394.480000
14156 0.000000 0.000000 394.480000 394.480000
14167 0.000000 0.000000 394.480000 394.480000
14538 0.000000 0.000000 394.480000 394.480000
14541 0.000000 0.000000 394.480000 394.480000
15161 0.000000 0.000000 394.480000 394.480000
15163 0.000000 0.000000 394.480000 394.480000
15507 0.000000 0.000000 394.480000 394.480000
15508 0.000000 0.000000 394.480000 394.480000
15512 0.000000 0.000000 394.480000 394.480000
15513 0.000000 0.000000 394.480000 394.480000
15515 0.000000 0.000000 394.480000 394.480000
15517 0.000000 0.000000 394.480000 394.480000
16292 0.000000 0.000000 394.480000 394.480000
16296 0.000000 0.000000 394.480000 394.480000
16299 0.000000 0.000000 394.480000 394.480000
16854 0.000000 0.000000 394.480000 394.480000
16858 0.000000 0.000000 394.480000 394.480000
16865 0.000000 0.000000 394.480000 394.480000
17642 0.000000 0.000000 394.480000 394.480000
17647 0.000000 0.000000 394.480000 394.480000
17649 0.000000 0.000000 394.480000 394.480000
17953 0.000000 0.000000 394.480000 394.480000
18206 0.000000 0.000000 394.480000 394.480000
18207 0.000000 0.000000 394.480000 394.480000
18209 0.000000 0.000000 394.480000 394.480000
18210 0.000000 0.000000 394.480000 394.480000
18217 0.000000 0.000000 394.480000 394.480000
18995 0.000000 0.000000 394.480000 394.480000
19556 0.000000 0.000000 394.480000 394.480000
19560 0.000000 0.000000 394.480000 394.480000
19563 0.000000 0.000000 394.480000 394.480000
19958 0.000000 0.000000 394.480000 394.480000
20345 0.000000 0.000000 394.480000 394.480000
20655 0.000000 0.000000 394.480000 394.480000
20904 0.000000 0.000000 394.480000 394.480000
20907 0.000000 0.000000 394.480000 394.480000
20908 0.000000 0.000000 394.480000 394.480000
20914 0.000000 0.000000 394.480000 394.480000
22256 0.000000 0.000000 394.480000 394.480000
22263 0.000000 0.000000 394.480000 394.480000
22649 0.000000 0.000000 394.480000 394.480000
22655 0.000000 0.000000 394.480000 394.480000
23661 0.000000 0.000000 394.480000 394.480000
23978 0.000000 0.000000 394.480000 394.480000
23981 0.000000 0.000000 394.480000 394.480000
135000 0.000000 0.000000 0.000000 394.480000
"function evaluation" "current f(x)" "best-so-far f(x)" "current af(x)+b"  "best af(x)+b"
1 32.894890 32.894890 427.374890 427.374890
5 32.894850 32.894850 427.374850 427.374850
251 18.270544 18.270544 412.750544 412.750544
253 18.270542 18.270542 412.750542 412.750542
255 18.270516 18.270516 412.750516 412.750516
926 14.687466 14.687466 409.167466 409.167466
928 12.649504 12.649504 407.129504 407.129504
929 12.131864 12.131864 406.611864 406.611864
931 11.447778 11.447778 405.927778 405.927778
1601 11.447774 11.447774 405.927774 405.927774
1603 11.447772 11.447772 405.927772 405.927772
1605 11.447744 11.447744 405.927744 405.927744
1890 6.570786 6.570786 401.050786 401.050786
1895 3.674156 3.674156 398.154156 398.154156
2650 2.778666 2.778666 397.258666 397.258666
3171 2.778666 2.778666 397.258666 397.258666
3173 2.778665 2.778665 397.258665 397.258665
3175 2.778650 2.778650 397.258650 397.258650
3204 2.151988 2.151988 396.631988 396.631988
3207 0.461284 0.461284 394.941284 394.941284
3445 0.457191 0.457191 394.937191 394.937191
3626 0.289319 0.289319 394.769319 394.769319
3639 0.253173 0.253173 394.733173 394.733173
4000 0.066249 0.066249 394.546249 394.546249
4521 0.066249 0.066249 394.546249 394.546249
4524 0.066249 0.066249 394.546249 394.546249
4526 0.066248 0.066248 394.546248 394.546248
4528 0.066248 0.066248 394.546248 394.546248
4530 0.066248 0.066248 394.546248 394.546248
4576 0.061192 0.061192 394.541192 394.541192
4978 0.008882 0.008882 394.488882 394.488882
5651 0.008882 0.008882 394.488882 394.488882
5654 0.008882 0.008882 394.488882 394.488882
5655 0.008881 0.008881 394.488881 394.488881
5658 0.008881 0.008881 394.488881 394.488881
5912 0.005168 0.005168 394.485168 394.485168
6092 0.003724 0.003724 394.483724 394.483724
6333 0.002753 0.002753 394.482753 394.482753
7002 0.002753 0.002753 394.482753 394.482753
7003 0.002753 0.002753 394.482753 394.482753
7008 0.002752 0.002752 394.482752 394.482752
7254 0.002099 0.002099 394.482099 394.482099
7255 0.001316 0.001316 394.481316 394.481316
7264 0.000799 0.000799 394.480799 394.480799
7676 0.000328 0.000328 394.480328 394.480328
7682 0.000302 0.000302 394.480302 394.480302
7685 0.000239 0.000239 394.480239 394.480239
7738 0.000186 0.000186 394.480186 394.480186
8382 0.000186 0.000186 394.480186 394.480186
8387 0.000186 0.000186 394.480186 394.480186
8601 0.000069 0.000069 394.480069 394.480069
8614 0.000063 0.000063 394.480063 394.480063
8856 0.000029 0.000029 394.480029 394.480029
9602 0.000029 0.000029 394.480029 394.480029
9603 0.000029 0.000029 394.480029 394.480029
9607 0.000029 0.000029 394.480029 394.480029
10146 0.000001 0.000001 394.480001 394.480001
10911 0.000001 0.000001 394.480001 394.480001
10914 0.000001 0.000001 394.480001 394.480001
11488 0.000000 0.000000 394.480000 394.480000
11495 0.000000 0.000000 394.480000 394.480000
12262 0.000000 0.000000 394.480000 394.480000
12263 0.000000 0.000000 394.480000 394.480000
12265 0.000000 0.000000 394.480000 394.480000
12838 0.000000 0.000000 394.480000 394.480000
12840 0.000000 0.000000 394.480000 394.480000
12848 0.000000 0.000000 394.480000 394.480000
13612 0.000000 0.000000 394.480000 394.480000
13614 0.000000 0.000000 394.480000 394.480000
13615 0.000000 0.000000 394.480000 394.480000
13617 0.000000 0.000000 394.480000 394.480000
14188 0.000000 0.000000 394.480000 394.480000
14190 0.000000 0.000000 394.480000 394.480000
14193 0.000000 0.000000 394.480000 394.480000
14830 0.000000 0.000000 394.480000 394.480000
15331 0.000000 0.000000 394.480000 394.480000
15335 0.000000 0.000000 394.480000 394.480000
15338 0.000000 0.000000 394.480000 394.480000
15606 0.000000 0.000000 394.480000 394.480000
15608 0.000000 0.000000 394.480000 394.480000
15618 0.000000 0.000000 394.480000 394.480000
15619 0.000000 0.000000 394.480000 394.480000
16351 0.000000 0.000000 394.480000 394.480000
16355 0.000000 0.000000 394.480000 394.480000
16959 0.000000 0.000000 394.480000 394.480000
16962 0.000000 0.000000 394.480000 394.480000
16963 0.000000 0.000000 394.480000 394.480000
16966 0.000000 0.000000 394.480000 394.480000
17701 0.000000 0.000000 394.480000 394.480000
17703 0.000000 0.000000 394.480000 394.480000
18313 0.000000 0.000000 394.480000 394.480000
18319 0.000000 0.000000 394.480000 394.480000
18476 0.000000 0.000000 394.480000 394.480000
19051 0.000000 0.000000 394.480000 394.480000
19658 0.000000 0.000000 394.480000 394.480000
19665 0.000000 0.000000 394.480000 394.480000
21006 0.000000 0.000000 394.480000 394.480000
21008 0.000000 0.000000 394.480000 394.480000
135000 0.000000 0.000000 0.000000 394.480000
"function evaluation" "current f(x)" "best-so-far f(x)" "current af(x)+b"  "best af(x)+b"
1 64.047138 64.047138 458.527138 458.527138
5 64.047132 64.047132 458.527132 458.527132
81 43.406627 43.406627 437.886627 437.886627
161 15.949864 15.949864 410.429864 410.429864
162 15.949851 15.949851 410.429851 410.429851
163 15.949834 15.949834 410.429834 410.429834
165 15.949830 15.949830 410.429830 410.429830
773 10.154941 10.154941 404.634941 404.634941
776 9.182690 9.182690 403.662690 403.662690
780 7.565499 7.565499 402.045499 402.045499
1511 7.565499 7.565499 402.045499 402.045499
1513 7.565483 7.565483 402.045483 402.045483
1515 7.565479 7.565479 402.045479 402.045479
2130 6.753879 6.753879 401.233879 401.233879
2633 3.737366 3.737366 398.217366 398.217366
2636 3.228207 3.228207 397.708207 397.708207
3161 3.228198 3.228198 397.708198 397.708198
3168 3.228194 3.228194 397.708194 397.708194
3337 1.648625 1.648625 396.128625 396.128625
3340 1.600940 1.600940 396.080940 396.080940
3343 1.189524 1.189524 395.669524 395.669524
3345 0.827546 0.827546 395.307546 395.307546
3779 0.015551 0.015551 394.495551 394.495551
4391 0.015550 0.015550 394.495550 394.495550
4397 0.015550 0.015550 394.495550 394.495550
5129 0.002899 0.002899 394.482899 394.482899
5134 0.000214 0.000214 394.480214 394.480214
5742 0.000214 0.000214 394.480214 394.480214
5743 0.000214 0.000214 394.480214 394.480214
6481 0.000151 0.000151 394.480151 394.480151
6482 0.000120 0.000120 394.480120 394.480120
6484 0.000109 0.000109 394.480109 394.480109
6491 0.000090 0.000090 394.480090 394.480090
7091 0.000090 0.000090 394.480090 394.480090
7095 0.000090 0.000090 394.480090 394.480090
7098 0.000090 0.000090 394.480090 394.480090
7829 0.000077 0.000077 394.480077 394.480077
7835 0.000074 0.000074 394.480074 394.480074
8035 0.000070 0.000070 394.480070 394.480070
8562 0.000070 0.000070 394.480070 394.480070
8563 0.000070 0.000070 394.480070 394.480070
8567 0.000070 0.000070 394.480070 394.480070
9179 0.000062 0.000062 394.480062 394.480062
9184 0.000061 0.000061 394.480061 394.480061
9383 0.000036 0.000036 394.480036 394.480036
9385 0.000014 0.000014 394.480014 394.480014
9911 0.000014 0.000014 394.480014 394.480014
9913 0.000014 0.000014 394.480014 394.480014
9916 0.000014 0.000014 394.480014 394.480014
9919 0.000014 0.000014 394.480014 394.480014
10049 0.000004 0.000004 394.480004 394.480004
10852 0.000004 0.000004 394.480004 394.480004
10855 0.000004 0.000004 394.480004 394.480004
11388 0.000003 0.000003 394.480003 394.480003
11392 0.000003 0.000003 394.480003 394.480003
11393 0.000003 0.000003 394.480003 394.480003
11437 0.000003 0.000003 394.480003 394.480003
11660 0.000001 0.000001 394.480001 394.480001
12091 0.000000 0.000000 394.480000 394.480000
12611 0.000000 0.000000 394.480000 394.480000
12614 0.000000 0.000000 394.480000 394.480000
13008 0.000000 0.000000 394.480000 394.480000
13019 0.000000 0.000000 394.480000 394.480000
13711 0.000000 0.000000 394.480000 394.480000
13720 0.000000 0.000000 394.480000 394.480000
14091 0.000000 0.000000 394.480000 394.480000
14095 0.000000 0.000000 394.480000 394.480000
14149 0.000000 0.000000 394.480000 394.480000
14579 0.000000 0.000000 394.480000 394.480000
14581 0.000000 0.000000 394.480000 394.480000
14786 0.000000 0.000000 394.480000 394.480000
14796 0.000000 0.000000 394.480000 394.480000
15311 0.000000 0.000000 394.480000 394.480000
15317 0.000000 0.000000 394.480000 394.480000
15320 0.000000 0.000000 394.480000 394.480000
15455 0.000000 0.000000 394.480000 394.480000
15458 0.000000 0.000000 394.480000 394.480000
15917 0.000000 0.000000 394.480000 394.480000
15931 0.000000 0.000000 394.480000 394.480000
15932 0.000000 0.000000 394.480000 394.480000
15937 0.000000 0.000000 394.480000 394.480000
15939 0.000000 0.000000 394.480000 394.480000
16545 0.000000 0.000000 394.480000 394.480000
17264 0.000000 0.000000 394.480000 394.480000
17287 0.000000 0.000000 394.480000 394.480000
18629 0.000000 0.000000 394.480000 394.480000
18632 0.000000 0.000000 394.480000 394.480000
19981 0.000000 0.000000 394.480000 394.480000
135000 0.000000 0.000000 0.000000 394.480000
"function evaluation" "current f(x)" "best-so-far f(x)" "current af(x)+b"  "best af(x)+b"
1 58.589014 58.589014 -188.520986 -188.520986
7 58.588977 58.588977 -188.521023 -188.521023
51 33.315181 33.315181 -213.794819 -213.794819
53 33.315158 33.315158 -213.794842 -213.794842
211 13.609047 13.609047 -233.500953 -233.500953
212 13.609025 13.609025 -233.500975 -233.500975
213 13.609019 13.609019 -233.500981 -233.500981
219 13.609007 13.609007 -233.500993 -233.500993
858 11.331803 11.331803 -235.778197 -235.778197
860 9.670719 9.670719 -237.439281 -237.439281
862 9.033736 9.033736 -238.076264 -238.076264
863 8.512684 8.512684 -238.597316 -238.597316
865 7.247340 7.247340 -239.862660 -239.862660
867 7.095346 7.095346 -240.014654 -240.014654
1562 7.095340 7.095340 -240.014660 -240.014660
1563 7.095335 7.095335 -240.014665 -240.014665
1569 7.095323 7.095323 -240.014677 -240.014677
2208 5.880958 5.880958 -241.229042 -241.229042
2211 4.631150 4.631150 -242.478850 -242.478850
2214 4.368361 4.368361 -242.741639 -242.741639
2912 4.368355 4.368355 -242.741645 -242.741645
2919 4.368341 4.368341 -242.741659 -242.741659
3203 2.822655 2.822655 -244.287345 -244.287345
3210 1.683151 1.683151 -245.426849 -245.426849
3291 1.614331 1.614331 -245.495669 -245.495669
3292 0.751493 0.751493 -246.358507 -246.358507
3362 0.454538 0.454538 -246.655462 -246.655462
4142 0.454535 0.454535 -246.655465 -246.655465
4144 0.454532 0.454532 -246.655468 -246.655468
4638 0.364988 0.364988 -246.745012 -246.745012
4639 0.009954 0.009954 -247.100046 -247.100046
5451 0.009954 0.009954 -247.100046 -247.100046
5453 0.009953 0.009953 -247.100047 -247.100047
5988 0.007570 0.007570 -247.102430 -247.102430
5992 0.006779 0.006779 -247.103221 -247.103221
5994 0.005903 0.005903 -247.104097 -247.104097
5999 0.002261 0.002261 -247.107739 -247.107739
6704 0.000939 0.000939 -247.109061 -247.109061
7222 0.000938 0.000938 -247.109062 -247.109062
7223 0.000938 0.000938 -247.109062 -247.109062
7230 0.000938 0.000938 -247.109062 -247.109062
7336 0.000198 0.000198 -247.109802 -247.109802
7345 0.000128 0.000128 -247.109872 -247.109872
7347 0.000105 0.000105 -247.109895 -247.109895
8152 0.000105 0.000105 -247.109895 -247.109895
8154 0.000105 0.000105 -247.109895 -247.109895
8156 0.000105 0.000105 -247.109895 -247.109895
8159 0.000105 0.000105 -247.109895 -247.109895
8689 0.000092 0.000092 -247.109908 -247.109908
8699 0.000090 0.000090 -247.109910 -247.109910
9404 0.000044 0.000044 -247.109956 -247.109956
9408 0.000022 0.000022 -247.109978 -247.109978
9413 0.000019 0.000019 -247.109981 -247.109981
9921 0.000019 0.000019 -247.109981 -247.109981
9924 0.000019 0.000019 -247.109981 -247.109981
9955 0.000005 0.000005 -247.109995 -247.109995
10801 0.000005 0.000005 -247.109995 -247.109995
10806 0.000005 0.000005 -247.109995 -247.109995
10808 0.000005 0.000005 -247.109995 -247.109995
11301 0.000000 0.000000 -247.110000 -247.110000
11309 0.000000 0.000000 -247.110000 -247.110000
12151 0.000000 0.000000 -247.110000 -247.110000
12156 0.000000 0.000000 -247.110000 -247.110000
12159 0.000000 0.000000 -247.110000 -247.110000
12651 0.000000 0.000000 -247.110000 -247.110000
12653 0.000000 0.000000 -247.110000 -247.110000
13450 0.000000 0.000000 -247.110000 -247.110000
13463 0.000000 0.000000 -247.110000 -247.110000
13972 0.000000 0.000000 -247.110000 -247.110000
13973 0.000000 0.000000 -247.110000 -247.110000
14005 0.000000 0.000000 -247.110000 -247.110000
14006 0.000000 0.000000 -247.110000 -247.110000
14224 0.000000 0.000000 -247.110000 -247.110000
14234 0.000000 0.000000 -247.110000 -247.110000
14981 0.000000 0.000000 -247.110000 -247.110000
14985 0.000000 0.000000 -247.110000 -247.110000
14988 0.000000 0.000000 -247.110000 -247.110000
15362 0.000000 0.000000 -247.110000 -247.110000
15364 0.000000 0.000000 -247.110000 -247.110000
15517 0.000000 0.000000 -247.110000 -247.110000
16291 0.000000 0.000000 -247.110000 -247.110000
16296 0.000000 0.000000 -247.110000 -247.110000
16297 0.000000 0.000000 -247.110000 -247.110000
16854 0.000000 0.000000 -247.110000 -247.110000
16856 0.000000 0.000000 -247.110000 -247.110000
16857 0.000000 0.000000 -247.110000 -247.110000
16858 0.000000 0.000000 -247.110000 -247.110000
16866 0.000000 0.000000 -247.110000 -247.110000
16925 0.000000 0.000000 -247.110000 -247.110000
17688 0.000000 0.000000 -247.110000 -247.110000
18206 0.000000 0.000000 -247.110000 -247.110000
18283 0.000000 0.000000 -247.110000 -247.110000
19554 0.000000 0.000000 -247.110000 -247.110000
19559 0.000000 0.000000 -247.110000 -247.110000
19622 0.000000 0.000000 -247.110000 -247.110000
20975 0.000000 0.000000 -247.110000 -247.110000
135000 0.000000 0.000000 0.000000 -247.110000
"function evaluation" "current f(x)" "best-so-far f(x)" "current af(x)+b"  "best af(x)+b"
1 126.727351 126.727351 -120.382649 -120.382649
7 126.727338 126.727338 -120.382662 -120.382662
11 78.357066 78.357066 -168.752934 -168.752934
21 21.356189 21.356189 -225.753811 -225.753811
24 21.356178 21.356178 -225.753822 -225.753822
121 6.049432 6.049432 -241.060568 -241.060568
122 6.049430 6.049430 -241.060570 -241.060570
124 6.049417 6.049417 -241.060583 -241.060583
126 6.049413 6.049413 -241.060587 -241.060587
705 4.514523 4.514523 -242.595477 -242.595477
707 2.318636 2.318636 -244.791364 -244.791364
709 1.594403 1.594403 -245.515597 -245.515597
1472 1.594402 1.594402 -245.515598 -245.515598
1474 1.594396 1.594396 -245.515604 -245.515604
1476 1.594393 1.594393 -245.515607 -245.515607
2057 0.805916 0.805916 -246.304084 -246.304084
2061 0.571837 0.571837 -246.538163 -246.538163
2067 0.301230 0.301230 -246.808770 -246.808770
2821 0.301229 0.301229 -246.808771 -246.808771
2823 0.301227 0.301227 -246.808773 -246.808773
2826 0.301226 0.301226 -246.808774 -246.808774
3405 0.189675 0.189675 -246.920325 -246.920325
3408 0.121916 0.121916 -246.988084 -246.988084
3855 0.056926 0.056926 -247.053074 -247.053074
4432 0.056926 0.056926 -247.053074 -247.053074
4433 0.056925 0.056925 -247.053075 -247.053075
4437 0.056924 0.056924 -247.053076 -247.053076
4597 0.047686 0.047686 -247.062314 -247.062314
4961 0.028365 0.028365 -247.081635 -247.081635
5204 0.016233 0.016233 -247.093767 -247.093767
5240 0.011512 0.011512 -247.098488 -247.098488
5241 0.011432 0.011432 -247.098568 -247.098568
5801 0.011432 0.011432 -247.098568 -247.098568
5803 0.011431 0.011431 -247.098569 -247.098569
5806 0.011431 0.011431 -247.098569 -247.098569
5977 0.005692 0.005692 -247.104308 -247.104308
6096 0.004611 0.004611 -247.105389 -247.105389
6550 0.002735 0.002735 -247.107265 -247.107265
6555 0.001029 0.001029 -247.108971 -247.108971
7132 0.001029 0.001029 -247.108971 -247.108971
7133 0.001029 0.001029 -247.108971 -247.108971
7136 0.001029 0.001029 -247.108971 -247.108971
7329 0.000662 0.000662 -247.109338 -247.109338
7332 0.000474 0.000474 -247.109526 -247.109526
7438 0.000322 0.000322 -247.109678 -247.109678
7450 0.000127 0.000127 -247.109873 -247.109873
7905 0.000091 0.000091 -247.109909 -247.109909
7906 0.000066 0.000066 -247.109934 -247.109934
8481 0.000066 0.000066 -247.109934 -247.109934
8483 0.000066 0.000066 -247.109934 -247.109934
8486 0.000066 0.000066 -247.109934 -247.109934
8669 0.000008 0.000008 -247.109992 -247.109992
8801 0.000006 0.000006 -247.109994 -247.109994
9562 0.000006 0.000006 -247.109994 -247.109994
9563 0.000006 0.000006 -247.109994 -247.109994
9566 0.000006 0.000006 -247.109994 -247.109994
10019 0.000005 0.000005 -247.109995 -247.109995
10138 0.000002 0.000002 -247.109998 -247.109998
10140 0.000001 0.000001 -247.109999 -247.109999
10142 0.000001 0.000001 -247.109999 -247.109999
10149 0.000001 0.000001 -247.109999 -247.109999
10912 0.000001 0.000001 -247.109999 -247.109999
10914 0.000001 0.000001 -247.109999 -247.109999
11488 0.000001 0.000001 -247.109999 -247.109999
11490 0.000000 0.000000 -247.110000 -247.110000
11495 0.000000 0.000000 -247.110000 -247.110000
11501 0.000000 0.000000 -247.110000 -247.110000
12262 0.000000 0.000000 -247.110000 -247.110000
12264 0.000000 0.000000 -247.110000 -247.110000
12265 0.000000 0.000000 -247.110000 -247.110000
12838 0.000000 0.000000 -247.110000 -247.110000
12841 0.000000 0.000000 -247.110000 -247.110000
13613 0.000000 0.000000 -247.110000 -247.110000
13615 0.000000 0.000000 -247.110000 -247.110000
13618 0.000000 0.000000 -247.110000 -247.110000
14188 0.000000 0.000000 -247.110000 -247.110000
14190 0.000000 0.000000 -247.110000 -247.110000
14193 0.000000 0.000000 -247.110000 -247.110000
14963 0.000000 0.000000 -247.110000 -247.110000
14966 0.000000 0.000000 -247.110000 -247.110000
14968 0.000000 0.000000 -247.110000 -247.110000
15540 0.000000 0.000000 -247.110000 -247.110000
15542 0.000000 0.000000 -247.110000 -247.110000
15544 0.000000 0.000000 -247.110000 -247.110000
15548 0.000000 0.000000 -247.110000 -247.110000
15551 0.000000 0.000000 -247.110000 -247.110000
16002 0.000000 0.000000 -247.110000 -247.110000
16005 0.000000 0.000000 -247.110000 -247.110000
16316 0.000000 0.000000 -247.110000 -247.110000
16890 0.000000 0.000000 -247.110000 -247.110000
18238 0.000000 0.000000 -247.110000 -247.110000
18241 0.000000 0.000000 -247.110000 -247.110000
18245 0.000000 0.000000 -247.110000 -247.110000
19590 0.000000 0.000000 -247.110000 -247.110000
19591 0.000000 0.000000 -247.110000 -247.110000
19601 0.000000 0.000000 -247.110000 -247.110000
21322 0.000000 0.000000 -247.110000 -247.110000
21325 0.000000 0.000000 -247.110000 -247.110000
22288 0.000000 0.000000 -247.110000 -247.110000
23641 0.000000 0.000000 -247.110000 -247.110000
135000 0.000000 0.000000 0.000000 -247.110000
"function evaluation" "current f(x)" "best-so-far f(x)" "current af(x)+b"  "best af(x)+b"
1 32.854229 32.854229 -214.255771 -214.255771
61 28.624614 28.624614 -218.485386 -218.485386
63 28.624583 28.624583 -218.485417 -218.485417
66 28.624573 28.624573 -218.485427 -218.485427
101 28.429724 28.429724 -218.680276 -218.680276
102 28.429722 28.429722 -218.680278 -218.680278
103 28.429679 28.429679 -218.680321 -218.680321
391 19.869926 19.869926 -227.240074 -227.240074
606 19.644197 19.644197 -227.465803 -227.465803
611 19.342850 19.342850 -227.767150 -227.767150
615 19.191598 19.191598 -227.918402 -227.918402
1164 17.629417 17.629417 -229.480583 -229.480583
1166 17.099562 17.099562 -230.010438 -230.010438
1167 17.072979 17.072979 -230.037021 -230.037021
1170 16.258783 16.258783 -230.851217 -230.851217
1171 14.333222 14.333222 -232.776778 -232.776778
1176 12.273248 12.273248 -234.836752 -234.836752
1741 12.273214 12.273214 -234.836786 -234.836786
2267 11.091295 11.091295 -236.018705 -236.018705
2625 9.231575 9.231575 -237.878425 -237.878425
3151 9.231555 9.231555 -237.878445 -237.878445
3201 3.029290 3.029290 -244.080710 -244.080710
3206 2.269103 2.269103 -244.840897 -244.840897
3208 0.757403 0.757403 -246.352597 -246.352597
3314 0.242421 0.242421 -246.867579 -246.867579
3874 0.170826 0.170826 -246.939174 -246.939174
4442 0.170825 0.170825 -246.939175 -246.939175
4447 0.170822 0.170822 -246.939178 -246.939178
4655 0.164478 0.164478 -246.945522 -246.945522
4660 0.155049 0.155049 -246.954951 -246.954951
4664 0.152723 0.152723 -246.957277 -246.957277
4680 0.125935 0.125935 -246.984065 -246.984065
4961 0.105181 0.105181 -247.004819 -247.004819
4962 0.063770 0.063770 -247.046230 -247.046230
4963 0.039160 0.039160 -247.070840 -247.070840
5329 0.033609 0.033609 -247.076391 -247.076391
5851 0.033608 0.033608 -247.076392 -247.076392
6024 0.033578 0.033578 -247.076422 -247.076422
6311 0.029044 0.029044 -247.080956 -247.080956
6314 0.026518 0.026518 -247.083482 -247.083482
6437 0.015526 0.015526 -247.094474 -247.094474
6668 0.009795 0.009795 -247.100205 -247.100205
6669 0.003248 0.003248 -247.106752 -247.106752
6734 0.002248 0.002248 -247.107752 -247.107752
7241 0.002248 0.002248 -247.107752 -247.107752
7831 0.001929 0.001929 -247.108071 -247.108071
8016 0.000266 0.000266 -247.109734 -247.109734
8552 0.000266 0.000266 -247.109734 -247.109734
8614 0.000228 0.000228 -247.109772 -247.109772
9366 0.000208 0.000208 -247.109792 -247.109792
9368 0.000143 0.000143 -247.109857 -247.109857
9902 0.000143 0.000143 -247.109857 -247.109857
9904 0.000143 0.000143 -247.109857 -247.109857
9906 0.000143 0.000143 -247.109857 -247.109857
9953 0.000094 0.000094 -247.109906 -247.109906
9955 0.000079 0.000079 -247.109921 -247.109921
9959 0.000076 0.000076 -247.109924 -247.109924
9990 0.000035 0.000035 -247.109965 -247.109965
10725 0.000020 0.000020 -247.109980 -247.109980
11251 0.000020 0.000020 -247.109980 -247.109980
11253 0.000020 0.000020 -247.109980 -247.109980
11256 0.000020 0.000020 -247.109980 -247.109980
11303 0.000009 0.000009 -247.109991 -247.109991
11307 0.000008 0.000008 -247.109992 -247.109992
11342 0.000007 0.000007 -247.109993 -247.109993
11344 0.000006 0.000006 -247.109994 -247.109994
11348 0.000005 0.000005 -247.109995 -247.109995
12068 0.000002 0.000002 -247.109998 -247.109998
12072 0.000001 0.000001 -247.109999 -247.109999
12601 0.000001 0.000001 -247.109999 -247.109999
12603 0.000001 0.000001 -247.109999 -247.109999
12608 0.000001 0.000001 -247.109999 -247.109999
13208 0.000001 0.000001 -247.109999 -247.109999
13234 0.000000 0.000000 -247.110000 -247.110000
13841 0.000000 0.000000 -247.110000 -247.110000
13848 0.000000 0.000000 -247.110000 -247.110000
14551 0.000000 0.000000 -247.110000 -247.110000
14553 0.000000 0.000000 -247.110000 -247.110000
14582 0.000000 0.000000 -247.110000 -247.110000
14587 0.000000 0.000000 -247.110000 -247.110000
15192 0.000000 0.000000 -247.110000 -247.110000
15194 0.000000 0.000000 -247.110000 -247.110000
15198 0.000000 0.000000 -247.110000 -247.110000
15200 0.000000 0.000000 -247.110000 -247.110000
15929 0.000000 0.000000 -247.110000 -247.110000
15933 0.000000 0.000000 -247.110000 -247.110000
16542 0.000000 0.000000 -247.110000 -247.110000
16544 0.000000 0.000000 -247.110000 -247.110000
16547 0.000000 0.000000 -247.110000 -247.110000
16550 0.000000 0.000000 -247.110000 -247.110000
16704 0.000000 0.000000 -247.110000 -247.110000
16714 0.000000 0.000000 -247.110000 -247.110000
17287 0.000000 0.000000 -247.110000 -247.110000
17290 0.000000 0.000000 -247.110000 -247.110000
17897 0.000000 0.000000 -247.110000 -247.110000
17900 0.000000 0.000000 -247.110000 -247.110000
18019 0.000000 0.000000 -247.110000 -247.110000
18051 0.000000 0.000000 -247.110000 -247.110000
18057 0.000000 0.000000 -247.110000 -247.110000
18902 0.000000 0.000000 -247.110000 -247.110000
19403 0.000000 0.000000 -247.110000 -247.110000
19405 0.000000 0.000000 -247.110000 -247.110000
19406 0.000000 0.000000 -247.110000 -247.110000
19409 0.000000 0.000000 -247.110000 -247.110000
20751 0.000000 0.000000 -247.110000 -247.110000
20753 0.000000 0.000000 -247.110000 -247.110000
21631 0.000000 0.000000 -247.110000 -247.110000
21950 0.000000 0.000000 -247.110000 -247.110000
22394 0.000000 0.000000 -247.110000 -247.110000
22686 0.000000 0.000000 -247.110000 -247.110000
22868 0.000000 0.000000 -247.110000 -247.110000
23456 0.000000 0.000000 -247.110000 -247.110000
23458 0.000000 0.000000 -247.110000 -247.110000
23511 0.000000 0.000000 -247.110000 -247.110000
25339 0.000000 0.000000 -247.110000 -247.110000
135000 0.000000 0.000000 0.000000 -247.110000
"function evaluation" "current f(x)" "best-so-far f(x)" "current af(x)+b"  "best af(x)+b"
1 164.798338 164.798338 12.758338 12.758338
4 164.798326 164.798326 12.758326 12.758326
8 164.798325 164.798325 12.758325 12.758325
10 164.798324 164.798324 12.758324 12.758324
11 62.477284 62.477284 -89.562716 -89.562716
12 62.477202 62.477202 -89.562798 -89.562798
20 62.477188 62.477188 -89.562812 -89.562812
41 44.310959 44.310959 -107.729041 -107.729041
42 44.310931 44.310931 -107.729069 -107.729069
43 44.310917 44.310917 -107.729083 -107.729083
48 44.310889 44.310889 -107.729111 -107.729111
181 23.217539 23.217539 -128.822461 -128.822461
184 23.217518 23.217518 -128.822482 -128.822482
807 16.702592 16.702592 -135.337408 -135.337408
809 13.715754 13.715754 -138.324246 -138.324246
1531 13.715749 13.715749 -138.324251 -138.324251
1534 13.715726 13.715726 -138.324274 -138.324274
1919 11.962188 11.962188 -140.077812 -140.077812
2157 3.586912 3.586912 -148.453088 -148.453088
2159 3.568241 3.568241 -148.471759 -148.471759
2160 1.424578 1.424578 -150.615422 -150.615422
2881 1.424575 1.424575 -150.615425 -150.615425
2890 1.424567 1.424567 -150.615433 -150.615433
3245 0.449597 0.449597 -151.590403 -151.590403
3257 0.284657 0.284657 -151.755343 -151.755343
3857 0.184906 0.184906 -151.855094 -151.855094
4431 0.184905 0.184905 -151.855095 -151.855095
4434 0.184905 0.184905 -151.855095 -151.855095
4435 0.184903 0.184903 -151.855097 -151.855097
4439 0.184903 0.184903 -151.855097 -151.855097
4604 0.071886 0.071886 -151.968114 -151.968114
4615 0.068048 0.068048 -151.971952 -151.971952
4728 0.042627 0.042627 -151.997373 -151.997373
5203 0.029944 0.029944 -152.010056 -152.010056
5388 0.027781 0.027781 -152.012219 -152.012219
5892 0.027781 0.027781 -152.012219 -152.012219
5898 0.027780 0.027780 -152.012220 -152.012220
5899 0.027780 0.027780 -152.012220 -152.012220
5928 0.023823 0.023823 -152.016177 -152.016177
5972 0.020084 0.020084 -152.019916 -152.019916
5976 0.014919 0.014919 -152.025081 -152.025081
6073 0.009970 0.009970 -152.030030 -152.030030
6207 0.002667 0.002667 -152.037333 -152.037333
6220 0.001353 0.001353 -152.038647 -152.038647
6550 0.000816 0.000816 -152.039184 -152.039184
6560 0.000812 0.000812 -152.039188 -152.039188
7132 0.000812 0.000812 -152.039188 -152.039188
7134 0.000811 0.000811 -152.039189 -152.039189
7557 0.000661 0.000661 -152.039339 -152.039339
7559 0.000601 0.000601 -152.039399 -152.039399
7561 0.000444 0.000444 -152.039556 -152.039556
7562 0.000105 0.000105 -152.039895 -152.039895
7570 0.000004 0.000004 -152.039996 -152.039996
8281 0.000004 0.000004 -152.039996 -152.039996
8287 0.000004 0.000004 -152.039996 -152.039996
8290 0.000004 0.000004 -152.039996 -152.039996
8907 0.000000 0.000000 -152.040000 -152.040000
9632 0.000000 0.000000 -152.040000 -152.040000
10257 0.000000 0.000000 -152.040000 -152.040000
10262 0.000000 0.000000 -152.040000 -152.040000
10270 0.000000 0.000000 -152.040000 -152.040000
10982 0.000000 0.000000 -152.040000 -152.040000
10988 0.000000 0.000000 -152.040000 -152.040000
11609 0.000000 0.000000 -152.040000 -152.040000
12332 0.000000 0.000000 -152.040000 -152.040000
12334 0.000000 0.000000 -152.040000 -152.040000
12335 0.000000 0.000000 -152.040000 -152.040000
12957 0.000000 0.000000 -152.040000 -152.040000
12967 0.000000 0.000000 -152.040000 -152.040000
14307 0.000000 0.000000 -152.040000 -152.040000
14309 0.000000 0.000000 -152.040000 -152.040000
14313 0.000000 0.000000 -152.040000 -152.040000
14320 0.000000 0.000000 -152.040000 -152.040000
15657 0.000000 0.000000 -152.040000 -152.040000
15661 0.000000 0.000000 -152.040000 -152.040000
15670 0.000000 0.000000 -152.040000 -152.040000
17011 0.000000 0.000000 -152.040000 -152.040000
20243 0.000000 0.000000 -152.040000 -152.040000
21057 0.000000 0.000000 -152.040000 -152.040000
21063 0.000000 0.000000 -152.040000 -152.040000
135000 0.000000 0.000000 0.000000 -152.040000
"function evaluation" "current f(x)" "best-so-far f(x)" "current af(x)+b"  "best af(x)+b"
1 133.098729 133.098729 -18.941271 -18.941271
4 133.098681 133.098681 -18.941319 -18.941319
5 133.098676 133.098676 -18.941324 -18.941324
21 90.606325 90.606325 -61.433675 -61.433675
22 90.606250 90.606250 -61.433750 -61.433750
30 90.606214 90.606214 -61.433786 -61.433786
41 21.718086 21.718086 -130.321914 -130.321914
42 21.718072 21.718072 -130.321928 -130.321928
43 21.718060 21.718060 -130.321940 -130.321940
45 21.718047 21.718047 -130.321953 -130.321953
111 8.308138 8.308138 -143.731862 -143.731862
113 8.308135 8.308135 -143.731865 -143.731865
118 8.308113 8.308113 -143.731887 -143.731887
688 7.043275 7.043275 -144.996725 -144.996725
692 6.848347 6.848347 -145.191653 -145.191653
698 6.838300 6.838300 -145.201700 -145.201700
1118 5.920931 5.920931 -146.119069 -146.119069
1121 5.001874 5.001874 -147.038126 -147.038126
1711 5.001864 5.001864 -147.038136 -147.038136
1715 5.001859 5.001859 -147.038141 -147.038141
2038 3.059496 3.059496 -148.980504 -148.980504
2040 2.993530 2.993530 -149.046470 -149.046470
2044 2.908289 2.908289 -149.131711 -149.131711
2353 2.211449 2.211449 -149.828551 -149.828551
2469 2.077113 2.077113 -149.962887 -149.962887
3061 2.077102 2.077102 -149.962898 -149.962898
3256 1.360296 1.360296 -150.679704 -150.679704
3324 0.966436 0.966436 -151.073564 -151.073564
3326 0.383207 0.383207 -151.656793 -151.656793
3395 0.281380 0.281380 -151.758620 -151.758620
3396 0.177586 0.177586 -151.862414 -151.862414
3612 0.033566 0.033566 -152.006434 -152.006434
4291 0.033565 0.033565 -152.006435 -152.006435
4299 0.033564 0.033564 -152.006436 -152.006436
4677 0.004124 0.004124 -152.035876 -152.035876
4964 0.003046 0.003046 -152.036954 -152.036954
4969 0.001363 0.001363 -152.038637 -152.038637
5641 0.001363 0.001363 -152.038637 -152.038637
6020 0.001260 0.001260 -152.038740 -152.038740
6026 0.000675 0.000675 -152.039325 -152.039325
6309 0.000397 0.000397 -152.039603 -152.039603
6313 0.000159 0.000159 -152.039841 -152.039841
6315 0.000082 0.000082 -152.039918 -152.039918
6992 0.000082 0.000082 -152.039918 -152.039918
6993 0.000082 0.000082 -152.039918 -152.039918
6998 0.000082 0.000082 -152.039918 -152.039918
7383 0.000022 0.000022 -152.039978 -152.039978
8171 0.000022 0.000022 -152.039978 -152.039978
8174 0.000022 0.000022 -152.039978 -152.039978
9012 0.000020 0.000020 -152.039980 -152.039980
9225 0.000016 0.000016 -152.039984 -152.039984
9812 0.000016 0.000016 -152.039984 -152.039984
9817 0.000016 0.000016 -152.039984 -152.039984
10162 0.000012 0.000012 -152.039988 -152.039988
10410 0.000009 0.000009 -152.039991 -152.039991
10412 0.000005 0.000005 -152.039995 -152.039995
10415 0.000005 0.000005 -152.039995 -152.039995
10423 0.000004 0.000004 -152.039996 -152.039996
11071 0.000004 0.000004 -152.039996 -152.039996
11074 0.000004 0.000004 -152.039996 -152.039996
11508 0.000001 0.000001 -152.039999 -152.039999
11514 0.000001 0.000001 -152.039999 -152.039999
11769 0.000000 0.000000 -152.040000 -152.040000
11773 0.000000 0.000000 -152.040000 -152.040000
11922 0.000000 0.000000 -152.040000 -152.040000
11923 0.000000 0.000000 -152.040000 -152.040000
12512 0.000000 0.000000 -152.040000 -152.040000
12514 0.000000 0.000000 -152.040000 -152.040000
12518 0.000000 0.000000 -152.040000 -152.040000
12858 0.000000 0.000000 -152.040000 -152.040000
13263 0.000000 0.000000 -152.040000 -152.040000
13265 0.000000 0.000000 -152.040000 -152.040000
13268 0.000000 0.000000 -152.040000 -152.040000
13273 0.000000 0.000000 -152.040000 -152.040000
13861 0.000000 0.000000 -152.040000 -152.040000
13864 0.000000 0.000000 -152.040000 -152.040000
14416 0.000000 0.000000 -152.040000 -152.040000
15092 0.000000 0.000000 -152.040000 -152.040000
15100 0.000000 0.000000 -152.040000 -152.040000
15761 0.000000 0.000000 -152.040000 -152.040000
15967 0.000000 0.000000 -152.040000 -152.040000
16444 0.000000 0.000000 -152.040000 -152.040000
16450 0.000000 0.000000 -152.040000 -152.040000
16564 0.000000 0.000000 -152.040000 -152.040000
17111 0.000000 0.000000 -152.040000 -152.040000
17794 0.000000 0.000000 -152.040000 -152.040000
17920 0.000000 0.000000 -152.040000 -152.040000
18463 0.000000 0.000000 -152.040000 -152.040000
19021 0.000000 0.000000 -152.040000 -152.040000
19809 0.000000 0.000000 -152.040000 -152.040000
19822 0.000000 0.000000 -152.040000 -152.040000
20963 0.000000 0.000000 -152.040000 -152.040000
22509 0.000000 0.000000 -152.040000 -152.040000
22512 0.000000 0.000000 -152.040000 -152.040000
23655 0.000000 0.000000 -152.040000 -152.040000
135000 0.000000 0.000000 0.000000 -152.040000
"function evaluation" "current f(x)" "best-so-far f(x)" "current af(x)+b"  "best af(x)+b"
1 69.538339 69.538339 -82.501661 -82.501661
2 69.538266 69.538266 -82.501734 -82.501734
5 69.538244 69.538244 -82.501756 -82.501756
11 40.842031 40.842031 -111.197969 -111.197969
31 10.538012 10.538012 -141.501988 -141.501988
32 10.538001 10.538001 -141.501999 -141.501999
34 10.537998 10.537998 -141.502002 -141.502002
38 10.537993 10.537993 -141.502007 -141.502007
40 10.537979 10.537979 -141.502021 -141.502021
331 2.577932 2.577932 -149.462068 -149.462068
333 2.577929 2.577929 -149.462071 -149.462071
339 2.577918 2.577918 -149.462082 -149.462082
1062 0.973844 0.973844 -151.066156 -151.066156
1064 0.737650 0.737650 -151.302350 -151.302350
1066 0.718023 0.718023 -151.321977 -151.321977
1682 0.718023 0.718023 -151.321977 -151.321977
1683 0.718019 0.718019 -151.321981 -151.321981
1689 0.718015 0.718015 -151.321985 -151.321985
1902 0.560789 0.560789 -151.479211 -151.479211
1904 0.206639 0.206639 -151.833361 -151.833361
1909 0.139896 0.139896 -151.900104 -151.900104
1912 0.087273 0.087273 -151.952727 -151.952727
2731 0.087273 0.087273 -151.952727 -151.952727
2734 0.087272 0.087272 -151.952728 -151.952728
2735 0.087271 0.087271 -151.952729 -151.952729
2737 0.087271 0.087271 -151.952729 -151.952729
3713 0.083038 0.083038 -151.956962 -151.956962
4352 0.083037 0.083037 -151.956963 -151.956963
4354 0.083035 0.083035 -151.956965 -151.956965
4602 0.060639 0.060639 -151.979361 -151.979361
4604 0.053715 0.053715 -151.986285 -151.986285
4607 0.048068 0.048068 -151.991932 -151.991932
4625 0.042884 0.042884 -151.997116 -151.997116
4693 0.041386 0.041386 -151.998614 -151.998614
4758 0.025085 0.025085 -152.014915 -152.014915
5061 0.021936 0.021936 -152.018064 -152.018064
5063 0.009421 0.009421 -152.030579 -152.030579
5701 0.009421 0.009421 -152.030579 -152.030579
5709 0.009421 0.009421 -152.030579 -152.030579
5969 0.004568 0.004568 -152.035432 -152.035432
5976 0.004466 0.004466 -152.035534 -152.035534
6468 0.003973 0.003973 -152.036027 -152.036027
7082 0.003972 0.003972 -152.036028 -152.036028
7322 0.001767 0.001767 -152.038233 -152.038233
7324 0.001308 0.001308 -152.038692 -152.038692
7332 0.000889 0.000889 -152.039111 -152.039111
7455 0.000784 0.000784 -152.039216 -152.039216
7458 0.000385 0.000385 -152.039615 -152.039615
7467 0.000294 0.000294 -152.039706 -152.039706
8221 0.000294 0.000294 -152.039706 -152.039706
8223 0.000294 0.000294 -152.039706 -152.039706
8805 0.000025 0.000025 -152.039975 -152.039975
8813 0.000017 0.000017 -152.039983 -152.039983
9571 0.000017 0.000017 -152.039983 -152.039983
9575 0.000016 0.000016 -152.039984 -152.039984
10060 0.000012 0.000012 -152.039988 -152.039988
10482 0.000007 0.000007 -152.039993 -152.039993
10487 0.000004 0.000004 -152.039996 -152.039996
10488 0.000003 0.000003 -152.039997 -152.039997
10718 0.000002 0.000002 -152.039998 -152.039998
11252 0.000002 0.000002 -152.039998 -152.039998
11256 0.000002 0.000002 -152.039998 -152.039998
11258 0.000002 0.000002 -152.039998 -152.039998
11512 0.000002 0.000002 -152.039998 -152.039998
11831 0.000001 0.000001 -152.039999 -152.039999
11836 0.000001 0.000001 -152.039999 -152.039999
12461 0.000001 0.000001 -152.039999 -152.039999
12708 0.000000 0.000000 -152.040000 -152.040000
12761 0.000000 0.000000 -152.040000 -152.040000
12766 0.000000 0.000000 -152.040000 -152.040000
12863 0.000000 0.000000 -152.040000 -152.040000
13386 0.000000 0.000000 -152.040000 -152.040000
13399 0.000000 0.000000 -152.040000 -152.040000
13412 0.000000 0.000000 -152.040000 -152.040000
13460 0.000000 0.000000 -152.040000 -152.040000
13971 0.000000 0.000000 -152.040000 -152.040000
13977 0.000000 0.000000 -152.040000 -152.040000
14800 0.000000 0.000000 -152.040000 -152.040000
14806 0.000000 0.000000 -152.040000 -152.040000
14812 0.000000 0.000000 -152.040000 -152.040000
15321 0.000000 0.000000 -152.040000 -152.040000
15327 0.000000 0.000000 -152.040000 -152.040000
15483 0.000000 0.000000 -152.040000 -152.040000
15766 0.000000 0.000000 -152.040000 -152.040000
15772 0.000000 0.000000 -152.040000 -152.040000
15886 0.000000 0.000000 -152.040000 -152.040000
16082 0.000000 0.000000 -152.040000 -152.040000
16129 0.000000 0.000000 -152.040000 -152.040000
16157 0.000000 0.000000 -152.040000 -152.040000
16671 0.000000 0.000000 -152.040000 -152.040000
16676 0.000000 0.000000 -152.040000 -152.040000
17676 0.000000 0.000000 -152.040000 -152.040000
17985 0.000000 0.000000 -152.040000 -152.040000
18026 0.000000 0.000000 -152.040000 -152.040000
18786 0.000000 0.000000 -152.040000 -152.040000
18795 0.000000 0.000000 -152.040000 -152.040000
18801 0.000000 0.000000 -152.040000 -152.040000
18853 0.000000 0.000000 -152.040000 -152.040000
19331 0.000000 0.000000 -152.040000 -152.040000
19347 0.000000 0.000000 -152.040000 -152.040000
20149 0.000000 0.000000 -152.040000 -152.040000
20162 0.000000 0.000000 -152.040000 -152.040000
21502 0.000000 0.000000 -152.040000 -152.040000
21503 0.000000 0.000000 -152.040000 -152.040000
22152 0.000000 0.000000 -152.040000 -152.040000
22156 0.000000 0.000000 -152.040000 -152.040000
23504 0.000000 0.000000 -152.040000 -152.040000
135000 0.000000 0.000000 0.000000 -152.040000
"function evaluation" "current f(x)" "best-so-far f(x)" "current af(x)+b"  "best af(x)+b"
1 81.858705 81.858705 56.608705 56.608705
2 81.858583 81.858583 56.608583 56.608583
21 58.506187 58.506187 33.256187 33.256187
22 58.506134 58.506134 33.256134 33.256134
25 58.506106 58.506106 33.256106 33.256106
31 44.977978 44.977978 19.727978 19.727978
32 44.977892 44.977892 19.727892 19.727892
111 30.415622 30.415622 5.165622 5.165622
112 30.415561 30.415561 5.165561 5.165561
141 8.850220 8.850220 -16.399780 -16.399780
142 8.850191 8.850191 -16.399809 -16.399809
145 8.850190 8.850190 -16.399810 -16.399810
421 2.252989 2.252989 -22.997011 -22.997011
422 2.252981 2.252981 -22.997019 -22.997019
423 2.252977 2.252977 -22.997023 -22.997023
1215 0.632501 0.632501 -24.617499 -24.617499
1219 0.449973 0.449973 -24.800027 -24.800027
1771 0.449972 0.449972 -24.800028 -24.800028
1776 0.449967 0.449967 -24.800033 -24.800033
2565 0.065413 0.065413 -25.184587 -25.184587
2571 0.062640 0.062640 -25.187360 -25.187360
2577 0.040790 0.040790 -25.209210 -25.209210
2578 0.039542 0.039542 -25.210458 -25.210458
3121 0.039541 0.039541 -25.210459 -25.210459
3125 0.039541 0.039541 -25.210459 -25.210459
3127 0.039540 0.039540 -25.210460 -25.210460
3915 0.009968 0.009968 -25.240032 -25.240032
3918 0.009472 0.009472 -25.240528 -25.240528
3920 0.004258 0.004258 -25.245742 -25.245742
3928 0.004198 0.004198 -25.245802 -25.245802
4472 0.004198 0.004198 -25.245802 -25.245802
4475 0.004198 0.004198 -25.245802 -25.245802
5037 0.003174 0.003174 -25.246826 -25.246826
5265 0.002128 0.002128 -25.247872 -25.247872
5267 0.000912 0.000912 -25.249088 -25.249088
5268 0.000274 0.000274 -25.249726 -25.249726
5278 0.000126 0.000126 -25.249874 -25.249874
5822 0.000126 0.000126 -25.249874 -25.249874
5827 0.000126 0.000126 -25.249874 -25.249874
6615 0.000075 0.000075 -25.249925 -25.249925
6621 0.000043 0.000043 -25.249957 -25.249957
6624 0.000031 0.000031 -25.249969 -25.249969
7172 0.000031 0.000031 -25.249969 -25.249969
7176 0.000031 0.000031 -25.249969 -25.249969
7731 0.000026 0.000026 -25.249974 -25.249974
7737 0.000024 0.000024 -25.249976 -25.249976
7965 0.000022 0.000022 -25.249978 -25.249978
7967 0.000017 0.000017 -25.249983 -25.249983
7977 0.000017 0.000017 -25.249983 -25.249983
8522 0.000017 0.000017 -25.249983 -25.249983
8528 0.000017 0.000017 -25.249983 -25.249983
9079 0.000006 0.000006 -25.249994 -25.249994
9088 0.000006 0.000006 -25.249994 -25.249994
9732 0.000006 0.000006 -25.249994 -25.249994
10312 0.000001 0.000001 -25.249999 -25.249999
10313 0.000001 0.000001 -25.249999 -25.249999
10435 0.000000 0.000000 -25.250000 -25.250000
11082 0.000000 0.000000 -25.250000 -25.250000
11083 0.000000 0.000000 -25.250000 -25.250000
11088 0.000000 0.000000 -25.250000 -25.250000
11660 0.000000 0.000000 -25.250000 -25.250000
11663 0.000000 0.000000 -25.250000 -25.250000
11667 0.000000 0.000000 -25.250000 -25.250000
11670 0.000000 0.000000 -25.250000 -25.250000
11777 0.000000 0.000000 -25.250000 -25.250000
11782 0.000000 0.000000 -25.250000 -25.250000
11783 0.000000 0.000000 -25.250000 -25.250000
11790 0.000000 0.000000 -25.250000 -25.250000
12147 0.000000 0.000000 -25.250000 -25.250000
12432 0.000000 0.000000 -25.250000 -25.250000
12433 0.000000 0.000000 -25.250000 -25.250000
13164 0.000000 0.000000 -25.250000 -25.250000
13165 0.000000 0.000000 -25.250000 -25.250000
13376 0.000000 0.000000 -25.250000 -25.250000
13486 0.000000 0.000000 -25.250000 -25.250000
13991 0.000000 0.000000 -25.250000 -25.250000
13999 0.000000 0.000000 -25.250000 -25.250000
14788 0.000000 0.000000 -25.250000 -25.250000
15314 0.000000 0.000000 -25.250000 -25.250000
15316 0.000000 0.000000 -25.250000 -25.250000
15833 0.000000 0.000000 -25.250000 -25.250000
16140 0.000000 0.000000 -25.250000 -25.250000
16486 0.000000 0.000000 -25.250000 -25.250000
16664 0.000000 0.000000 -25.250000 -25.250000
17483 0.000000 0.000000 -25.250000 -25.250000
17485 0.000000 0.000000 -25.250000 -25.250000
17496 0.000000 0.000000 -25.250000 -25.250000
18833 0.000000 0.000000 -25.250000 -25.250000
18836 0.000000 0.000000 -25.250000 -25.250000
18839 0.000000 0.000000 -25.250000 -25.250000
18841 0.000000 0.000000 -25.250000 -25.250000
20183 0.000000 0.000000 -25.250000 -25.250000
20185 0.000000 0.000000 -25.250000 -25.250000
20186 0.000000 0.000000 -25.250000 -25.250000
21229 0.000000 0.000000 -25.250000 -25.250000
21230 0.000000 0.000000 -25.250000 -25.250000
21237 0.000000 0.000000 -25.250000 -25.250000
21240 0.000000 0.000000 -25.250000 -25.250000
22577 0.000000 0.000000 -25.250000 -25.250000
22579 0.000000 0.000000 -25.250000 -25.250000
135000 0.000000 0.000000 0.000000 -25.250000
"function evaluation" "current f(x)" "best-so-far f(x)" "current af(x)+b"  "best af(x)+b"
1 71.484704 71.484704 46.234704 46.234704
2 71.484574 71.484574 46.234574 46.234574
21 49.788268 49.788268 24.538268 24.538268
22 49.788218 49.788218 24.538218 24.538218
24 49.788205 49.788205 24.538205 24.538205
25 49.788201 49.788201 24.538201 24.538201
31 36.931289 36.931289 11.681289 11.681289
34 36.931259 36.931259 11.681259 11.681259
40 36.931246 36.931246 11.681246 11.681246
81 34.078473 34.078473 8.828473 8.828473
82 34.078453 34.078453 8.828453 8.828453
86 34.078448 34.078448 8.828448 8.828448
87 34.078417 34.078417 8.828417 8.828417
91 15.456607 15.456607 -9.793393 -9.793393
92 15.456546 15.456546 -9.793454 -9.793454
231 13.395290 13.395290 -11.854710 -11.854710
235 13.395287 13.395287 -11.854713 -11.854713
237 13.395282 13.395282 -11.854718 -11.854718
654 8.292855 8.292855 -16.957145 -16.957145
892 6.438882 6.438882 -18.811118 -18.811118
897 6.245360 6.245360 -19.004640 -19.004640
1581 6.245352 6.245352 -19.004648 -19.004648
1585 6.245347 6.245347 -19.004653 -19.004653
1587 6.245343 6.245343 -19.004657 -19.004657
1919 5.886779 5.886779 -19.363221 -19.363221
1924 5.783933 5.783933 -19.466067 -19.466067
1925 1.789119 1.789119 -23.460881 -23.460881
2006 1.482778 1.482778 -23.767222 -23.767222
2008 0.306985 0.306985 -24.943015 -24.943015
2792 0.306980 0.306980 -24.943020 -24.943020
3354 0.236981 0.236981 -25.013019 -25.013019
3356 0.176320 0.176320 -25.073680 -25.073680
3360 0.169921 0.169921 -25.080079 -25.080079
3362 0.038353 0.038353 -25.211647 -25.211647
3367 0.027964 0.027964 -25.222036 -25.222036
4142 0.027964 0.027964 -25.222036 -25.222036
4145 0.027963 0.027963 -25.222037 -25.222037
4632 0.022236 0.022236 -25.227764 -25.227764
4704 0.016288 0.016288 -25.233712 -25.233712
4706 0.010495 0.010495 -25.239505 -25.239505
4707 0.009473 0.009473 -25.240527 -25.240527
4709 0.003937 0.003937 -25.246063 -25.246063
4710 0.002566 0.002566 -25.247434 -25.247434
5491 0.002566 0.002566 -25.247434 -25.247434
5495 0.002566 0.002566 -25.247434 -25.247434
5500 0.002566 0.002566 -25.247434 -25.247434
6054 0.000468 0.000468 -25.249532 -25.249532
6841 0.000468 0.000468 -25.249532 -25.249532
6846 0.000468 0.000468 -25.249532 -25.249532
6848 0.000468 0.000468 -25.249532 -25.249532
7404 0.000177 0.000177 -25.249823 -25.249823
7406 0.000147 0.000147 -25.249853 -25.249853
7412 0.000119 0.000119 -25.249881 -25.249881
7415 0.000091 0.000091 -25.249909 -25.249909
8069 0.000079 0.000079 -25.249921 -25.249921
8072 0.000052 0.000052 -25.249948 -25.249948
8582 0.000052 0.000052 -25.249948 -25.249948
8583 0.000052 0.000052 -25.249948 -25.249948
8756 0.000039 0.000039 -25.249961 -25.249961
8759 0.000028 0.000028 -25.249972 -25.249972
8760 0.000023 0.000023 -25.249977 -25.249977
8761 0.000002 0.000002 -25.249998 -25.249998
9541 0.000002 0.000002 -25.249998 -25.249998
10104 0.000001 0.000001 -25.249999 -25.249999
10107 0.000001 0.000001 -25.249999 -25.249999
10113 0.000001 0.000001 -25.249999 -25.249999
10767 0.000001 0.000001 -25.249999 -25.249999
10780 0.000000 0.000000 -25.250000 -25.250000
11282 0.000000 0.000000 -25.250000 -25.250000
11284 0.000000 0.000000 -25.250000 -25.250000
11286 0.000000 0.000000 -25.250000 -25.250000
11637 0.000000 0.000000 -25.250000 -25.250000
12119 0.000000 0.000000 -25.250000 -25.250000
12121 0.000000 0.000000 -25.250000 -25.250000
12125 0.000000 0.000000 -25.250000 -25.250000
12631 0.000000 0.000000 -25.250000 -25.250000
12634 0.000000 0.000000 -25.250000 -25.250000
13469 0.000000 0.000000 -25.250000 -25.250000
13480 0.000000 0.000000 -25.250000 -25.250000
13981 0.000000 0.000000 -25.250000 -25.250000
13983 0.000000 0.000000 -25.250000 -25.250000
13985 0.000000 0.000000 -25.250000 -25.250000
13989 0.000000 0.000000 -25.250000 -25.250000
14820 0.000000 0.000000 -25.250000 -25.250000
14824 0.000000 0.000000 -25.250000 -25.250000
15331 0.000000 0.000000 -25.250000 -25.250000
15333 0.000000 0.000000 -25.250000 -25.250000
15335 0.000000 0.000000 -25.250000 -25.250000
15337 0.000000 0.000000 -25.250000 -25.250000
15339 0.000000 0.000000 -25.250000 -25.250000
15625 0.000000 0.000000 -25.250000 -25.250000
16167 0.000000 0.000000 -25.250000 -25.250000
16169 0.000000 0.000000 -25.250000 -25.250000
16170 0.000000 0.000000 -25.250000 -25.250000
16685 0.000000 0.000000 -25.250000 -25.250000
16687 0.000000 0.000000 -25.250000 -25.250000
17521 0.000000 0.000000 -25.250000 -25.250000
17526 0.000000 0.000000 -25.250000 -25.250000
17530 0.000000 0.000000 -25.250000 -25.250000
18035 0.000000 0.000000 -25.250000 -25.250000
18207 0.000000 0.000000 -25.250000 -25.250000
19385 0.000000 0.000000 -25.250000 -25.250000
19557 0.000000 0.000000 -25.250000 -25.250000
20904 0.000000 0.000000 -25.250000 -25.250000
21025 0.000000 0.000000 -25.250000 -25.250000
21026 0.000000 0.000000 -25.250000 -25.250000
21034 0.000000 0.000000 -25.250000 -25.250000
22254 0.000000 0.000000 -25.250000 -25.250000
22373 0.000000 0.000000 -25.250000 -25.250000
22386 0.000000 0.000000 -25.250000 -25.250000
135000 0.000000 0.000000 0.000000 -25.250000
"function evaluation" "current f(x)" "best-so-far f(x)" "current af(x)+b"  "best af(x)+b"
1 88.053039 88.053039 62.803039 62.803039
2 88.052968 88.052968 62.802968 62.802968
3 88.052964 88.052964 62.802964 62.802964
7 88.052932 88.052932 62.802932 62.802932
11 27.270973 27.270973 2.020973 2.020973
12 27.270966 27.270966 2.020966 2.020966
14 27.270936 27.270936 2.020936 2.020936
171 14.537979 14.537979 -10.712021 -10.712021
172 14.537905 14.537905 -10.712095 -10.712095
261 9.530015 9.530015 -15.719985 -15.719985
265 9.530009 9.530009 -15.719991 -15.719991
268 9.530009 9.530009 -15.719991 -15.719991
794 8.755815 8.755815 -16.494185 -16.494185
943 4.429956 4.429956 -20.820044 -20.820044
1611 4.429949 4.429949 -20.820051 -20.820051
1615 4.429944 4.429944 -20.820056 -20.820056
1618 4.429941 4.429941 -20.820059 -20.820059
2140 2.204542 2.204542 -23.045458 -23.045458
2146 1.401067 1.401067 -23.848933 -23.848933
2441 0.400744 0.400744 -24.849256 -24.849256
3042 0.400743 0.400743 -24.849257 -24.849257
3044 0.400740 0.400740 -24.849260 -24.849260
3050 0.400739 0.400739 -24.849261 -24.849261
3225 0.295735 0.295735 -24.954265 -24.954265
3231 0.235248 0.235248 -25.014752 -25.014752
3501 0.081343 0.081343 -25.168657 -25.168657
3652 0.003462 0.003462 -25.246538 -25.246538
4312 0.003461 0.003461 -25.246539 -25.246539
4996 0.002200 0.002200 -25.247800 -25.247800
4997 0.002133 0.002133 -25.247867 -25.247867
5662 0.002133 0.002133 -25.247867 -25.247867
5937 0.000602 0.000602 -25.249398 -25.249398
6482 0.000555 0.000555 -25.249445 -25.249445
6487 0.000438 0.000438 -25.249562 -25.249562
7091 0.000438 0.000438 -25.249562 -25.249562
7097 0.000438 0.000438 -25.249562 -25.249562
7829 0.000096 0.000096 -25.249904 -25.249904
7833 0.000055 0.000055 -25.249945 -25.249945
8441 0.000055 0.000055 -25.249945 -25.249945
8446 0.000055 0.000055 -25.249945 -25.249945
9107 0.000049 0.000049 -25.249951 -25.249951
9165 0.000044 0.000044 -25.249956 -25.249956
9179 0.000015 0.000015 -25.249985 -25.249985
9192 0.000012 0.000012 -25.249988 -25.249988
9792 0.000012 0.000012 -25.249988 -25.249988
10402 0.000007 0.000007 -25.249993 -25.249993
10514 0.000005 0.000005 -25.249995 -25.249995
10532 0.000004 0.000004 -25.249996 -25.249996
10534 0.000001 0.000001 -25.249999 -25.249999
11142 0.000001 0.000001 -25.249999 -25.249999
11144 0.000001 0.000001 -25.249999 -25.249999
11145 0.000001 0.000001 -25.249999 -25.249999
11148 0.000001 0.000001 -25.249999 -25.249999
11590 0.000001 0.000001 -25.249999 -25.249999
11747 0.000000 0.000000 -25.250000 -25.250000
11889 0.000000 0.000000 -25.250000 -25.250000
11998 0.000000 0.000000 -25.250000 -25.250000
12010 0.000000 0.000000 -25.250000 -25.250000
12561 0.000000 0.000000 -25.250000 -25.250000
12563 0.000000 0.000000 -25.250000 -25.250000
12943 0.000000 0.000000 -25.250000 -25.250000
12948 0.000000 0.000000 -25.250000 -25.250000
12950 0.000000 0.000000 -25.250000 -25.250000
13106 0.000000 0.000000 -25.250000 -25.250000
13238 0.000000 0.000000 -25.250000 -25.250000
13350 0.000000 0.000000 -25.250000 -25.250000
13351 0.000000 0.000000 -25.250000 -25.250000
13356 0.000000 0.000000 -25.250000 -25.250000
13361 0.000000 0.000000 -25.250000 -25.250000
13911 0.000000 0.000000 -25.250000 -25.250000
13913 0.000000 0.000000 -25.250000 -25.250000
13918 0.000000 0.000000 -25.250000 -25.250000
14293 0.000000 0.000000 -25.250000 -25.250000
14294 0.000000 0.000000 -25.250000 -25.250000
14297 0.000000 0.000000 -25.250000 -25.250000
14303 0.000000 0.000000 -25.250000 -25.250000
14579 0.000000 0.000000 -25.250000 -25.250000
14700 0.000000 0.000000 -25.250000 -25.250000
14704 0.000000 0.000000 -25.250000 -25.250000
14707 0.000000 0.000000 -25.250000 -25.250000
14709 0.000000 0.000000 -25.250000 -25.250000
15261 0.000000 0.000000 -25.250000 -25.250000
16052 0.000000 0.000000 -25.250000 -25.250000
16611 0.000000 0.000000 -25.250000 -25.250000
17326 0.000000 0.000000 -25.250000 -25.250000
17400 0.000000 0.000000 -25.250000 -25.250000
17404 0.000000 0.000000 -25.250000 -25.250000
17963 0.000000 0.000000 -25.250000 -25.250000
17968 0.000000 0.000000 -25.250000 -25.250000
18612 0.000000 0.000000 -25.250000 -25.250000
18622 0.000000 0.000000 -25.250000 -25.250000
18676 0.000000 0.000000 -25.250000 -25.250000
19403 0.000000 0.000000 -25.250000 -25.250000
19407 0.000000 0.000000 -25.250000 -25.250000
20016 0.000000 0.000000 -25.250000 -25.250000
20017 0.000000 0.000000 -25.250000 -25.250000
20019 0.000000 0.000000 -25.250000 -25.250000
20025 0.000000 0.000000 -25.250000 -25.250000
20754 0.000000 0.000000 -25.250000 -25.250000
20755 0.000000 0.000000 -25.250000 -25.250000
20758 0.000000 0.000000 -25.250000 -25.250000
20762 0.000000 0.000000 -25.250000 -25.250000
21370 0.000000 0.000000 -25.250000 -25.250000
22713 0.000000 0.000000 -25.250000 -25.250000
22717 0.000000 0.000000 -25.250000 -25.250000
24066 0.000000 0.000000 -25.250000 -25.250000
24067 0.000000 0.000000 -25.250000 -25.250000
135000 0.000000 0.000000 0.000000 -25.250000
