"function evaluation" "current f(x)" "best-so-far f(x)" "current af(x)+b"  "best af(x)+b"
1 19583.359616 19583.359616 19036.859616 19036.859616
2 19583.347298 19583.347298 19036.847298 19036.847298
4 19583.343964 19583.343964 19036.843964 19036.843964
6 19583.305502 19583.305502 19036.805502 19036.805502
11 9073.598702 9073.598702 8527.098702 8527.098702
13 9073.593454 9073.593454 8527.093454 8527.093454
15 9073.580461 9073.580461 8527.080461 8527.080461
17 9073.576351 9073.576351 8527.076351 8527.076351
20 9073.554096 9073.554096 8527.054096 8527.054096
51 5621.883149 5621.883149 5075.383149 5075.383149
52 5621.880241 5621.880241 5075.380241 5075.380241
53 5621.875896 5621.875896 5075.375896 5075.375896
58 5621.870316 5621.870316 5075.370316 5075.370316
59 5621.836213 5621.836213 5075.336213 5075.336213
71 3722.352286 3722.352286 3175.852286 3175.852286
72 3722.345271 3722.345271 3175.845271 3175.845271
73 3722.334728 3722.334728 3175.834728 3175.834728
77 3722.334394 3722.334394 3175.834394 3175.834394
261 335.724561 335.724561 -210.775439 -210.775439
262 335.720099 335.720099 -210.779901 -210.779901
266 335.718705 335.718705 -210.781295 -210.781295
943 68.424139 68.424139 -478.075861 -478.075861
945 58.139962 58.139962 -488.360038 -488.360038
946 36.690074 36.690074 -509.809926 -509.809926
948 26.111275 26.111275 -520.388725 -520.388725
954 8.117386 8.117386 -538.382614 -538.382614
1612 8.117036 8.117036 -538.382964 -538.382964
2159 4.418710 4.418710 -542.081290 -542.081290
2457 4.286368 4.286368 -542.213632 -542.213632
3051 4.286350 4.286350 -542.213650 -542.213650
3055 4.286343 4.286343 -542.213657 -542.213657
3060 4.286309 4.286309 -542.213691 -542.213691
3433 3.586208 3.586208 -542.913792 -542.913792
3646 3.574691 3.574691 -542.925309 -542.925309
3651 2.795195 2.795195 -543.704805 -543.704805
3654 2.772127 2.772127 -543.727873 -543.727873
4311 2.772111 2.772111 -543.727889 -543.727889
4317 2.772087 2.772087 -543.727913 -543.727913
4320 2.772078 2.772078 -543.727922 -543.727922
6129 2.647583 2.647583 -543.852417 -543.852417
6346 2.092525 2.092525 -544.407475 -544.407475
7011 2.092508 2.092508 -544.407492 -544.407492
7017 2.092506 2.092506 -544.407494 -544.407494
48349 1.913616 1.913616 -544.586384 -544.586384
48951 1.913604 1.913604 -544.586396 -544.586396
48958 1.913570 1.913570 -544.586430 -544.586430
60348 1.435781 1.435781 -545.064219 -545.064219
61012 1.435770 1.435770 -545.064230 -545.064230
61016 1.435758 1.435758 -545.064242 -545.064242
135000 209.432061 1.435758 209.432061 -545.064242
"function evaluation" "current f(x)" "best-so-far f(x)" "current af(x)+b"  "best af(x)+b"
1 8519.189809 8519.189809 7972.689809 7972.689809
2 8519.177691 8519.177691 7972.677691 7972.677691
6 8519.161112 8519.161112 7972.661112 7972.661112
10 8519.147514 8519.147514 7972.647514 7972.647514
71 5071.205191 5071.205191 4524.705191 4524.705191
72 5071.189427 5071.189427 4524.689427 4524.689427
77 5071.187946 5071.187946 4524.687946 4524.687946
80 5071.159830 5071.159830 4524.659830 4524.659830
81 2365.770556 2365.770556 1819.270556 1819.270556
82 2365.758982 2365.758982 1819.258982 1819.258982
86 2365.751079 2365.751079 1819.251079 1819.251079
91 1016.660910 1016.660910 470.160910 470.160910
94 1016.659781 1016.659781 470.159781 470.159781
96 1016.652337 1016.652337 470.152337 470.152337
97 1016.648117 1016.648117 470.148117 470.148117
371 478.439777 478.439777 -68.060223 -68.060223
644 427.405435 427.405435 -119.094565 -119.094565
654 5.621445 5.621445 -540.878555 -540.878555
656 5.558988 5.558988 -540.941012 -540.941012
661 4.604918 4.604918 -541.895082 -541.895082
1142 4.346958 4.346958 -542.153042 -542.153042
1721 4.346855 4.346855 -542.153145 -542.153145
1970 4.092682 4.092682 -542.407318 -542.407318
1974 4.041640 4.041640 -542.458360 -542.458360
1976 3.561666 3.561666 -542.938334 -542.938334
1989 3.173823 3.173823 -543.326177 -543.326177
2781 3.173806 3.173806 -543.326194 -543.326194
2785 3.173802 3.173802 -543.326198 -543.326198
2788 3.173801 3.173801 -543.326199 -543.326199
2789 3.173757 3.173757 -543.326243 -543.326243
3323 3.063309 3.063309 -543.436691 -543.436691
3327 2.868422 2.868422 -543.631578 -543.631578
4121 2.868404 2.868404 -543.631596 -543.631596
23579 2.702410 2.702410 -543.797590 -543.797590
24371 2.702407 2.702407 -543.797593 -543.797593
24373 2.702402 2.702402 -543.797598 -543.797598
24375 2.702396 2.702396 -543.797604 -543.797604
33025 2.448427 2.448427 -544.051573 -544.051573
33822 2.448420 2.448420 -544.051580 -544.051580
33826 2.448402 2.448402 -544.051598 -544.051598
33829 2.448396 2.448396 -544.051604 -544.051604
39773 2.132038 2.132038 -544.367962 -544.367962
40572 2.132036 2.132036 -544.367964 -544.367964
40576 2.132025 2.132025 -544.367975 -544.367975
40578 2.132000 2.132000 -544.368000 -544.368000
49224 2.054281 2.054281 -544.445719 -544.445719
50021 2.054274 2.054274 -544.445726 -544.445726
50023 2.054273 2.054273 -544.445727 -544.445727
50025 2.054267 2.054267 -544.445733 -544.445733
50028 2.054247 2.054247 -544.445753 -544.445753
50030 2.054240 2.054240 -544.445760 -544.445760
65340 1.974665 1.974665 -544.525335 -544.525335
66172 1.974665 1.974665 -544.525335 -544.525335
66173 1.974660 1.974660 -544.525340 -544.525340
66175 1.974654 1.974654 -544.525346 -544.525346
135000 21205.073690 1.974654 21205.073690 -544.525346
"function evaluation" "current f(x)" "best-so-far f(x)" "current af(x)+b"  "best af(x)+b"
1 223664.743862 223664.743862 223118.243862 223118.243862
2 223664.739108 223664.739108 223118.239108 223118.239108
3 223664.732054 223664.732054 223118.232054 223118.232054
6 223664.717647 223664.717647 223118.217647 223118.217647
7 223664.578475 223664.578475 223118.078475 223118.078475
10 223664.471479 223664.471479 223117.971479 223117.971479
11 86011.256816 86011.256816 85464.756816 85464.756816
14 86011.243787 86011.243787 85464.743787 85464.743787
17 86011.199566 86011.199566 85464.699566 85464.699566
20 86011.098413 86011.098413 85464.598413 85464.598413
21 29418.389037 29418.389037 28871.889037 28871.889037
22 29418.383434 29418.383434 28871.883434 28871.883434
26 29418.366025 29418.366025 28871.866025 28871.866025
27 29418.305265 29418.305265 28871.805265 28871.805265
41 14329.154972 14329.154972 13782.654972 13782.654972
42 14329.146079 14329.146079 13782.646079 13782.646079
47 14329.143433 14329.143433 13782.643433 13782.643433
49 14329.084398 14329.084398 13782.584398 13782.584398
51 5447.380348 5447.380348 4900.880348 4900.880348
54 5447.373493 5447.373493 4900.873493 4900.873493
57 5447.351774 5447.351774 4900.851774 4900.851774
141 4266.214960 4266.214960 3719.714960 3719.714960
142 4266.208242 4266.208242 3719.708242 3719.708242
146 4266.204153 4266.204153 3719.704153 3719.704153
147 4266.181731 4266.181731 3719.681731 3719.681731
211 4185.755324 4185.755324 3639.255324 3639.255324
212 4185.746552 4185.746552 3639.246552 3639.246552
215 4185.737147 4185.737147 3639.237147 3639.237147
219 4185.721742 4185.721742 3639.221742 3639.221742
401 613.557124 613.557124 67.057124 67.057124
402 613.549405 613.549405 67.049405 67.049405
1181 187.598558 187.598558 -358.901442 -358.901442
1185 111.705264 111.705264 -434.794736 -434.794736
1189 59.423373 59.423373 -487.076627 -487.076627
1752 59.421978 59.421978 -487.078022 -487.078022
2405 50.111086 50.111086 -496.388914 -496.388914
2541 17.584563 17.584563 -528.915437 -528.915437
3101 17.584302 17.584302 -528.915698 -528.915698
3104 17.583584 17.583584 -528.916416 -528.916416
3473 4.235297 4.235297 -542.264703 -542.264703
3511 2.721021 2.721021 -543.778979 -543.778979
4232 2.721020 2.721020 -543.778980 -543.778980
4234 2.721011 2.721011 -543.778989 -543.778989
4235 2.721004 2.721004 -543.778996 -543.778996
4238 2.720985 2.720985 -543.779015 -543.779015
52114 2.551040 2.551040 -543.948960 -543.948960
52832 2.551039 2.551039 -543.948961 -543.948961
52834 2.551037 2.551037 -543.948963 -543.948963
52835 2.551008 2.551008 -543.948992 -543.948992
52840 2.551003 2.551003 -543.948997 -543.948997
135000 51285.319319 2.551003 51285.319319 -543.948997
"function evaluation" "current f(x)" "best-so-far f(x)" "current af(x)+b"  "best af(x)+b"
1 37777.625375 37777.625375 38777.625375 38777.625375
4 37777.611244 37777.611244 38777.611244 38777.611244
5 37777.568912 37777.568912 38777.568912 38777.568912
9 37777.554671 37777.554671 38777.554671 38777.554671
11 8115.476488 8115.476488 9115.476488 9115.476488
14 8115.472267 8115.472267 9115.472267 9115.472267
15 8115.460921 8115.460921 9115.460921 9115.460921
20 8115.441450 8115.441450 9115.441450 9115.441450
41 6314.303799 6314.303799 7314.303799 7314.303799
42 6314.296327 6314.296327 7314.296327 7314.296327
44 6314.283277 6314.283277 7314.283277 7314.283277
131 5110.314597 5110.314597 6110.314597 6110.314597
132 5110.292069 5110.292069 6110.292069 6110.292069
133 5110.286819 5110.286819 6110.286819 6110.286819
261 228.125013 228.125013 1228.125013 1228.125013
262 228.124984 228.124984 1228.124984 1228.124984
264 228.123688 228.123688 1228.123688 1228.123688
265 228.119639 228.119639 1228.119639 1228.119639
943 5.446209 5.446209 1005.446209 1005.446209
948 3.156223 3.156223 1003.156223 1003.156223
1612 3.156219 3.156219 1003.156219 1003.156219
1616 3.156185 3.156185 1003.156185 1003.156185
2433 3.020145 3.020145 1003.020145 1003.020145
3042 3.020131 3.020131 1003.020131 1003.020131
3043 3.020106 3.020106 1003.020106 1003.020106
63045 2.764790 2.764790 1002.764790 1002.764790
63711 2.764781 2.764781 1002.764781 1002.764781
63716 2.764748 2.764748 1002.764748 1002.764748
135000 48538.591368 2.764748 48538.591368 1002.764748
"function evaluation" "current f(x)" "best-so-far f(x)" "current af(x)+b"  "best af(x)+b"
1 48533.418919 48533.418919 49533.418919 49533.418919
2 48533.418898 48533.418898 49533.418898 49533.418898
3 48533.412267 48533.412267 49533.412267 49533.412267
7 48533.320505 48533.320505 49533.320505 49533.320505
11 44128.796639 44128.796639 45128.796639 45128.796639
12 44128.769487 44128.769487 45128.769487 45128.769487
13 44128.764139 44128.764139 45128.764139 45128.764139
19 44128.671461 44128.671461 45128.671461 45128.671461
21 458.451701 458.451701 1458.451701 1458.451701
24 458.447904 458.447904 1458.447904 1458.447904
30 458.446963 458.446963 1458.446963 1458.446963
535 147.522325 147.522325 1147.522325 1147.522325
537 5.371068 5.371068 1005.371068 1005.371068
542 3.693983 3.693983 1003.693983 1003.693983
1371 3.693983 3.693983 1003.693983 1003.693983
1373 3.693955 3.693955 1003.693955 1003.693955
1378 3.693952 3.693952 1003.693952 1003.693952
3567 3.684446 3.684446 1003.684446 1003.684446
3698 3.601294 3.601294 1003.601294 1003.601294
4342 3.601280 3.601280 1003.601280 1003.601280
4347 3.601258 3.601258 1003.601258 1003.601258
6617 3.277868 3.277868 1003.277868 1003.277868
7171 3.277861 3.277861 1003.277861 1003.277861
7176 3.277844 3.277844 1003.277844 1003.277844
9101 2.406938 2.406938 1002.406938 1002.406938
9742 2.406932 2.406932 1002.406932 1002.406932
9743 2.406928 2.406928 1002.406928 1002.406928
9749 2.406879 2.406879 1002.406879 1002.406879
14715 2.232671 2.232671 1002.232671 1002.232671
15272 2.232658 2.232658 1002.232658 1002.232658
15273 2.232653 2.232653 1002.232653 1002.232653
41500 2.006883 2.006883 1002.006883 1002.006883
42141 2.006880 2.006880 1002.006880 1002.006880
42144 2.006875 2.006875 1002.006875 1002.006875
42145 2.006868 2.006868 1002.006868 1002.006868
42148 2.006865 2.006865 1002.006865 1002.006865
121144 1.673871 1.673871 1001.673871 1001.673871
121792 1.673849 1.673849 1001.673849 1001.673849
121793 1.673848 1.673848 1001.673848 1001.673848
121797 1.673838 1.673838 1001.673838 1001.673838
135000 65914.046471 1.673838 65914.046471 1001.673838
"function evaluation" "current f(x)" "best-so-far f(x)" "current af(x)+b"  "best af(x)+b"
1 8830.255522 8830.255522 9830.255522 9830.255522
4 8830.238967 8830.238967 9830.238967 9830.238967
10 8830.232918 8830.232918 9830.232918 9830.232918
51 1103.119548 1103.119548 2103.119548 2103.119548
52 1103.119519 1103.119519 2103.119519 2103.119519
58 1103.114242 1103.114242 2103.114242 2103.114242
60 1103.098496 1103.098496 2103.098496 2103.098496
281 497.595424 497.595424 1497.595424 1497.595424
282 497.595409 497.595409 1497.595409 1497.595409
283 497.595398 497.595398 1497.595398 1497.595398
286 497.595397 497.595397 1497.595397 1497.595397
287 497.591926 497.591926 1497.591926 1497.591926
289 497.581410 497.581410 1497.581410 1497.581410
586 4.714928 4.714928 1004.714928 1004.714928
589 3.056487 3.056487 1003.056487 1003.056487
1401 3.056481 3.056481 1003.056481 1003.056481
1403 3.056480 3.056480 1003.056480 1003.056480
1405 3.056462 3.056462 1003.056462 1003.056462
1410 3.056444 3.056444 1003.056444 1003.056444
1936 2.899561 2.899561 1002.899561 1002.899561
2752 2.899555 2.899555 1002.899555 1002.899555
2755 2.899526 2.899526 1002.899526 1002.899526
2760 2.899491 2.899491 1002.899491 1002.899491
135000 65861.511669 2.899491 65861.511669 1002.899491
"function evaluation" "current f(x)" "best-so-far f(x)" "current af(x)+b"  "best af(x)+b"
1 12897.164313 12897.164313 13105.544313 13105.544313
2 12897.154944 12897.154944 13105.534944 13105.534944
3 12897.154329 12897.154329 13105.534329 13105.534329
8 12897.146954 12897.146954 13105.526954 13105.526954
10 12897.090113 12897.090113 13105.470113 13105.470113
91 8635.042982 8635.042982 8843.422982 8843.422982
92 8635.029098 8635.029098 8843.409098 8843.409098
96 8635.027872 8635.027872 8843.407872 8843.407872
98 8634.995108 8634.995108 8843.375108 8843.375108
131 816.029518 816.029518 1024.409518 1024.409518
132 816.027487 816.027487 1024.407487 1024.407487
133 816.023059 816.023059 1024.403059 1024.403059
135 816.023055 816.023055 1024.403055 1024.403055
139 816.016947 816.016947 1024.396947 1024.396947
391 750.813210 750.813210 959.193210 959.193210
392 750.813166 750.813166 959.193166 959.193166
397 750.808862 750.808862 959.188862 959.188862
399 750.795824 750.795824 959.175824 959.175824
722 700.335141 700.335141 908.715141 908.715141
724 60.920456 60.920456 269.300456 269.300456
999 46.740662 46.740662 255.120662 255.120662
1005 42.697238 42.697238 251.077238 251.077238
1006 10.814909 10.814909 219.194909 219.194909
1169 6.952524 6.952524 215.332524 215.332524
1174 3.844129 3.844129 212.224129 212.224129
1741 3.844050 3.844050 212.224050 212.224050
1999 3.508969 3.508969 211.888969 211.888969
2781 3.508967 3.508967 211.888967 211.888967
2783 3.508954 3.508954 211.888954 211.888954
2785 3.508822 3.508822 211.888822 211.888822
3347 1.624690 1.624690 210.004690 210.004690
4132 1.624680 1.624680 210.004680 210.004680
4133 1.624679 1.624679 210.004679 210.004679
4136 1.624676 1.624676 210.004676 210.004676
4138 1.624670 1.624670 210.004670 210.004670
4140 1.624668 1.624668 210.004668 210.004668
135000 57898.002252 1.624668 57898.002252 210.004668
"function evaluation" "current f(x)" "best-so-far f(x)" "current af(x)+b"  "best af(x)+b"
1 133768.665013 133768.665013 133977.045013 133977.045013
4 133768.657538 133768.657538 133977.037538 133977.037538
8 133768.548487 133768.548487 133976.928487 133976.928487
10 133768.458127 133768.458127 133976.838127 133976.838127
11 74464.825195 74464.825195 74673.205195 74673.205195
13 74464.824311 74464.824311 74673.204311 74673.204311
16 74464.800853 74464.800853 74673.180853 74673.180853
18 74464.696968 74464.696968 74673.076968 74673.076968
21 2574.450238 2574.450238 2782.830238 2782.830238
23 2574.444683 2574.444683 2782.824683 2782.824683
27 2574.436481 2574.436481 2782.816481 2782.816481
61 506.064701 506.064701 714.444701 714.444701
62 506.064689 506.064689 714.444689 714.444689
63 506.064669 506.064669 714.444669 714.444669
66 506.062071 506.062071 714.442071 714.442071
68 506.054104 506.054104 714.434104 714.434104
539 449.140554 449.140554 657.520554 657.520554
603 4.083996 4.083996 212.463996 212.463996
605 3.557573 3.557573 211.937573 211.937573
611 3.434948 3.434948 211.814948 211.814948
1412 3.434947 3.434947 211.814947 211.814947
1413 3.434932 3.434932 211.814932 211.814932
1415 3.434929 3.434929 211.814929 211.814929
1417 3.434902 3.434902 211.814902 211.814902
5995 2.793567 2.793567 211.173567 211.173567
6801 2.793565 2.793565 211.173565 211.173565
6804 2.793554 2.793554 211.173554 211.173554
8696 2.189141 2.189141 210.569141 210.569141
9502 2.189125 2.189125 210.569125 210.569125
9507 2.189106 2.189106 210.569106 210.569106
135000 79406.378518 2.189106 79406.378518 210.569106
"function evaluation" "current f(x)" "best-so-far f(x)" "current af(x)+b"  "best af(x)+b"
1 62239.946469 62239.946469 62448.326469 62448.326469
2 62239.946430 62239.946430 62448.326430 62448.326430
5 62239.941069 62239.941069 62448.321069 62448.321069
8 62239.929322 62239.929322 62448.309322 62448.309322
10 62239.791445 62239.791445 62448.171445 62448.171445
11 108.979705 108.979705 317.359705 317.359705
13 108.978752 108.978752 317.358752 317.358752
518 52.949377 52.949377 261.329377 261.329377
521 28.987092 28.987092 237.367092 237.367092
522 4.386630 4.386630 212.766630 212.766630
531 4.118014 4.118014 212.498014 212.498014
1362 4.117985 4.117985 212.497985 212.497985
1363 4.117977 4.117977 212.497977 212.497977
1369 4.117946 4.117946 212.497946 212.497946
1879 3.476401 3.476401 211.856401 211.856401
2712 3.476394 3.476394 211.856394 211.856394
2713 3.476388 3.476388 211.856388 211.856388
2717 3.476382 3.476382 211.856382 211.856382
2719 3.476371 3.476371 211.856371 211.856371
16729 3.441822 3.441822 211.821822 211.821822
17317 3.098668 3.098668 211.478668 211.478668
17911 3.098657 3.098657 211.478657 211.478657
17915 3.098646 3.098646 211.478646 211.478646
17919 3.098642 3.098642 211.478642 211.478642
21374 1.804118 1.804118 210.184118 210.184118
21961 1.804114 1.804114 210.184114 210.184114
21965 1.804104 1.804104 210.184104 210.184104
21969 1.804054 1.804054 210.184054 210.184054
135000 2342.908340 1.804054 2342.908340 210.184054
"function evaluation" "current f(x)" "best-so-far f(x)" "current af(x)+b"  "best af(x)+b"
1 95455.751410 95455.751410 95310.791410 95310.791410
3 95455.727067 95455.727067 95310.767067 95310.767067
5 95455.677958 95455.677958 95310.717958 95310.717958
7 95455.625805 95455.625805 95310.665805 95310.665805
11 27646.598943 27646.598943 27501.638943 27501.638943
13 27646.581760 27646.581760 27501.621760 27501.621760
15 27646.548293 27646.548293 27501.588293 27501.588293
21 16321.705304 16321.705304 16176.745304 16176.745304
23 16321.700869 16321.700869 16176.740869 16176.740869
25 16321.674088 16321.674088 16176.714088 16176.714088
29 16321.661924 16321.661924 16176.701924 16176.701924
61 3136.397162 3136.397162 2991.437162 2991.437162
63 3136.386595 3136.386595 2991.426595 2991.426595
441 2233.449256 2233.449256 2088.489256 2088.489256
442 2233.430440 2233.430440 2088.470440 2088.470440
603 1308.286917 1308.286917 1163.326917 1163.326917
605 1204.633434 1204.633434 1059.673434 1059.673434
615 1203.987270 1203.987270 1059.027270 1059.027270
795 1176.807816 1176.807816 1031.847816 1031.847816
809 1075.272876 1075.272876 930.312876 930.312876
885 1073.189016 1073.189016 928.229016 928.229016
1152 434.762049 434.762049 289.802049 289.802049
1731 434.762044 434.762044 289.802044 289.802044
1734 434.761418 434.761418 289.801418 289.801418
1737 434.752784 434.752784 289.792784 289.792784
2520 408.226559 408.226559 263.266559 263.266559
2522 365.800597 365.800597 220.840597 220.840597
2616 2.738325 2.738325 -142.221675 -142.221675
2629 2.275576 2.275576 -142.684424 -142.684424
3151 2.275567 2.275567 -142.684433 -142.684433
3156 2.275565 2.275565 -142.684435 -142.684435
3159 2.275539 2.275539 -142.684461 -142.684461
95768 1.915335 1.915335 -143.044665 -143.044665
96301 1.915326 1.915326 -143.044674 -143.044674
96306 1.915305 1.915305 -143.044695 -143.044695
135000 51285.671397 1.915305 51285.671397 -143.044695
"function evaluation" "current f(x)" "best-so-far f(x)" "current af(x)+b"  "best af(x)+b"
1 42024.137508 42024.137508 41879.177508 41879.177508
3 42024.123054 42024.123054 41879.163054 41879.163054
5 42024.114071 42024.114071 41879.154071 41879.154071
9 42024.038581 42024.038581 41879.078581 41879.078581
21 10140.651594 10140.651594 9995.691594 9995.691594
22 10140.630752 10140.630752 9995.670752 9995.670752
24 10140.623940 10140.623940 9995.663940 9995.663940
26 10140.610990 10140.610990 9995.650990 9995.650990
121 9008.153289 9008.153289 8863.193289 8863.193289
123 9008.137144 9008.137144 8863.177144 8863.177144
128 9008.134044 9008.134044 8863.174044 8863.174044
201 1555.761486 1555.761486 1410.801486 1410.801486
202 1555.750080 1555.750080 1410.790080 1410.790080
205 1555.746111 1555.746111 1410.786111 1410.786111
843 278.079732 278.079732 133.119732 133.119732
1215 23.726299 23.726299 -121.233701 -121.233701
1226 22.051647 22.051647 -122.908353 -122.908353
1227 4.947549 4.947549 -140.012451 -140.012451
1772 4.947537 4.947537 -140.012463 -140.012463
1773 4.947534 4.947534 -140.012466 -140.012466
1780 4.947480 4.947480 -140.012520 -140.012520
2389 2.494222 2.494222 -142.465778 -142.465778
3011 2.494212 2.494212 -142.465788 -142.465788
3016 2.494210 2.494210 -142.465790 -142.465790
3018 2.494188 2.494188 -142.465812 -142.465812
110618 2.122407 2.122407 -142.837593 -142.837593
111152 2.122399 2.122399 -142.837601 -142.837601
111157 2.122383 2.122383 -142.837617 -142.837617
111159 2.122366 2.122366 -142.837634 -142.837634
135000 57898.002252 2.122366 57898.002252 -142.837634
"function evaluation" "current f(x)" "best-so-far f(x)" "current af(x)+b"  "best af(x)+b"
1 301093.901216 301093.901216 300948.941216 300948.941216
2 301093.901192 301093.901192 300948.941192 300948.941192
3 301093.890310 301093.890310 300948.930310 300948.930310
5 301093.824465 301093.824465 300948.864465 300948.864465
7 301093.696373 301093.696373 300948.736373 300948.736373
9 301093.613007 301093.613007 300948.653007 300948.653007
11 232193.705732 232193.705732 232048.745732 232048.745732
12 232193.683133 232193.683133 232048.723133 232048.723133
14 232193.674607 232193.674607 232048.714607 232048.714607
15 232193.668848 232193.668848 232048.708848 232048.708848
17 232193.525000 232193.525000 232048.565000 232048.565000
19 232193.426624 232193.426624 232048.466624 232048.466624
21 1645.767663 1645.767663 1500.807663 1500.807663
22 1645.750722 1645.750722 1500.790722 1500.790722
91 1097.820287 1097.820287 952.860287 952.860287
92 1097.807012 1097.807012 952.847012 952.847012
537 1016.368132 1016.368132 871.408132 871.408132
538 566.350691 566.350691 421.390691 421.390691
656 387.900120 387.900120 242.940120 242.940120
1152 303.021783 303.021783 158.061783 158.061783
1157 244.954704 244.954704 99.994704 99.994704
1732 244.954697 244.954697 99.994697 99.994697
1733 244.953838 244.953838 99.993838 99.993838
1735 244.951154 244.951154 99.991154 99.991154
1740 244.947174 244.947174 99.987174 99.987174
1892 96.157253 96.157253 -48.802747 -48.802747
2198 9.605138 9.605138 -135.354862 -135.354862
2203 3.453703 3.453703 -141.506297 -141.506297
2242 3.058229 3.058229 -141.901771 -141.901771
2932 3.058223 3.058223 -141.901777 -141.901777
2933 3.058222 3.058222 -141.901778 -141.901778
2936 3.058220 3.058220 -141.901780 -141.901780
2938 3.058174 3.058174 -141.901826 -141.901826
2940 3.058159 3.058159 -141.901841 -141.901841
3242 2.783429 2.783429 -142.176571 -142.176571
4072 2.783422 2.783422 -142.176578 -142.176578
4074 2.783418 2.783418 -142.176582 -142.176582
4080 2.783391 2.783391 -142.176609 -142.176609
16995 2.734352 2.734352 -142.225648 -142.225648
17722 2.734351 2.734351 -142.225649 -142.225649
17724 2.734347 2.734347 -142.225653 -142.225653
17726 2.734346 2.734346 -142.225654 -142.225654
17729 2.734322 2.734322 -142.225678 -142.225678
18090 2.668561 2.668561 -142.291439 -142.291439
18350 2.611553 2.611553 -142.348447 -142.348447
19071 2.611545 2.611545 -142.348455 -142.348455
19073 2.611539 2.611539 -142.348461 -142.348461
19075 2.611530 2.611530 -142.348470 -142.348470
19080 2.611500 2.611500 -142.348500 -142.348500
21096 2.161965 2.161965 -142.798035 -142.798035
21802 2.161953 2.161953 -142.798047 -142.798047
21807 2.161932 2.161932 -142.798068 -142.798068
21810 2.161931 2.161931 -142.798069 -142.798069
77846 2.041498 2.041498 -142.918502 -142.918502
78531 2.041497 2.041497 -142.918503 -142.918503
78533 2.041490 2.041490 -142.918510 -142.918510
78538 2.041461 2.041461 -142.918539 -142.918539
78540 2.041428 2.041428 -142.918572 -142.918572
134497 1.818525 1.818525 -143.141475 -143.141475
135000 60222.059780 1.818525 60222.059780 -143.141475
"function evaluation" "current f(x)" "best-so-far f(x)" "current af(x)+b"  "best af(x)+b"
1 1110.422457 1110.422457 1104.122457 1104.122457
7 1110.421522 1110.421522 1104.121522 1104.121522
10 1110.408127 1110.408127 1104.108127 1104.108127
501 286.820475 286.820475 280.520475 280.520475
503 72.101874 72.101874 65.801874 65.801874
504 37.314664 37.314664 31.014664 31.014664
999 36.596447 36.596447 30.296447 30.296447
1642 36.596435 36.596435 30.296435 30.296435
1643 36.596435 36.596435 30.296435 30.296435
1646 36.596407 36.596407 30.296407 30.296407
1647 36.595552 36.595552 30.295552 30.295552
1650 36.592945 36.592945 30.292945 30.292945
2504 6.332593 6.332593 0.032593 0.032593
2508 2.646838 2.646838 -3.653162 -3.653162
3081 2.646826 2.646826 -3.653174 -3.653174
3085 2.646820 2.646820 -3.653180 -3.653180
3088 2.646796 2.646796 -3.653204 -3.653204
7364 2.480631 2.480631 -3.819369 -3.819369
8162 2.480629 2.480629 -3.819371 -3.819371
8164 2.480624 2.480624 -3.819376 -3.819376
8166 2.480615 2.480615 -3.819385 -3.819385
8168 2.480611 2.480611 -3.819389 -3.819389
8169 2.480609 2.480609 -3.819391 -3.819391
12824 2.251770 2.251770 -4.048230 -4.048230
13602 2.251760 2.251760 -4.048240 -4.048240
13603 2.251749 2.251749 -4.048251 -4.048251
23626 1.909270 1.909270 -4.390730 -4.390730
24401 1.909258 1.909258 -4.390742 -4.390742
24404 1.909252 1.909252 -4.390748 -4.390748
24406 1.909249 1.909249 -4.390751 -4.390751
24408 1.909235 1.909235 -4.390765 -4.390765
135000 15520.737712 1.909235 15520.737712 -4.390765
"function evaluation" "current f(x)" "best-so-far f(x)" "current af(x)+b"  "best af(x)+b"
1 183562.440692 183562.440692 183556.140692 183556.140692
2 183562.422497 183562.422497 183556.122497 183556.122497
5 183562.400835 183562.400835 183556.100835 183556.100835
8 183562.255132 183562.255132 183555.955132 183555.955132
9 183562.217518 183562.217518 183555.917518 183555.917518
11 8433.012191 8433.012191 8426.712191 8426.712191
15 8433.002698 8433.002698 8426.702698 8426.702698
17 8432.995365 8432.995365 8426.695365 8426.695365
81 5548.630917 5548.630917 5542.330917 5542.330917
82 5548.621018 5548.621018 5542.321018 5542.321018
83 5548.606138 5548.606138 5542.306138 5542.306138
381 2816.848209 2816.848209 2810.548209 2810.548209
382 2816.836602 2816.836602 2810.536602 2810.536602
387 2816.823647 2816.823647 2810.523647 2810.523647
461 1716.995447 1716.995447 1710.695447 1710.695447
466 1716.990563 1716.990563 1710.690563 1710.690563
467 1716.975834 1716.975834 1710.675834 1710.675834
1147 991.737246 991.737246 985.437246 985.437246
1149 759.629942 759.629942 753.329942 753.329942
1152 738.698466 738.698466 732.398466 732.398466
1283 7.280907 7.280907 0.980907 0.980907
1811 7.280894 7.280894 0.980894 0.980894
1814 7.280889 7.280889 0.980889 0.980889
1816 7.280708 7.280708 0.980708 0.980708
1817 7.280065 7.280065 0.980065 0.980065
2244 3.790927 3.790927 -2.509073 -2.509073
2636 3.380511 3.380511 -2.919489 -2.919489
3161 3.380507 3.380507 -2.919493 -2.919493
3164 3.380499 3.380499 -2.919501 -2.919501
3167 3.380476 3.380476 -2.919524 -2.919524
20192 3.344595 3.344595 -2.955405 -2.955405
20712 3.344580 3.344580 -2.955420 -2.955420
20713 3.344567 3.344567 -2.955433 -2.955433
20719 3.344555 3.344555 -2.955445 -2.955445
28099 2.150575 2.150575 -4.149425 -4.149425
28702 2.150574 2.150574 -4.149426 -4.149426
28704 2.150566 2.150566 -4.149434 -4.149434
28705 2.150564 2.150564 -4.149436 -4.149436
28708 2.150540 2.150540 -4.149460 -4.149460
28709 2.150520 2.150520 -4.149480 -4.149480
135000 72033.125973 2.150520 72033.125973 -4.149480
"function evaluation" "current f(x)" "best-so-far f(x)" "current af(x)+b"  "best af(x)+b"
1 15233.207642 15233.207642 15226.907642 15226.907642
3 15233.196844 15233.196844 15226.896844 15226.896844
5 15233.166852 15233.166852 15226.866852 15226.866852
31 7255.125172 7255.125172 7248.825172 7248.825172
34 7255.124555 7255.124555 7248.824555 7248.824555
36 7255.112729 7255.112729 7248.812729 7248.812729
37 7255.084984 7255.084984 7248.784984 7248.784984
371 948.847177 948.847177 942.547177 942.547177
376 948.843519 948.843519 942.543519 942.543519
377 948.832560 948.832560 942.532560 942.532560
1130 416.204627 416.204627 409.904627 409.904627
1132 107.684271 107.684271 101.384271 101.384271
1134 27.558496 27.558496 21.258496 21.258496
1137 12.391298 12.391298 6.091298 6.091298
1722 12.390676 12.390676 6.090676 6.090676
3206 7.360102 7.360102 1.060102 1.060102
3218 4.032507 4.032507 -2.267493 -2.267493
4062 4.032500 4.032500 -2.267500 -2.267500
4065 4.032489 4.032489 -2.267511 -2.267511
5925 3.637149 3.637149 -2.662851 -2.662851
5926 2.934984 2.934984 -3.365016 -3.365016
6761 2.934975 2.934975 -3.365025 -3.365025
6764 2.934974 2.934974 -3.365026 -3.365026
6765 2.934957 2.934957 -3.365043 -3.365043
6770 2.934951 2.934951 -3.365049 -3.365049
13082 2.347377 2.347377 -3.952623 -3.952623
13751 2.347375 2.347375 -3.952625 -3.952625
13753 2.347362 2.347362 -3.952638 -3.952638
13755 2.347358 2.347358 -3.952642 -3.952642
13757 2.347352 2.347352 -3.952648 -3.952648
13760 2.347332 2.347332 -3.952668 -3.952668
53791 1.955524 1.955524 -4.344476 -4.344476
54372 1.955520 1.955520 -4.344480 -4.344480
54376 1.955494 1.955494 -4.344506 -4.344506
135000 27555.188302 1.955494 27555.188302 -4.344506
