"function evaluation" "current f(x)" "best-so-far f(x)" "current af(x)+b"  "best af(x)+b"
1 417621251.279082 417621251.279082 417620630.169082 417620630.169082
7 417516560.064454 417516560.064454 417515938.954454 417515938.954454
14 417439196.305110 417439196.305110 417438575.195109 417438575.195109
561 286110767.686705 286110767.686705 286110146.576705 286110146.576705
564 285962888.555940 285962888.555940 285962267.445940 285962267.445940
596 285879768.614060 285879768.614060 285879147.504060 285879147.504060
2001 274648196.499747 274648196.499747 274647575.389746 274647575.389746
2003 252666813.139188 252666813.139188 252666192.029188 252666192.029188
2006 241526901.417468 241526901.417468 241526280.307468 241526280.307468
2239 208197681.188551 208197681.188551 208197060.078551 208197060.078551
2241 165657435.112844 165657435.112844 165656814.002844 165656814.002844
2768 165365862.788527 165365862.788527 165365241.678527 165365241.678527
4651 165315618.033219 165315618.033219 165314996.923219 165314996.923219
4654 165203430.253845 165203430.253845 165202809.143845 165202809.143845
4970 85717361.380251 85717361.380251 85716740.270251 85716740.270251
5982 85706173.769837 85706173.769837 85705552.659837 85705552.659837
5984 85551820.790200 85551820.790200 85551199.680200 85551199.680200
285000 2975735859.137100 85551820.790200 2975735859.137100 85551199.680200
"function evaluation" "current f(x)" "best-so-far f(x)" "current af(x)+b"  "best af(x)+b"
1 4753833355.165563 4753833355.165563 4753832734.055563 4753832734.055563
2 4752521770.453988 4752521770.453988 4752521149.343988 4752521149.343988
4 4749195691.429850 4749195691.429850 4749195070.319850 4749195070.319850
7 4749128734.218966 4749128734.218966 4749128113.108966 4749128113.108966
20 4749108698.580958 4749108698.580958 4749108077.470959 4749108077.470959
26 4746569660.787529 4746569660.787529 4746569039.677529 4746569039.677529
36 4746403051.420900 4746403051.420900 4746402430.310901 4746402430.310901
121 4272402115.266008 4272402115.266008 4272401494.156008 4272401494.156008
124 4270155080.630297 4270155080.630297 4270154459.520297 4270154459.520297
125 4270033390.109842 4270033390.109842 4270032768.999842 4270032768.999842
146 4268858664.107569 4268858664.107569 4268858042.997569 4268858042.997569
161 3300949318.227647 3300949318.227647 3300948697.117647 3300948697.117647
162 3299506652.759234 3299506652.759234 3299506031.649234 3299506031.649234
164 3297208430.621260 3297208430.621260 3297207809.511260 3297207809.511260
180 3296953133.109647 3296953133.109647 3296952511.999647 3296952511.999647
186 3295671007.479522 3295671007.479522 3295670386.369522 3295670386.369522
241 517081107.518126 517081107.518126 517080486.408126 517080486.408126
242 516507524.890325 516507524.890325 516506903.780325 516506903.780325
244 516365498.887065 516365498.887065 516364877.777065 516364877.777065
270 516000904.767200 516000904.767200 516000283.657200 516000283.657200
401 290537505.634911 290537505.634911 290536884.524911 290536884.524911
404 290230157.100628 290230157.100628 290229535.990628 290229535.990628
2171 130091138.735201 130091138.735201 130090517.625201 130090517.625201
3251 130082585.349718 130082585.349718 130081964.239718 130081964.239718
3254 129976243.686130 129976243.686130 129975622.576130 129975622.576130
3259 129969861.493720 129969861.493720 129969240.383720 129969240.383720
5381 126090117.196567 126090117.196567 126089496.086567 126089496.086567
5628 122074703.454504 122074703.454504 122074082.344504 122074082.344504
7502 122040242.177916 122040242.177916 122039621.067916 122039621.067916
7507 122004833.559331 122004833.559331 122004212.449331 122004212.449331
7531 121967225.354258 121967225.354258 121966604.244258 121966604.244258
7706 120209262.775688 120209262.775688 120208641.665688 120208641.665688
8551 120165637.169286 120165637.169286 120165016.059286 120165016.059286
8563 120154931.920818 120154931.920818 120154310.810818 120154310.810818
8590 120148311.768982 120148311.768982 120147690.658982 120147690.658982
285000 477793422.972118 120148311.768982 477793422.972118 120147690.658982
"function evaluation" "current f(x)" "best-so-far f(x)" "current af(x)+b"  "best af(x)+b"
1 1238253364.200956 1238253364.200956 1238252743.090956 1238252743.090956
4 1237741427.384671 1237741427.384671 1237740806.274671 1237740806.274671
12 1237669903.989028 1237669903.989028 1237669282.879029 1237669282.879029
14 1237666349.614142 1237666349.614142 1237665728.504142 1237665728.504142
26 1237128028.534037 1237128028.534037 1237127407.424037 1237127407.424037
41 811836540.189679 811836540.189679 811835919.079679 811835919.079679
42 811568469.560125 811568469.560125 811567848.450125 811567848.450125
44 811016736.942590 811016736.942590 811016115.832590 811016115.832590
56 810625087.035828 810625087.035828 810624465.925828 810624465.925828
58 810582526.094025 810582526.094025 810581904.984025 810581904.984025
79 810383839.432526 810383839.432526 810383218.322526 810383218.322526
81 520919292.411723 520919292.411723 520918671.301723 520918671.301723
92 520901643.490495 520901643.490495 520901022.380495 520901022.380495
94 520752826.065896 520752826.065896 520752204.955896 520752204.955896
441 374288392.837619 374288392.837619 374287771.727619 374287771.727619
452 374276087.211516 374276087.211516 374275466.101516 374275466.101516
453 374258901.373897 374258901.373897 374258280.263897 374258280.263897
458 374039788.115636 374039788.115636 374039167.005636 374039167.005636
841 350983735.225710 350983735.225710 350983114.115710 350983114.115710
842 350768408.062973 350768408.062973 350767786.952973 350767786.952973
844 350665956.624753 350665956.624753 350665335.514753 350665335.514753
870 350504915.568719 350504915.568719 350504294.458719 350504294.458719
1481 159751687.865768 159751687.865768 159751066.755768 159751066.755768
1482 159711185.509358 159711185.509358 159710564.399358 159710564.399358
1484 159701925.701908 159701925.701908 159701304.591908 159701304.591908
1486 159691617.261340 159691617.261340 159690996.151340 159690996.151340
1495 159685164.031514 159685164.031514 159684542.921514 159684542.921514
1504 159647425.595334 159647425.595334 159646804.485334 159646804.485334
2630 130807346.038766 130807346.038766 130806724.928766 130806724.928766
2633 130564126.668522 130564126.668522 130563505.558522 130563505.558522
2636 120586248.314184 120586248.314184 120585627.204184 120585627.204184
4332 120584599.596783 120584599.596783 120583978.486783 120583978.486783
4334 120562508.994558 120562508.994558 120561887.884558 120561887.884558
4336 120559701.149739 120559701.149739 120559080.039739 120559080.039739
4345 120538620.692856 120538620.692856 120537999.582856 120537999.582856
4354 120507562.688174 120507562.688174 120506941.578174 120506941.578174
5491 111195676.238145 111195676.238145 111195055.128145 111195055.128145
7182 111187531.352596 111187531.352596 111186910.242596 111186910.242596
7188 111186534.772287 111186534.772287 111185913.662287 111185913.662287
7189 111172127.171531 111172127.171531 111171506.061531 111171506.061531
7195 111139229.301734 111139229.301734 111138608.191734 111138608.191734
285000 431702509.340916 111139229.301734 431702509.340916 111138608.191734
"function evaluation" "current f(x)" "best-so-far f(x)" "current af(x)+b"  "best af(x)+b"
1 8289622867.543922 8289622867.543922 8289622612.723923 8289622612.723923
2 8266782816.396589 8266782816.396589 8266782561.576590 8266782561.576590
9 8264601419.493943 8264601419.493943 8264601164.673944 8264601164.673944
35 8263935440.212379 8263935440.212379 8263935185.392379 8263935185.392379
41 2254117264.454364 2254117264.454364 2254117009.634364 2254117009.634364
42 2248786780.794996 2248786780.794996 2248786525.974996 2248786525.974996
53 2248354485.868002 2248354485.868002 2248354231.048002 2248354231.048002
68 2247840045.939020 2247840045.939020 2247839791.119020 2247839791.119020
121 1040427885.260728 1040427885.260728 1040427630.440728 1040427630.440728
122 1039225841.795339 1039225841.795339 1039225586.975339 1039225586.975339
133 1038610576.532920 1038610576.532920 1038610321.712920 1038610321.712920
961 216285793.858275 216285793.858275 216285539.038275 216285539.038275
962 215883351.347725 215883351.347725 215883096.527725 215883096.527725
995 215825866.306758 215825866.306758 215825611.486758 215825611.486758
2239 161733879.514975 161733879.514975 161733624.694975 161733624.694975
2409 137969493.726034 137969493.726034 137969238.906034 137969238.906034
3812 137922084.452848 137922084.452848 137921829.632848 137921829.632848
3832 137911397.757509 137911397.757509 137911142.937509 137911142.937509
3845 137872978.578547 137872978.578547 137872723.758547 137872723.758547
285000 548872651.356733 137872978.578547 548872651.356733 137872723.758547
"function evaluation" "current f(x)" "best-so-far f(x)" "current af(x)+b"  "best af(x)+b"
1 29481081763.978367 29481081763.978367 29481081509.158367 29481081509.158367
2 29371698155.480606 29371698155.480606 29371697900.660606 29371697900.660606
35 29369490419.221989 29369490419.221989 29369490164.401989 29369490164.401989
41 8161820088.629890 8161820088.629890 8161819833.809891 8161819833.809891
42 8142355885.308829 8142355885.308829 8142355630.488830 8142355630.488830
53 8141583808.553588 8141583808.553588 8141583553.733588 8141583553.733588
68 8138509743.114704 8138509743.114704 8138509488.294704 8138509488.294704
81 1330247913.553546 1330247913.553546 1330247658.733546 1330247658.733546
82 1329812462.162355 1329812462.162355 1329812207.342355 1329812207.342355
84 1329604416.550954 1329604416.550954 1329604161.730954 1329604161.730954
86 1329508640.230378 1329508640.230378 1329508385.410378 1329508385.410378
87 1329303978.577068 1329303978.577068 1329303723.757068 1329303723.757068
89 1329107674.933820 1329107674.933820 1329107420.113821 1329107420.113821
117 1329020487.337278 1329020487.337278 1329020232.517278 1329020232.517278
241 505228834.292160 505228834.292160 505228579.472160 505228579.472160
242 504740896.737072 504740896.737072 504740641.917072 504740641.917072
253 504622443.158430 504622443.158430 504622188.338430 504622188.338430
262 504581533.873124 504581533.873124 504581279.053124 504581279.053124
274 504536121.449893 504536121.449893 504535866.629893 504535866.629893
601 403341545.144843 403341545.144843 403341290.324843 403341290.324843
602 402635565.254715 402635565.254715 402635310.434715 402635310.434715
628 402613581.369982 402613581.369982 402613326.549982 402613326.549982
1081 346742238.074722 346742238.074722 346741983.254722 346741983.254722
1082 346042408.114339 346042408.114339 346042153.294339 346042153.294339
2103 331545969.268052 331545969.268052 331545714.448052 331545714.448052
2112 324304536.005311 324304536.005311 324304281.185311 324304281.185311
2256 252396163.422527 252396163.422527 252395908.602527 252395908.602527
2258 250700726.397084 250700726.397084 250700471.577084 250700471.577084
2263 249608753.515235 249608753.515235 249608498.695235 249608498.695235
2264 244433537.747669 244433537.747669 244433282.927669 244433282.927669
2267 234976422.576275 234976422.576275 234976167.756275 234976167.756275
2460 232875089.846620 232875089.846620 232874835.026620 232874835.026620
2464 211929836.826414 211929836.826414 211929582.006414 211929582.006414
2717 194715677.170262 194715677.170262 194715422.350262 194715422.350262
2719 192157200.895232 192157200.895232 192156946.075232 192156946.075232
2725 188356683.636145 188356683.636145 188356428.816145 188356428.816145
4532 188226409.740677 188226409.740677 188226154.920677 188226154.920677
4542 188220288.435003 188220288.435003 188220033.615003 188220033.615003
4548 188184745.190668 188184745.190668 188184490.370668 188184490.370668
4557 188172193.832577 188172193.832577 188171939.012577 188171939.012577
4960 181837098.307430 181837098.307430 181836843.487430 181836843.487430
5031 166597894.788868 166597894.788868 166597639.968868 166597639.968868
5108 154138135.522385 154138135.522385 154137880.702385 154137880.702385
5497 87541735.950659 87541735.950659 87541481.130659 87541481.130659
7222 87506047.676581 87506047.676581 87505792.856581 87505792.856581
7231 87494459.488644 87494459.488644 87494204.668644 87494204.668644
7236 87491331.691601 87491331.691601 87491076.871601 87491076.871601
7257 87443520.305753 87443520.305753 87443265.485753 87443265.485753
285000 4686577057.863477 87443520.305753 4686577057.863477 87443265.485753
"function evaluation" "current f(x)" "best-so-far f(x)" "current af(x)+b"  "best af(x)+b"
1 520270831.054988 520270831.054988 520270576.234988 520270576.234988
2 520182061.611324 520182061.611324 520181806.791324 520181806.791324
4 519893671.328044 519893671.328044 519893416.508044 519893416.508044
9 519886627.508300 519886627.508300 519886372.688300 519886372.688300
29 519680060.613891 519680060.613891 519679805.793891 519679805.793891
841 241096100.365362 241096100.365362 241095845.545362 241095845.545362
842 240780845.384257 240780845.384257 240780590.564257 240780590.564257
844 240597942.025074 240597942.025074 240597687.205074 240597687.205074
2358 133708697.149865 133708697.149865 133708442.329865 133708442.329865
2361 118585379.544179 118585379.544179 118585124.724179 118585124.724179
2366 106933260.212511 106933260.212511 106933005.392511 106933005.392511
3692 106895958.877536 106895958.877536 106895704.057536 106895704.057536
3694 106785530.787894 106785530.787894 106785275.967894 106785275.967894
285000 844185194.828019 106785530.787894 844185194.828019 106785275.967894
"function evaluation" "current f(x)" "best-so-far f(x)" "current af(x)+b"  "best af(x)+b"
1 8254027484.435601 8254027484.435601 8254027541.045601 8254027541.045601
41 1525562384.632072 1525562384.632072 1525562441.242072 1525562441.242072
44 1524251832.165856 1524251832.165856 1524251888.775856 1524251888.775856
161 665161507.502408 665161507.502408 665161564.112408 665161564.112408
164 665081824.884354 665081824.884354 665081881.494354 665081881.494354
168 665071423.172997 665071423.172997 665071479.782997 665071479.782997
173 665043058.339007 665043058.339007 665043114.949007 665043114.949007
180 664508466.535885 664508466.535885 664508523.145885 664508523.145885
241 594151000.488196 594151000.488196 594151057.098196 594151057.098196
242 593964399.116301 593964399.116301 593964455.726301 593964455.726301
244 593850316.028426 593850316.028426 593850372.638426 593850372.638426
245 593647833.477136 593647833.477136 593647890.087136 593647890.087136
258 593501282.136567 593501282.136567 593501338.746567 593501338.746567
264 593296403.005279 593296403.005279 593296459.615279 593296459.615279
521 550323553.430087 550323553.430087 550323610.040087 550323610.040087
525 550107130.852903 550107130.852903 550107187.462903 550107187.462903
535 550103055.385005 550103055.385005 550103111.995005 550103111.995005
538 550041445.551558 550041445.551558 550041502.161558 550041502.161558
553 549919599.175125 549919599.175125 549919655.785125 549919655.785125
801 489462314.282254 489462314.282254 489462370.892254 489462370.892254
805 489395717.725267 489395717.725267 489395774.335267 489395774.335267
808 489298640.149132 489298640.149132 489298696.759132 489298696.759132
815 489249274.054916 489249274.054916 489249330.664916 489249330.664916
1401 304305340.077332 304305340.077332 304305396.687332 304305396.687332
1402 304261656.808797 304261656.808797 304261713.418797 304261713.418797
1404 304252052.095552 304252052.095552 304252108.705552 304252108.705552
1405 304212470.999722 304212470.999722 304212527.609722 304212527.609722
1408 304148907.557388 304148907.557388 304148964.167388 304148964.167388
1409 304125839.576671 304125839.576671 304125896.186671 304125896.186671
2105 299393315.067604 299393315.067604 299393371.677604 299393371.677604
2110 279828082.940602 279828082.940602 279828139.550602 279828139.550602
2596 235891500.722073 235891500.722073 235891557.332073 235891557.332073
2600 222154560.861120 222154560.861120 222154617.471120 222154617.471120
2601 201186154.857902 201186154.857902 201186211.467902 201186211.467902
4251 201138700.629893 201138700.629893 201138757.239893 201138757.239893
4258 201124926.307949 201124926.307949 201124982.917949 201124982.917949
4259 201097677.406228 201097677.406228 201097734.016228 201097734.016228
4286 201096652.992521 201096652.992521 201096709.602521 201096709.602521
4921 189012533.975097 189012533.975097 189012590.585097 189012590.585097
4922 188234346.408910 188234346.408910 188234403.018910 188234403.018910
4923 131797622.145222 131797622.145222 131797678.755222 131797678.755222
4925 118491282.048865 118491282.048865 118491338.658865 118491338.658865
5861 118461741.832013 118461741.832013 118461798.442013 118461798.442013
5871 118452807.519332 118452807.519332 118452864.129332 118452864.129332
5875 118435603.964413 118435603.964413 118435660.574413 118435660.574413
5897 118426504.428822 118426504.428822 118426561.038822 118426561.038822
7778 114655601.038141 114655601.038141 114655657.648141 114655657.648141
7930 90731699.686169 90731699.686169 90731756.296169 90731756.296169
9072 90726646.866016 90726646.866016 90726703.476016 90726703.476016
9074 90696884.145435 90696884.145435 90696940.755435 90696940.755435
9078 90692693.554895 90692693.554895 90692750.164895 90692750.164895
9082 90684608.386931 90684608.386931 90684664.996931 90684664.996931
9097 90678236.043397 90678236.043397 90678292.653397 90678292.653397
9104 90650635.012827 90650635.012827 90650691.622827 90650691.622827
285000 541858118.493769 90650635.012827 541858118.493769 90650691.622827
"function evaluation" "current f(x)" "best-so-far f(x)" "current af(x)+b"  "best af(x)+b"
1 1609371991.857450 1609371991.857450 1609372048.467450 1609372048.467450
39 1608506344.907178 1608506344.907178 1608506401.517178 1608506401.517178
41 1202387145.694661 1202387145.694661 1202387202.304661 1202387202.304661
43 1201774982.231814 1201774982.231814 1201775038.841814 1201775038.841814
52 1201606856.465151 1201606856.465151 1201606913.075151 1201606913.075151
61 1201485762.613548 1201485762.613548 1201485819.223548 1201485819.223548
81 1184157501.782442 1184157501.782442 1184157558.392442 1184157558.392442
84 1183710495.673378 1183710495.673378 1183710552.283377 1183710552.283377
113 1183586302.913554 1183586302.913554 1183586359.523554 1183586359.523554
119 1183553684.090825 1183553684.090825 1183553740.700825 1183553740.700825
121 356838186.031227 356838186.031227 356838242.641227 356838242.641227
142 356834463.192901 356834463.192901 356834519.802901 356834519.802901
144 356785794.568245 356785794.568245 356785851.178245 356785851.178245
761 250379437.496255 250379437.496255 250379494.106255 250379494.106255
763 250364981.183950 250364981.183950 250365037.793950 250365037.793950
765 250340066.849041 250340066.849041 250340123.459041 250340123.459041
778 250336280.829489 250336280.829489 250336337.439489 250336337.439489
788 250261540.006402 250261540.006402 250261596.616402 250261596.616402
1561 243026221.971182 243026221.971182 243026278.581182 243026278.581182
1562 242961659.333813 242961659.333813 242961715.943813 242961715.943813
1563 242915539.614955 242915539.614955 242915596.224955 242915596.224955
1596 242902389.870763 242902389.870763 242902446.480763 242902446.480763
2057 233031041.090546 233031041.090546 233031097.700546 233031097.700546
2324 146442363.391698 146442363.391698 146442420.001698 146442420.001698
2329 137646671.995649 137646671.995649 137646728.605649 137646728.605649
2330 135905654.534379 135905654.534379 135905711.144379 135905711.144379
3611 135841400.947549 135841400.947549 135841457.557549 135841457.557549
3624 135840172.372268 135840172.372268 135840228.982268 135840228.982268
3649 135811022.818530 135811022.818530 135811079.428530 135811079.428530
285000 1181021072.239263 135811022.818530 1181021072.239263 135811079.428530
"function evaluation" "current f(x)" "best-so-far f(x)" "current af(x)+b"  "best af(x)+b"
1 367164586.152239 367164586.152239 367164642.762239 367164642.762239
521 365356196.088457 365356196.088457 365356252.698457 365356252.698457
522 365279700.366582 365279700.366582 365279756.976582 365279756.976582
525 365234754.239354 365234754.239354 365234810.849354 365234810.849354
529 365161470.766392 365161470.766392 365161527.376392 365161527.376392
556 365112559.620079 365112559.620079 365112616.230079 365112616.230079
2001 249005308.100434 249005308.100434 249005364.710434 249005364.710434
2003 223643899.702812 223643899.702812 223643956.312812 223643956.312812
2004 222026100.053208 222026100.053208 222026156.663208 222026156.663208
2007 221939460.479054 221939460.479054 221939517.089054 221939517.089054
2011 218640168.737704 218640168.737704 218640225.347704 218640225.347704
2851 218469708.681091 218469708.681091 218469765.291091 218469765.291091
7965 152722793.830917 152722793.830917 152722850.440917 152722850.440917
9152 152720596.005633 152720596.005633 152720652.615633 152720652.615633
9153 152696215.400580 152696215.400580 152696272.010580 152696272.010580
9162 152690988.021560 152690988.021560 152691044.631560 152691044.631560
9164 152646408.569791 152646408.569791 152646465.179791 152646465.179791
285000 1091985423.518727 152646408.569791 1091985423.518727 152646465.179791
"function evaluation" "current f(x)" "best-so-far f(x)" "current af(x)+b"  "best af(x)+b"
1 381437540.117224 381437540.117224 381437522.017224 381437522.017224
2 381383481.069323 381383481.069323 381383462.969323 381383462.969323
4 381237802.579545 381237802.579545 381237784.479545 381237784.479545
5 381224364.075396 381224364.075396 381224345.975396 381224345.975396
10 381218527.255484 381218527.255484 381218509.155484 381218509.155484
14 381149830.776879 381149830.776879 381149812.676879 381149812.676879
19 381092341.720014 381092341.720014 381092323.620014 381092323.620014
35 381034575.848975 381034575.848975 381034557.748975 381034557.748975
41 235740079.254992 235740079.254992 235740061.154992 235740061.154992
48 235717944.452361 235717944.452361 235717926.352361 235717926.352361
50 235701449.745112 235701449.745112 235701431.645112 235701431.645112
281 201956193.114860 201956193.114860 201956175.014860 201956175.014860
282 201478036.626050 201478036.626050 201478018.526050 201478018.526050
2018 192117164.016754 192117164.016754 192117145.916754 192117145.916754
2021 182930144.925033 182930144.925033 182930126.825033 182930126.825033
2035 112525709.641799 112525709.641799 112525691.541799 112525691.541799
2037 103175916.786653 103175916.786653 103175898.686653 103175898.686653
2042 102559040.726063 102559040.726063 102559022.626063 102559022.626063
2931 102539154.926101 102539154.926101 102539136.826101 102539136.826101
2933 102519110.085689 102519110.085689 102519091.985689 102519091.985689
2936 102452745.580855 102452745.580855 102452727.480855 102452727.480855
4887 80533150.695573 80533150.695573 80533132.595573 80533132.595573
4896 77229283.683745 77229283.683745 77229265.583745 77229265.583745
5781 77220329.510193 77220329.510193 77220311.410193 77220311.410193
5783 77214846.747391 77214846.747391 77214828.647391 77214828.647391
5786 77208500.072711 77208500.072711 77208481.972711 77208481.972711
5790 77206693.668240 77206693.668240 77206675.568240 77206675.568240
5791 77176352.953603 77176352.953603 77176334.853603 77176334.853603
285000 1841120550.710805 77176352.953603 1841120550.710805 77176334.853603
"function evaluation" "current f(x)" "best-so-far f(x)" "current af(x)+b"  "best af(x)+b"
1 1349364577.072833 1349364577.072833 1349364558.972833 1349364558.972833
5 1349108363.963845 1349108363.963845 1349108345.863845 1349108345.863845
9 1348520745.656919 1348520745.656919 1348520727.556919 1348520727.556919
33 1347956660.160530 1347956660.160530 1347956642.060530 1347956642.060530
41 608267633.234964 608267633.234964 608267615.134964 608267615.134964
46 608035702.194539 608035702.194539 608035684.094539 608035684.094539
49 607915403.108380 607915403.108380 607915385.008380 607915385.008380
66 607785330.260486 607785330.260486 607785312.160486 607785312.160486
78 607549577.821694 607549577.821694 607549559.721694 607549559.721694
441 151231274.669160 151231274.669160 151231256.569160 151231256.569160
446 151200165.049846 151200165.049846 151200146.949846 151200146.949846
2188 115247280.876306 115247280.876306 115247262.776306 115247262.776306
2191 115240630.854557 115240630.854557 115240612.754557 115240612.754557
2193 115100139.113093 115100139.113093 115100121.013093 115100121.013093
3291 115087675.431635 115087675.431635 115087657.331635 115087657.331635
3296 115050457.990591 115050457.990591 115050439.890591 115050439.890591
5633 111282508.850163 111282508.850163 111282490.750163 111282490.750163
5638 109871432.815222 109871432.815222 109871414.715222 109871414.715222
5650 99104047.754949 99104047.754949 99104029.654949 99104029.654949
5657 90841808.941745 90841808.941745 90841790.841745 90841790.841745
7581 90840350.608466 90840350.608466 90840332.508466 90840332.508466
7583 90800710.698503 90800710.698503 90800692.598503 90800692.598503
7601 90772770.212460 90772770.212460 90772752.112460 90772752.112460
285000 3258456591.152628 90772770.212460 3258456591.152628 90772752.112460
"function evaluation" "current f(x)" "best-so-far f(x)" "current af(x)+b"  "best af(x)+b"
1 2680921637.464705 2680921637.464705 2680921619.364705 2680921619.364705
2 2680134931.353673 2680134931.353673 2680134913.253674 2680134913.253674
5 2680127674.932171 2680127674.932171 2680127656.832171 2680127656.832171
7 2679901008.602256 2679901008.602256 2679900990.502256 2679900990.502256
9 2678972872.619650 2678972872.619650 2678972854.519650 2678972854.519650
20 2677619843.239586 2677619843.239586 2677619825.139586 2677619825.139586
35 2677451459.884549 2677451459.884549 2677451441.784549 2677451441.784549
81 303514161.476186 303514161.476186 303514143.376186 303514143.376186
82 303454397.317956 303454397.317956 303454379.217956 303454379.217956
84 303370981.495523 303370981.495523 303370963.395523 303370963.395523
85 303355739.350903 303355739.350903 303355721.250903 303355721.250903
95 303342544.024190 303342544.024190 303342525.924190 303342525.924190
109 303301098.089482 303301098.089482 303301079.989482 303301079.989482
113 303246005.739701 303246005.739701 303245987.639701 303245987.639701
115 303056427.276721 303056427.276721 303056409.176721 303056409.176721
161 263493101.402703 263493101.402703 263493083.302703 263493083.302703
162 263203269.963983 263203269.963983 263203251.863983 263203251.863983
164 263197053.175525 263197053.175525 263197035.075525 263197035.075525
641 240358969.178807 240358969.178807 240358951.078807 240358951.078807
642 240168779.671483 240168779.671483 240168761.571483 240168761.571483
648 240163930.776478 240163930.776478 240163912.676478 240163912.676478
1281 168048335.355639 168048335.355639 168048317.255639 168048317.255639
1295 168048042.373370 168048042.373370 168048024.273370 168048024.273370
1313 168014489.781295 168014489.781295 168014471.681295 168014471.681295
1315 167962565.200224 167962565.200224 167962547.100224 167962547.100224
2073 164574132.542323 164574132.542323 164574114.442323 164574114.442323
2545 114136179.833678 114136179.833678 114136161.733678 114136161.733678
2554 106755803.670878 106755803.670878 106755785.570878 106755785.570878
4131 106719105.637699 106719105.637699 106719087.537699 106719087.537699
4141 106711825.781529 106711825.781529 106711807.681529 106711807.681529
4165 106684814.613717 106684814.613717 106684796.513717 106684796.513717
285000 1769699305.267044 106684814.613717 1769699305.267044 106684796.513717
"function evaluation" "current f(x)" "best-so-far f(x)" "current af(x)+b"  "best af(x)+b"
1 6533783369.762238 6533783369.762238 6533783407.532238 6533783407.532238
2 6517868835.884835 6517868835.884835 6517868873.654836 6517868873.654836
16 6517513011.747594 6517513011.747594 6517513049.517594 6517513049.517594
19 6513419840.722130 6513419840.722130 6513419878.492130 6513419878.492130
41 489188309.823931 489188309.823931 489188347.593931 489188347.593931
42 488697180.613730 488697180.613730 488697218.383730 488697218.383730
53 488531854.819287 488531854.819287 488531892.589287 488531892.589287
59 488504457.237746 488504457.237746 488504495.007746 488504495.007746
441 487198950.254885 487198950.254885 487198988.024885 487198988.024885
442 486629675.789856 486629675.789856 486629713.559856 486629713.559856
453 486478306.971982 486478306.971982 486478344.741982 486478344.741982
456 486468123.836192 486468123.836192 486468161.606192 486468161.606192
469 486434005.795320 486434005.795320 486434043.565320 486434043.565320
881 420806435.579793 420806435.579793 420806473.349793 420806473.349793
882 420647233.087842 420647233.087842 420647270.857841 420647270.857841
885 420275907.479641 420275907.479641 420275945.249641 420275945.249641
1041 375982464.556555 375982464.556555 375982502.326555 375982502.326555
1044 375929316.524743 375929316.524743 375929354.294743 375929354.294743
1051 375844465.548050 375844465.548050 375844503.318050 375844503.318050
1081 257502272.146124 257502272.146124 257502309.916124 257502309.916124
1082 257474939.167763 257474939.167763 257474976.937763 257474976.937763
1083 257473253.155832 257473253.155832 257473290.925832 257473290.925832
1086 257289672.138693 257289672.138693 257289709.908693 257289709.908693
2148 251291981.643832 251291981.643832 251292019.413832 251292019.413832
2379 250537133.617376 250537133.617376 250537171.387376 250537171.387376
2443 241003982.482065 241003982.482065 241004020.252065 241004020.252065
2445 240045917.751652 240045917.751652 240045955.521652 240045955.521652
2448 235484564.073439 235484564.073439 235484601.843439 235484601.843439
2450 234220529.775888 234220529.775888 234220567.545888 234220567.545888
2460 173125231.747912 173125231.747912 173125269.517912 173125269.517912
2462 171066961.442242 171066961.442242 171066999.212242 171066999.212242
2466 159061864.336453 159061864.336453 159061902.106453 159061902.106453
3931 159044868.189306 159044868.189306 159044905.959306 159044905.959306
3936 158984708.707392 158984708.707392 158984746.477392 158984746.477392
3943 158981134.730992 158981134.730992 158981172.500992 158981172.500992
3955 158974399.206006 158974399.206006 158974436.976006 158974436.976006
285000 799049134.954971 158974399.206006 799049134.954971 158974436.976006
"function evaluation" "current f(x)" "best-so-far f(x)" "current af(x)+b"  "best af(x)+b"
1 3015718783.129722 3015718783.129722 3015718820.899722 3015718820.899722
3 3015394144.509856 3015394144.509856 3015394182.279856 3015394182.279856
5 3014017689.695704 3014017689.695704 3014017727.465704 3014017727.465704
33 3011465422.266046 3011465422.266046 3011465460.036046 3011465460.036046
81 1034774467.026082 1034774467.026082 1034774504.796082 1034774504.796082
82 1033405179.092938 1033405179.092938 1033405216.862938 1033405216.862938
93 1033245210.922596 1033245210.922596 1033245248.692596 1033245248.692596
99 1032466996.293432 1032466996.293432 1032467034.063432 1032467034.063432
121 518817926.956301 518817926.956301 518817964.726301 518817964.726301
139 518654994.632101 518654994.632101 518655032.402101 518655032.402101
201 323488843.722661 323488843.722661 323488881.492661 323488881.492661
202 323392480.497163 323392480.497163 323392518.267163 323392518.267163
204 323247263.877282 323247263.877282 323247301.647282 323247301.647282
213 323133142.350295 323133142.350295 323133180.120295 323133180.120295
521 298627569.687790 298627569.687790 298627607.457790 298627607.457790
522 297992086.804497 297992086.804497 297992124.574497 297992124.574497
533 297962183.419794 297962183.419794 297962221.189794 297962221.189794
961 218545281.514803 218545281.514803 218545319.284803 218545319.284803
963 218489500.387148 218489500.387148 218489538.157148 218489538.157148
965 218434743.287126 218434743.287126 218434781.057126 218434781.057126
988 218359675.887297 218359675.887297 218359713.657297 218359713.657297
993 218299706.419890 218299706.419890 218299744.189890 218299744.189890
1481 212577373.309386 212577373.309386 212577411.079386 212577411.079386
1482 212393964.502759 212393964.502759 212394002.272759 212394002.272759
1493 212325547.223942 212325547.223942 212325584.993942 212325584.993942
1497 212305373.169160 212305373.169160 212305410.939160 212305410.939160
2092 196932268.448408 196932268.448408 196932306.218408 196932306.218408
2097 193471958.051423 193471958.051423 193471995.821423 193471995.821423
2098 183628537.836289 183628537.836289 183628575.606289 183628575.606289
2222 154421273.104623 154421273.104623 154421310.874623 154421310.874623
2292 154206455.967875 154206455.967875 154206493.737875 154206493.737875
2409 126368835.556464 126368835.556464 126368873.326464 126368873.326464
2415 125644128.460149 125644128.460149 125644166.230149 125644166.230149
2417 119107053.250117 119107053.250117 119107091.020117 119107091.020117
2419 116335214.330669 116335214.330669 116335252.100669 116335252.100669
3812 116314863.019363 116314863.019363 116314900.789363 116314900.789363
3818 116287895.872239 116287895.872239 116287933.642239 116287933.642239
3828 116286285.913638 116286285.913638 116286323.683638 116286323.683638
3838 116254823.283616 116254823.283616 116254861.053616 116254861.053616
285000 1910897080.669206 116254823.283616 1910897080.669206 116254861.053616
"function evaluation" "current f(x)" "best-so-far f(x)" "current af(x)+b"  "best af(x)+b"
1 271355932.014856 271355932.014856 271355969.784856 271355969.784856
2 271248404.254147 271248404.254147 271248442.024147 271248442.024147
4 271161448.704206 271161448.704206 271161486.474205 271161486.474205
13 271073925.379193 271073925.379193 271073963.149193 271073963.149193
241 157956397.060531 157956397.060531 157956434.830531 157956434.830531
242 157926689.429561 157926689.429561 157926727.199562 157926727.199562
244 157893875.457092 157893875.457092 157893913.227092 157893913.227092
251 157840221.162274 157840221.162274 157840258.932274 157840258.932274
268 157824725.030830 157824725.030830 157824762.800830 157824762.800830
2103 102907071.985953 102907071.985953 102907109.755953 102907109.755953
2107 87531613.496536 87531613.496536 87531651.266536 87531651.266536
3092 87515045.788867 87515045.788867 87515083.558867 87515083.558867
3098 87504482.469825 87504482.469825 87504520.239825 87504520.239825
3101 87491046.221305 87491046.221305 87491083.991305 87491083.991305
3103 87487216.274731 87487216.274731 87487254.044731 87487254.044731
3118 87458885.591336 87458885.591336 87458923.361336 87458923.361336
285000 810285396.620513 87458885.591336 810285396.620513 87458923.361336
