"function evaluation" "current f(x)" "best-so-far f(x)" "current af(x)+b"  "best af(x)+b"
1 26370214.762821 26370214.762821 26370004.882821 26370004.882821
2 26370214.692714 26370214.692714 26370004.812714 26370004.812714
4 26370214.647057 26370214.647057 26370004.767057 26370004.767057
6 26370214.483809 26370214.483809 26370004.603809 26370004.603809
12 26370213.216335 26370213.216335 26370003.336335 26370003.336335
14 26370210.137150 26370210.137150 26370000.257150 26370000.257150
17 26370208.760897 26370208.760897 26369998.880897 26369998.880897
20 26370193.696431 26370193.696431 26369983.816431 26369983.816431
21 26370151.152109 26370151.152109 26369941.272109 26369941.272109
24 26370085.778324 26370085.778324 26369875.898324 26369875.898324
26 26369967.036179 26369967.036179 26369757.156179 26369757.156179
27 26369674.675680 26369674.675680 26369464.795680 26369464.795680
31 26367977.378160 26367977.378160 26367767.498160 26367767.498160
33 26366636.299509 26366636.299509 26366426.419509 26366426.419509
36 26365684.201910 26365684.201910 26365474.321910 26365474.321910
37 26349017.087617 26349017.087617 26348807.207617 26348807.207617
40 26332540.868699 26332540.868699 26332330.988699 26332330.988699
41 11368874.408552 11368874.408552 11368664.528552 11368664.528552
42 11368874.380425 11368874.380425 11368664.500425 11368664.500425
43 11368874.302633 11368874.302633 11368664.422633 11368664.422633
46 11368874.227552 11368874.227552 11368664.347552 11368664.347552
47 11368874.121378 11368874.121378 11368664.241378 11368664.241378
49 11368873.916886 11368873.916886 11368664.036886 11368664.036886
52 11368872.378530 11368872.378530 11368662.498530 11368662.498530
56 11368872.164400 11368872.164400 11368662.284400 11368662.284400
60 11368847.287918 11368847.287918 11368637.407918 11368637.407918
62 11368819.841562 11368819.841562 11368609.961562 11368609.961562
64 11368740.001411 11368740.001411 11368530.121411 11368530.121411
66 11368435.384711 11368435.384711 11368225.504711 11368225.504711
69 11366763.805087 11366763.805087 11366553.925087 11366553.925087
71 11364950.966698 11364950.966698 11364741.086698 11364741.086698
73 11363852.910494 11363852.910494 11363643.030494 11363643.030494
76 11359642.148591 11359642.148591 11359432.268591 11359432.268591
79 11353487.143512 11353487.143512 11353277.263512 11353277.263512
81 6526837.809634 6526837.809634 6526627.929634 6526627.929634
86 6526837.467312 6526837.467312 6526627.587312 6526627.587312
92 6526836.309211 6526836.309211 6526626.429211 6526626.429211
94 6526834.579768 6526834.579768 6526624.699768 6526624.699768
100 6526792.597558 6526792.597558 6526582.717558 6526582.717558
104 6526670.943779 6526670.943779 6526461.063779 6526461.063779
109 6526223.279072 6526223.279072 6526013.399072 6526013.399072
111 6524777.269729 6524777.269729 6524567.389729 6524567.389729
118 6518957.216026 6518957.216026 6518747.336026 6518747.336026
241 5186737.414344 5186737.414344 5186527.534344 5186527.534344
244 5186737.340099 5186737.340099 5186527.460099 5186527.460099
246 5186737.001684 5186737.001684 5186527.121684 5186527.121684
250 5186736.663727 5186736.663727 5186526.783727 5186526.783727
252 5186734.408880 5186734.408880 5186524.528880 5186524.528880
256 5186731.047534 5186731.047534 5186521.167534 5186521.167534
260 5186724.614222 5186724.614222 5186514.734222 5186514.734222
264 5186619.754191 5186619.754191 5186409.874191 5186409.874191
266 5186476.156565 5186476.156565 5186266.276565 5186266.276565
267 5186115.531472 5186115.531472 5185905.651472 5185905.651472
269 5184701.525671 5184701.525671 5184491.645671 5184491.645671
276 5182889.506534 5182889.506534 5182679.626534 5182679.626534
277 5182243.796708 5182243.796708 5182033.916708 5182033.916708
761 3275578.171254 3275578.171254 3275368.291254 3275368.291254
764 3275578.131177 3275578.131177 3275368.251177 3275368.251177
766 3275578.020645 3275578.020645 3275368.140645 3275368.140645
768 3275577.812077 3275577.812077 3275367.932077 3275367.932077
770 3275577.307612 3275577.307612 3275367.427612 3275367.427612
772 3275576.705498 3275576.705498 3275366.825498 3275366.825498
775 3275571.301277 3275571.301277 3275361.421277 3275361.421277
777 3275564.189062 3275564.189062 3275354.309062 3275354.309062
783 3275487.155854 3275487.155854 3275277.275854 3275277.275854
786 3275389.777148 3275389.777148 3275179.897148 3275179.897148
788 3275218.452092 3275218.452092 3275008.572092 3275008.572092
789 3275150.786028 3275150.786028 3274940.906028 3274940.906028
791 3274109.895185 3274109.895185 3273900.015185 3273900.015185
794 3274004.975344 3274004.975344 3273795.095344 3273795.095344
798 3273701.941219 3273701.941219 3273492.061219 3273492.061219
800 3258081.813177 3258081.813177 3257871.933177 3257871.933177
1641 1628911.664551 1628911.664551 1628701.784551 1628701.784551
1642 1628911.629894 1628911.629894 1628701.749894 1628701.749894
1644 1628911.618065 1628911.618065 1628701.738065 1628701.738065
1645 1628911.607894 1628911.607894 1628701.727894 1628701.727894
1648 1628911.292207 1628911.292207 1628701.412207 1628701.412207
1650 1628911.265626 1628911.265626 1628701.385626 1628701.385626
1652 1628910.036269 1628910.036269 1628700.156269 1628700.156269
1654 1628906.909120 1628906.909120 1628697.029120 1628697.029120
1662 1628889.716796 1628889.716796 1628679.836796 1628679.836796
1664 1628795.404970 1628795.404970 1628585.524970 1628585.524970
1668 1628505.436623 1628505.436623 1628295.556623 1628295.556623
1669 1627783.731866 1627783.731866 1627573.851866 1627573.851866
1680 1624644.014003 1624644.014003 1624434.134003 1624434.134003
2326 1372100.260328 1372100.260328 1371890.380328 1371890.380328
2328 1184958.937332 1184958.937332 1184749.057332 1184749.057332
2335 1073779.147334 1073779.147334 1073569.267334 1073569.267334
2698 977732.388903 977732.388903 977522.508903 977522.508903
2707 857463.742486 857463.742486 857253.862486 857253.862486
4492 857463.729243 857463.729243 857253.849243 857253.849243
4494 857463.712208 857463.712208 857253.832208 857253.832208
4498 857463.432675 857463.432675 857253.552675 857253.552675
4502 857462.211129 857462.211129 857252.331129 857252.331129
4504 857459.537139 857459.537139 857249.657139 857249.657139
4512 857443.643931 857443.643931 857233.763931 857233.763931
4514 857344.010916 857344.010916 857134.130916 857134.130916
4518 857119.481514 857119.481514 856909.601514 856909.601514
4519 856304.804740 856304.804740 856094.924740 856094.924740
285000 16018353.665795 856304.804740 16018353.665795 856094.924740
"function evaluation" "current f(x)" "best-so-far f(x)" "current af(x)+b"  "best af(x)+b"
1 12749951.440637 12749951.440637 12749741.560637 12749741.560637
4 12749951.440534 12749951.440534 12749741.560534 12749741.560534
6 12749951.303796 12749951.303796 12749741.423796 12749741.423796
8 12749951.119970 12749951.119970 12749741.239970 12749741.239970
12 12749949.850735 12749949.850735 12749739.970735 12749739.970735
14 12749948.372758 12749948.372758 12749738.492758 12749738.492758
15 12749944.054903 12749944.054903 12749734.174903 12749734.174903
22 12749928.761142 12749928.761142 12749718.881142 12749718.881142
23 12749882.704579 12749882.704579 12749672.824579 12749672.824579
26 12749703.878020 12749703.878020 12749493.998020 12749493.998020
27 12749525.982050 12749525.982050 12749316.102050 12749316.102050
29 12749360.416666 12749360.416666 12749150.536666 12749150.536666
31 12749047.842881 12749047.842881 12748837.962881 12748837.962881
36 12744863.409887 12744863.409887 12744653.529887 12744653.529887
37 12739106.248447 12739106.248447 12738896.368447 12738896.368447
40 12722509.549436 12722509.549436 12722299.669436 12722299.669436
81 4356127.904295 4356127.904295 4355918.024295 4355918.024295
82 4356127.824862 4356127.824862 4355917.944862 4355917.944862
86 4356127.746085 4356127.746085 4355917.866085 4355917.866085
90 4356126.765919 4356126.765919 4355916.885919 4355916.885919
95 4356120.777339 4356120.777339 4355910.897339 4355910.897339
100 4356100.750988 4356100.750988 4355890.870988 4355890.870988
103 4356025.914331 4356025.914331 4355816.034331 4355816.034331
106 4355819.893662 4355819.893662 4355610.013662 4355610.013662
109 4355698.922662 4355698.922662 4355489.042662 4355489.042662
111 4353588.397193 4353588.397193 4353378.517193 4353378.517193
119 4352973.530794 4352973.530794 4352763.650794 4352763.650794
361 2292935.452910 2292935.452910 2292725.572910 2292725.572910
363 2292935.409117 2292935.409117 2292725.529117 2292725.529117
366 2292935.024377 2292935.024377 2292725.144377 2292725.144377
370 2292934.741243 2292934.741243 2292724.861243 2292724.861243
372 2292933.904420 2292933.904420 2292724.024420 2292724.024420
376 2292928.970265 2292928.970265 2292719.090265 2292719.090265
377 2292920.546846 2292920.546846 2292710.666846 2292710.666846
380 2292909.695613 2292909.695613 2292699.815613 2292699.815613
386 2292659.667723 2292659.667723 2292449.787723 2292449.787723
396 2286244.159514 2286244.159514 2286034.279514 2286034.279514
2154 1662495.921726 1662495.921726 1662286.041726 1662286.041726
2156 1638992.932800 1638992.932800 1638783.052800 1638783.052800
2161 1616743.141862 1616743.141862 1616533.261862 1616533.261862
2164 1408595.321632 1408595.321632 1408385.441632 1408385.441632
2165 1215833.908008 1215833.908008 1215624.028008 1215624.028008
3211 1215833.901224 1215833.901224 1215624.021224 1215624.021224
3213 1215833.896527 1215833.896527 1215624.016527 1215624.016527
3216 1215833.480012 1215833.480012 1215623.600012 1215623.600012
3220 1215833.211426 1215833.211426 1215623.331426 1215623.331426
3222 1215832.377000 1215832.377000 1215622.497000 1215622.497000
3226 1215827.422984 1215827.422984 1215617.542984 1215617.542984
3227 1215823.986257 1215823.986257 1215614.106257 1215614.106257
3230 1215816.949647 1215816.949647 1215607.069647 1215607.069647
3233 1215798.992493 1215798.992493 1215589.112493 1215589.112493
3236 1215569.554956 1215569.554956 1215359.674956 1215359.674956
3246 1212398.939948 1212398.939948 1212189.059948 1212189.059948
5011 1011522.300490 1011522.300490 1011312.420490 1011312.420490
5015 740974.320576 740974.320576 740764.440576 740764.440576
6061 740974.314092 740974.314092 740764.434092 740764.434092
6063 740974.314004 740974.314004 740764.434004 740764.434004
6066 740974.152990 740974.152990 740764.272990 740764.272990
6070 740973.983491 740973.983491 740764.103491 740764.103491
6072 740972.831851 740972.831851 740762.951851 740762.951851
6076 740972.075667 740972.075667 740762.195667 740762.195667
6077 740963.169387 740963.169387 740753.289387 740753.289387
6080 740962.555256 740962.555256 740752.675256 740752.675256
6081 740919.223347 740919.223347 740709.343347 740709.343347
6083 740878.594282 740878.594282 740668.714282 740668.714282
6086 740779.532398 740779.532398 740569.652398 740569.652398
6087 740547.273652 740547.273652 740337.393652 740337.393652
6089 740298.649781 740298.649781 740088.769781 740088.769781
6094 739066.045043 739066.045043 738856.165043 738856.165043
285000 17913906.464762 739066.045043 17913906.464762 738856.165043
"function evaluation" "current f(x)" "best-so-far f(x)" "current af(x)+b"  "best af(x)+b"
1 39591898.037045 39591898.037045 39591688.157045 39591688.157045
2 39591897.954525 39591897.954525 39591688.074525 39591688.074525
3 39591897.910373 39591897.910373 39591688.030373 39591688.030373
6 39591897.723249 39591897.723249 39591687.843249 39591687.843249
10 39591897.297226 39591897.297226 39591687.417226 39591687.417226
12 39591896.228939 39591896.228939 39591686.348939 39591686.348939
16 39591895.509187 39591895.509187 39591685.629187 39591685.629187
17 39591889.512419 39591889.512419 39591679.632419 39591679.632419
20 39591862.886220 39591862.886220 39591653.006220 39591653.006220
22 39591837.328369 39591837.328369 39591627.448369 39591627.448369
26 39591807.553835 39591807.553835 39591597.673835 39591597.673835
29 39591556.375568 39591556.375568 39591346.495568 39591346.495568
31 39589372.993278 39589372.993278 39589163.113278 39589163.113278
36 39582656.091302 39582656.091302 39582446.211301 39582446.211301
37 39570466.070384 39570466.070384 39570256.190384 39570256.190384
40 39551467.742913 39551467.742913 39551257.862913 39551257.862913
41 16463257.544798 16463257.544798 16463047.664798 16463047.664798
42 16463257.473056 16463257.473056 16463047.593056 16463047.593056
46 16463257.333505 16463257.333505 16463047.453505 16463047.453505
48 16463257.147788 16463257.147788 16463047.267788 16463047.267788
50 16463256.580415 16463256.580415 16463046.700415 16463046.700415
54 16463254.388830 16463254.388830 16463044.508830 16463044.508830
60 16463238.060273 16463238.060273 16463028.180273 16463028.180273
62 16463224.757305 16463224.757305 16463014.877305 16463014.877305
66 16462714.951535 16462714.951535 16462505.071535 16462505.071535
71 16460961.434621 16460961.434621 16460751.554621 16460751.554621
76 16460010.516575 16460010.516575 16459800.636575 16459800.636575
78 16452089.364545 16452089.364545 16451879.484545 16451879.484545
80 16425839.721840 16425839.721840 16425629.841840 16425629.841840
81 15856634.239947 15856634.239947 15856424.359947 15856424.359947
84 15856634.175998 15856634.175998 15856424.295998 15856424.295998
86 15856634.092201 15856634.092201 15856424.212201 15856424.212201
89 15856633.935468 15856633.935468 15856424.055468 15856424.055468
92 15856631.959607 15856631.959607 15856422.079607 15856422.079607
97 15856627.220393 15856627.220393 15856417.340393 15856417.340393
101 15856622.764067 15856622.764067 15856412.884067 15856412.884067
103 15856580.307020 15856580.307020 15856370.427020 15856370.427020
109 15855350.109283 15855350.109283 15855140.229283 15855140.229283
111 15853365.133254 15853365.133254 15853155.253254 15853155.253254
117 15836307.098915 15836307.098915 15836097.218915 15836097.218915
161 11657481.823186 11657481.823186 11657271.943186 11657271.943186
162 11657481.744352 11657481.744352 11657271.864352 11657271.864352
168 11657481.407571 11657481.407571 11657271.527571 11657271.527571
170 11657481.062705 11657481.062705 11657271.182705 11657271.182705
174 11657477.300466 11657477.300466 11657267.420466 11657267.420466
182 11657459.416583 11657459.416583 11657249.536583 11657249.536583
184 11657363.845339 11657363.845339 11657153.965339 11657153.965339
188 11657314.819649 11657314.819649 11657104.939649 11657104.939649
189 11657042.681423 11657042.681423 11656832.801423 11656832.801423
191 11655378.984159 11655378.984159 11655169.104159 11655169.104159
196 11649633.734027 11649633.734027 11649423.854027 11649423.854027
200 11642037.978912 11642037.978912 11641828.098912 11641828.098912
201 8140203.425271 8140203.425271 8139993.545271 8139993.545271
202 8140203.352691 8140203.352691 8139993.472691 8139993.472691
204 8140203.305703 8140203.305703 8139993.425703 8139993.425703
206 8140203.182302 8140203.182302 8139993.302302 8139993.302302
208 8140203.033296 8140203.033296 8139993.153296 8139993.153296
212 8140200.612556 8140200.612556 8139990.732556 8139990.732556
217 8140189.133019 8140189.133019 8139979.253019 8139979.253019
220 8140152.990616 8140152.990616 8139943.110616 8139943.110616
223 8140112.581499 8140112.581499 8139902.701499 8139902.701499
226 8140106.394189 8140106.394189 8139896.514189 8139896.514189
228 8140000.970935 8140000.970935 8139791.090935 8139791.090935
229 8139981.873340 8139981.873340 8139771.993340 8139771.993340
231 8135806.406530 8135806.406530 8135596.526530 8135596.526530
233 8133091.789670 8133091.789670 8132881.909670 8132881.909670
1321 8055645.223719 8055645.223719 8055435.343719 8055435.343719
1322 8055645.144717 8055645.144717 8055435.264717 8055435.264717
1323 8055645.115931 8055645.115931 8055435.235931 8055435.235931
1326 8055644.912301 8055644.912301 8055435.032301 8055435.032301
1328 8055644.649453 8055644.649453 8055434.769453 8055434.769453
1332 8055644.465521 8055644.465521 8055434.585521 8055434.585521
1334 8055642.224120 8055642.224120 8055432.344120 8055432.344120
1336 8055638.651279 8055638.651279 8055428.771279 8055428.771279
1339 8055622.788861 8055622.788861 8055412.908861 8055412.908861
1341 8055616.684288 8055616.684288 8055406.804288 8055406.804288
1344 8055523.995845 8055523.995845 8055314.115845 8055314.115845
1346 8055404.168932 8055404.168932 8055194.288932 8055194.288932
1350 8054822.505356 8054822.505356 8054612.625356 8054612.625356
1353 8050482.473963 8050482.473963 8050272.593963 8050272.593963
1357 8043773.133933 8043773.133933 8043563.253933 8043563.253933
2079 7721068.694970 7721068.694970 7720858.814970 7720858.814970
2086 6468087.051174 6468087.051174 6467877.171174 6467877.171174
2088 5493281.300296 5493281.300296 5493071.420296 5493071.420296
2805 5409821.185605 5409821.185605 5409611.305605 5409611.305605
2807 5394936.485810 5394936.485810 5394726.605810 5394726.605810
4732 5394936.478231 5394936.478231 5394726.598231 5394726.598231
4734 5394936.402877 5394936.402877 5394726.522877 5394726.522877
4736 5394936.082497 5394936.082497 5394726.202497 5394726.202497
4740 5394935.789520 5394935.789520 5394725.909520 5394725.909520
4742 5394933.432194 5394933.432194 5394723.552194 5394723.552194
4744 5394932.190266 5394932.190266 5394722.310266 5394722.310266
4747 5394930.748169 5394930.748169 5394720.868169 5394720.868169
4750 5394927.245010 5394927.245010 5394717.365010 5394717.365010
4751 5394912.908549 5394912.908549 5394703.028549 5394703.028549
4756 5394609.946803 5394609.946803 5394400.066803 5394400.066803
4759 5393731.502644 5393731.502644 5393521.622644 5393521.622644
4761 5393543.452484 5393543.452484 5393333.572484 5393333.572484
4763 5393005.840276 5393005.840276 5392795.960276 5392795.960276
4766 5391038.463658 5391038.463658 5390828.583658 5390828.583658
4768 5387869.664211 5387869.664211 5387659.784211 5387659.784211
4871 3379369.646734 3379369.646734 3379159.766734 3379159.766734
4875 1750513.589595 1750513.589595 1750303.709595 1750303.709595
5741 1750513.572764 1750513.572764 1750303.692764 1750303.692764
5743 1750513.548853 1750513.548853 1750303.668853 1750303.668853
5746 1750513.528813 1750513.528813 1750303.648813 1750303.648813
5748 1750513.239640 1750513.239640 1750303.359640 1750303.359640
5750 1750512.937406 1750512.937406 1750303.057406 1750303.057406
5754 1750512.116813 1750512.116813 1750302.236813 1750302.236813
5755 1750509.666702 1750509.666702 1750299.786702 1750299.786702
5757 1750506.838472 1750506.838472 1750296.958472 1750296.958472
5762 1750493.781225 1750493.781225 1750283.901225 1750283.901225
5764 1750469.079742 1750469.079742 1750259.199742 1750259.199742
5766 1750224.959082 1750224.959082 1750015.079082 1750015.079082
5769 1749997.503633 1749997.503633 1749787.623633 1749787.623633
5771 1748160.564173 1748160.564173 1747950.684173 1747950.684173
5775 1746632.456289 1746632.456289 1746422.576289 1746422.576289
7721 1277511.324916 1277511.324916 1277301.444916 1277301.444916
8381 638520.198927 638520.198927 638310.318927 638310.318927
10151 638520.155060 638520.155060 638310.275060 638310.275060
10157 638520.015824 638520.015824 638310.135824 638310.135824
10161 638518.907204 638518.907204 638309.027204 638309.027204
10166 638518.757052 638518.757052 638308.877052 638308.877052
10167 638518.395856 638518.395856 638308.515856 638308.515856
10171 638509.053840 638509.053840 638299.173840 638299.173840
10173 638412.066016 638412.066016 638202.186016 638202.186016
10176 638273.268527 638273.268527 638063.388527 638063.388527
10179 637970.410451 637970.410451 637760.530451 637760.530451
10185 636344.855864 636344.855864 636134.975864 636134.975864
10189 636323.918275 636323.918275 636114.038275 636114.038275
285000 28439934.378541 636323.918275 28439934.378541 636114.038275
"function evaluation" "current f(x)" "best-so-far f(x)" "current af(x)+b"  "best af(x)+b"
1 27170232.501398 27170232.501398 27170140.411398 27170140.411398
2 27170232.422234 27170232.422234 27170140.332234 27170140.332234
5 27170232.341246 27170232.341246 27170140.251246 27170140.251246
10 27170231.785718 27170231.785718 27170139.695718 27170139.695718
13 27170229.656301 27170229.656301 27170137.566301 27170137.566301
15 27170229.220086 27170229.220086 27170137.130086 27170137.130086
18 27170219.050307 27170219.050307 27170126.960307 27170126.960307
20 27170205.153413 27170205.153413 27170113.063413 27170113.063413
22 27170122.738361 27170122.738361 27170030.648361 27170030.648361
23 27170018.008123 27170018.008123 27169925.918123 27169925.918123
28 27169723.931619 27169723.931619 27169631.841619 27169631.841619
30 27168632.349358 27168632.349358 27168540.259358 27168540.259358
33 27165959.414846 27165959.414846 27165867.324846 27165867.324846
36 27165060.406337 27165060.406337 27164968.316337 27164968.316337
38 27150456.975233 27150456.975233 27150364.885233 27150364.885233
39 27147892.343847 27147892.343847 27147800.253847 27147800.253847
121 10777304.311909 10777304.311909 10777212.221909 10777212.221909
123 10777304.272691 10777304.272691 10777212.182691 10777212.182691
125 10777304.208141 10777304.208141 10777212.118141 10777212.118141
127 10777303.935297 10777303.935297 10777211.845297 10777211.845297
129 10777303.598463 10777303.598463 10777211.508463 10777211.508463
131 10777301.220806 10777301.220806 10777209.130806 10777209.130806
138 10777299.355018 10777299.355018 10777207.265018 10777207.265018
140 10777288.677122 10777288.677122 10777196.587122 10777196.587122
142 10777247.981379 10777247.981379 10777155.891379 10777155.891379
143 10777196.185553 10777196.185553 10777104.095553 10777104.095553
148 10776793.206000 10776793.206000 10776701.116000 10776701.116000
151 10775108.781977 10775108.781977 10775016.691977 10775016.691977
156 10771814.606821 10771814.606821 10771722.516821 10771722.516821
158 10765966.282955 10765966.282955 10765874.192955 10765874.192955
160 10758238.512557 10758238.512557 10758146.422557 10758146.422557
401 6614764.794354 6614764.794354 6614672.704354 6614672.704354
402 6614764.742622 6614764.742622 6614672.652622 6614672.652622
404 6614764.701678 6614764.701678 6614672.611678 6614672.611678
405 6614764.589760 6614764.589760 6614672.499760 6614672.499760
409 6614763.993684 6614763.993684 6614671.903684 6614671.903684
411 6614763.312902 6614763.312902 6614671.222902 6614671.222902
413 6614761.370443 6614761.370443 6614669.280443 6614669.280443
417 6614755.061340 6614755.061340 6614662.971340 6614662.971340
419 6614741.446524 6614741.446524 6614649.356524 6614649.356524
422 6614651.645452 6614651.645452 6614559.555452 6614559.555452
423 6614518.836555 6614518.836555 6614426.746555 6614426.746555
428 6614281.831281 6614281.831281 6614189.741281 6614189.741281
433 6614038.851392 6614038.851392 6613946.761392 6613946.761392
436 6605637.203912 6605637.203912 6605545.113912 6605545.113912
721 5243934.312562 5243934.312562 5243842.222562 5243842.222562
724 5243934.186166 5243934.186166 5243842.096166 5243842.096166
726 5243934.173061 5243934.173061 5243842.083061 5243842.083061
729 5243933.995240 5243933.995240 5243841.905240 5243841.905240
734 5243931.460132 5243931.460132 5243839.370132 5243839.370132
735 5243931.250915 5243931.250915 5243839.160915 5243839.160915
737 5243929.314892 5243929.314892 5243837.224892 5243837.224892
740 5243899.272996 5243899.272996 5243807.182996 5243807.182996
743 5243805.948440 5243805.948440 5243713.858440 5243713.858440
748 5243474.855407 5243474.855407 5243382.765407 5243382.765407
750 5242905.065359 5242905.065359 5242812.975359 5242812.975359
752 5241751.963984 5241751.963984 5241659.873984 5241659.873984
753 5241140.133132 5241140.133132 5241048.043132 5241048.043132
756 5240473.723986 5240473.723986 5240381.633986 5240381.633986
757 5240233.090961 5240233.090961 5240141.000961 5240141.000961
759 5224416.311587 5224416.311587 5224324.221587 5224324.221587
1241 4408431.772929 4408431.772929 4408339.682929 4408339.682929
1244 4408431.620410 4408431.620410 4408339.530410 4408339.530410
1247 4408431.396530 4408431.396530 4408339.306530 4408339.306530
1251 4408428.525068 4408428.525068 4408336.435068 4408336.435068
1255 4408427.412477 4408427.412477 4408335.322477 4408335.322477
1257 4408421.405800 4408421.405800 4408329.315800 4408329.315800
1260 4408404.361323 4408404.361323 4408312.271323 4408312.271323
1262 4408315.359810 4408315.359810 4408223.269810 4408223.269810
1263 4408280.458724 4408280.458724 4408188.368724 4408188.368724
1268 4408255.651571 4408255.651571 4408163.561571 4408163.561571
1270 4407403.367488 4407403.367488 4407311.277488 4407311.277488
1271 4406963.939013 4406963.939013 4406871.849013 4406871.849013
1273 4403425.124767 4403425.124767 4403333.034767 4403333.034767
1521 4091145.003290 4091145.003290 4091052.913290 4091052.913290
1522 4091144.973406 4091144.973406 4091052.883406 4091052.883406
1524 4091144.956893 4091144.956893 4091052.866893 4091052.866893
1525 4091144.811960 4091144.811960 4091052.721960 4091052.721960
1530 4091144.727908 4091144.727908 4091052.637908 4091052.637908
1531 4091142.588301 4091142.588301 4091050.498301 4091050.498301
1536 4091141.418848 4091141.418848 4091049.328848 4091049.328848
1540 4091120.744025 4091120.744025 4091028.654025 4091028.654025
1542 4091038.246057 4091038.246057 4090946.156057 4090946.156057
1543 4091023.003135 4091023.003135 4090930.913135 4090930.913135
1545 4090998.432775 4090998.432775 4090906.342775 4090906.342775
1550 4088860.686982 4088860.686982 4088768.596982 4088768.596982
1557 4074747.058200 4074747.058200 4074654.968200 4074654.968200
2307 2878044.095645 2878044.095645 2877952.005645 2877952.005645
2318 2863387.949468 2863387.949468 2863295.859468 2863295.859468
2647 2743588.145488 2743588.145488 2743496.055488 2743496.055488
2650 2594867.069031 2594867.069031 2594774.979031 2594774.979031
4372 2594867.053756 2594867.053756 2594774.963756 2594774.963756
4375 2594866.907102 2594866.907102 2594774.817102 2594774.817102
4380 2594866.746309 2594866.746309 2594774.656309 2594774.656309
4381 2594865.295187 2594865.295187 2594773.205187 2594773.205187
4386 2594863.625261 2594863.625261 2594771.535261 2594771.535261
4390 2594852.060051 2594852.060051 2594759.970051 2594759.970051
4392 2594762.542167 2594762.542167 2594670.452167 2594670.452167
4393 2594745.000723 2594745.000723 2594652.910723 2594652.910723
4395 2594692.631070 2594692.631070 2594600.541070 2594600.541070
4400 2593066.362436 2593066.362436 2592974.272436 2592974.272436
4401 2593053.023415 2593053.023415 2592960.933415 2592960.933415
4407 2592927.285644 2592927.285644 2592835.195644 2592835.195644
4905 2109037.834554 2109037.834554 2108945.744554 2108945.744554
4906 1548314.329985 1548314.329985 1548222.239985 1548222.239985
4908 1512843.159897 1512843.159897 1512751.069897 1512751.069897
4915 1506014.122730 1506014.122730 1505922.032730 1505922.032730
5482 1505628.014944 1505628.014944 1505535.924944 1505535.924944
5489 1434484.260525 1434484.260525 1434392.170525 1434392.170525
7181 1434484.224942 1434484.224942 1434392.134942 1434392.134942
7185 1434484.183789 1434484.183789 1434392.093789 1434392.093789
7187 1434484.129537 1434484.129537 1434392.039537 1434392.039537
7189 1434484.128891 1434484.128891 1434392.038891 1434392.038891
7191 1434482.978286 1434482.978286 1434390.888286 1434390.888286
7195 1434481.680609 1434481.680609 1434389.590609 1434389.590609
7197 1434469.292074 1434469.292074 1434377.202074 1434377.202074
7202 1434460.134479 1434460.134479 1434368.044479 1434368.044479
7203 1434286.376199 1434286.376199 1434194.286199 1434194.286199
7207 1433946.221615 1433946.221615 1433854.131615 1433854.131615
7211 1433793.839556 1433793.839556 1433701.749556 1433701.749556
7215 1433561.580792 1433561.580792 1433469.490792 1433469.490792
7218 1431494.914086 1431494.914086 1431402.824086 1431402.824086
285000 37519809.813135 1431494.914086 37519809.813135 1431402.824086
"function evaluation" "current f(x)" "best-so-far f(x)" "current af(x)+b"  "best af(x)+b"
1 14583814.622151 14583814.622151 14583722.532151 14583722.532151
2 14583814.544171 14583814.544171 14583722.454171 14583722.454171
4 14583814.505644 14583814.505644 14583722.415644 14583722.415644
6 14583814.411632 14583814.411632 14583722.321632 14583722.321632
10 14583814.332373 14583814.332373 14583722.242373 14583722.242373
11 14583813.950059 14583813.950059 14583721.860059 14583721.860059
13 14583811.116565 14583811.116565 14583719.026565 14583719.026565
15 14583807.872947 14583807.872947 14583715.782947 14583715.782947
20 14583778.325429 14583778.325429 14583686.235429 14583686.235429
23 14583762.673218 14583762.673218 14583670.583218 14583670.583218
25 14583280.647122 14583280.647122 14583188.557122 14583188.557122
32 14581685.933373 14581685.933373 14581593.843373 14581593.843373
36 14574486.767794 14574486.767794 14574394.677794 14574394.677794
81 6282059.396019 6282059.396019 6281967.306019 6281967.306019
85 6282059.318775 6282059.318775 6281967.228775 6281967.228775
87 6282058.673287 6282058.673287 6281966.583287 6281966.583287
91 6282058.606722 6282058.606722 6281966.516722 6281966.516722
96 6282053.011841 6282053.011841 6281960.921841 6281960.921841
100 6282026.849088 6282026.849088 6281934.759088 6281934.759088
102 6282001.818567 6282001.818567 6281909.728567 6281909.728567
103 6281829.657342 6281829.657342 6281737.567342 6281737.567342
105 6281714.453377 6281714.453377 6281622.363377 6281622.363377
110 6281499.687390 6281499.687390 6281407.597390 6281407.597390
112 6280029.210886 6280029.210886 6279937.120886 6279937.120886
117 6271450.345075 6271450.345075 6271358.255075 6271358.255075
120 6270151.412611 6270151.412611 6270059.322611 6270059.322611
921 4765276.510700 4765276.510700 4765184.420700 4765184.420700
922 4765276.430816 4765276.430816 4765184.340816 4765184.340816
924 4765276.375106 4765276.375106 4765184.285106 4765184.285106
925 4765276.345371 4765276.345371 4765184.255371 4765184.255371
930 4765275.926679 4765275.926679 4765183.836679 4765183.836679
934 4765274.270385 4765274.270385 4765182.180385 4765182.180385
937 4765262.601437 4765262.601437 4765170.511437 4765170.511437
944 4765254.982032 4765254.982032 4765162.892032 4765162.892032
945 4765082.164537 4765082.164537 4764990.074537 4764990.074537
950 4764547.614275 4764547.614275 4764455.524275 4764455.524275
952 4763190.716175 4763190.716175 4763098.626175 4763098.626175
953 4762488.376934 4762488.376934 4762396.286934 4762396.286934
958 4757047.614442 4757047.614442 4756955.524442 4756955.524442
1281 2815696.942939 2815696.942939 2815604.852939 2815604.852939
1284 2815696.827605 2815696.827605 2815604.737605 2815604.737605
1287 2815696.507451 2815696.507451 2815604.417451 2815604.417451
1291 2815695.675087 2815695.675087 2815603.585087 2815603.585087
1293 2815693.633076 2815693.633076 2815601.543076 2815601.543076
1295 2815691.875761 2815691.875761 2815599.785761 2815599.785761
1298 2815683.890117 2815683.890117 2815591.800117 2815591.800117
1300 2815671.619764 2815671.619764 2815579.529764 2815579.529764
1302 2815591.882816 2815591.882816 2815499.792816 2815499.792816
1305 2815353.464676 2815353.464676 2815261.374676 2815261.374676
1310 2815333.748398 2815333.748398 2815241.658398 2815241.658398
1311 2814793.654909 2814793.654909 2814701.564909 2814701.564909
1313 2813392.726799 2813392.726799 2813300.636799 2813300.636799
1316 2812500.149121 2812500.149121 2812408.059121 2812408.059121
1318 2808525.732115 2808525.732115 2808433.642115 2808433.642115
1561 1175015.849222 1175015.849222 1174923.759222 1174923.759222
1564 1175015.767795 1175015.767795 1174923.677795 1174923.677795
1570 1175015.253743 1175015.253743 1174923.163743 1174923.163743
1576 1175012.912959 1175012.912959 1174920.822959 1174920.822959
1578 1175002.614495 1175002.614495 1174910.524495 1174910.524495
1582 1174933.289688 1174933.289688 1174841.199688 1174841.199688
1583 1174898.854252 1174898.854252 1174806.764252 1174806.764252
1585 1174886.371743 1174886.371743 1174794.281743 1174794.281743
1590 1174196.199179 1174196.199179 1174104.109179 1174104.109179
1594 1173801.645166 1173801.645166 1173709.555166 1173709.555166
1598 1167304.663710 1167304.663710 1167212.573710 1167212.573710
2664 822014.007692 822014.007692 821921.917692 821921.917692
2666 515352.240958 515352.240958 515260.150958 515260.150958
2674 476023.769131 476023.769131 475931.679131 475931.679131
4411 476023.748843 476023.748843 475931.658843 475931.658843
4414 476023.688108 476023.688108 475931.598108 475931.598108
4420 476023.349765 476023.349765 475931.259765 475931.259765
4421 476022.991431 476022.991431 475930.901431 475930.901431
4426 476021.202227 476021.202227 475929.112227 475929.112227
4428 476012.825373 476012.825373 475920.735373 475920.735373
4432 475948.160005 475948.160005 475856.070005 475856.070005
4435 475891.815160 475891.815160 475799.725160 475799.725160
4440 475394.934327 475394.934327 475302.844327 475302.844327
4448 474249.269199 474249.269199 474157.179199 474157.179199
285000 19974759.037415 474249.269199 19974759.037415 474157.179199
"function evaluation" "current f(x)" "best-so-far f(x)" "current af(x)+b"  "best af(x)+b"
1 20617090.458723 20617090.458723 20616998.368723 20616998.368723
3 20617090.418711 20617090.418711 20616998.328711 20616998.328711
6 20617090.401575 20617090.401575 20616998.311575 20616998.311575
7 20617090.300630 20617090.300630 20616998.210630 20616998.210630
9 20617090.099347 20617090.099347 20616998.009347 20616998.009347
11 20617089.752521 20617089.752521 20616997.662521 20616997.662521
14 20617089.087552 20617089.087552 20616996.997552 20616996.997552
16 20617085.202962 20617085.202962 20616993.112962 20616993.112962
17 20617079.326666 20617079.326666 20616987.236666 20616987.236666
21 20617064.330908 20617064.330908 20616972.240908 20616972.240908
28 20616891.771376 20616891.771376 20616799.681376 20616799.681376
32 20614962.769250 20614962.769250 20614870.679250 20614870.679250
38 20598522.450799 20598522.450799 20598430.360799 20598430.360799
39 20576548.920744 20576548.920744 20576456.830744 20576456.830744
201 17380838.256283 17380838.256283 17380746.166283 17380746.166283
206 17380838.130084 17380838.130084 17380746.040084 17380746.040084
210 17380838.032449 17380838.032449 17380745.942449 17380745.942449
211 17380836.607634 17380836.607634 17380744.517634 17380744.517634
213 17380834.792139 17380834.792139 17380742.702139 17380742.702139
218 17380824.815253 17380824.815253 17380732.725253 17380732.725253
220 17380810.470720 17380810.470720 17380718.380720 17380718.380720
221 17380808.981829 17380808.981829 17380716.891829 17380716.891829
223 17380786.737062 17380786.737062 17380694.647062 17380694.647062
225 17380730.590939 17380730.590939 17380638.500939 17380638.500939
227 17380454.867701 17380454.867701 17380362.777701 17380362.777701
230 17379337.742669 17379337.742669 17379245.652669 17379245.652669
233 17378540.816889 17378540.816889 17378448.726889 17378448.726889
236 17366894.687601 17366894.687601 17366802.597601 17366802.597601
240 17359948.247869 17359948.247869 17359856.157869 17359856.157869
241 13603953.365329 13603953.365329 13603861.275329 13603861.275329
242 13603953.355373 13603953.355373 13603861.265373 13603861.265373
244 13603953.263834 13603953.263834 13603861.173834 13603861.173834
246 13603953.197969 13603953.197969 13603861.107969 13603861.107969
247 13603952.775172 13603952.775172 13603860.685172 13603860.685172
251 13603952.263663 13603952.263663 13603860.173663 13603860.173663
254 13603950.300015 13603950.300015 13603858.210015 13603858.210015
256 13603948.748905 13603948.748905 13603856.658905 13603856.658905
258 13603948.090550 13603948.090550 13603856.000550 13603856.000550
262 13603939.461107 13603939.461107 13603847.371107 13603847.371107
263 13603828.624259 13603828.624259 13603736.534259 13603736.534259
270 13603564.908767 13603564.908767 13603472.818767 13603472.818767
272 13602271.713759 13602271.713759 13602179.623759 13602179.623759
275 13599402.584404 13599402.584404 13599310.494404 13599310.494404
277 13596092.602339 13596092.602339 13596000.512339 13596000.512339
280 13571393.839860 13571393.839860 13571301.749860 13571301.749860
321 11604360.342878 11604360.342878 11604268.252878 11604268.252878
324 11604360.309529 11604360.309529 11604268.219529 11604268.219529
325 11604360.218138 11604360.218138 11604268.128138 11604268.128138
328 11604360.065532 11604360.065532 11604267.975532 11604267.975532
330 11604359.821110 11604359.821110 11604267.731110 11604267.731110
331 11604358.371811 11604358.371811 11604266.281811 11604266.281811
338 11604347.103295 11604347.103295 11604255.013295 11604255.013295
340 11604321.708577 11604321.708577 11604229.618577 11604229.618577
342 11604299.667888 11604299.667888 11604207.577888 11604207.577888
345 11604252.820286 11604252.820286 11604160.730286 11604160.730286
350 11602692.626088 11602692.626088 11602600.536088 11602600.536088
353 11602515.360696 11602515.360696 11602423.270696 11602423.270696
356 11595249.583509 11595249.583509 11595157.493509 11595157.493509
360 11590450.550660 11590450.550660 11590358.460660 11590358.460660
521 2838644.392569 2838644.392569 2838552.302569 2838552.302569
526 2838644.278049 2838644.278049 2838552.188049 2838552.188049
529 2838643.773232 2838643.773232 2838551.683232 2838551.683232
531 2838642.774214 2838642.774214 2838550.684214 2838550.684214
534 2838641.349899 2838641.349899 2838549.259899 2838549.259899
537 2838635.882235 2838635.882235 2838543.792235 2838543.792235
539 2838624.837864 2838624.837864 2838532.747864 2838532.747864
542 2838534.455757 2838534.455757 2838442.365757 2838442.365757
543 2838512.144143 2838512.144143 2838420.054143 2838420.054143
547 2838076.920479 2838076.920479 2837984.830479 2837984.830479
550 2837703.734940 2837703.734940 2837611.644940 2837611.644940
556 2835280.476556 2835280.476556 2835188.386556 2835188.386556
558 2831854.784021 2831854.784021 2831762.694021 2831762.694021
2222 2109918.370743 2109918.370743 2109826.280743 2109826.280743
2224 1680666.478608 1680666.478608 1680574.388608 1680574.388608
2225 1621283.045984 1621283.045984 1621190.955984 1621190.955984
2479 1593257.300834 1593257.300834 1593165.210834 1593165.210834
3972 1593257.273818 1593257.273818 1593165.183818 1593165.183818
3974 1593257.160335 1593257.160335 1593165.070335 1593165.070335
3977 1593256.565360 1593256.565360 1593164.475360 1593164.475360
3981 1593254.946289 1593254.946289 1593162.856289 1593162.856289
3985 1593252.555441 1593252.555441 1593160.465441 1593160.465441
3989 1593244.535147 1593244.535147 1593152.445147 1593152.445147
3992 1593200.779724 1593200.779724 1593108.689724 1593108.689724
3995 1592983.303432 1592983.303432 1592891.213432 1592891.213432
3998 1592745.318910 1592745.318910 1592653.228910 1592653.228910
4001 1591642.963307 1591642.963307 1591550.873307 1591550.873307
4010 1581915.209165 1581915.209165 1581823.119165 1581823.119165
5074 1314476.889104 1314476.889104 1314384.799104 1314384.799104
6221 1314476.844860 1314476.844860 1314384.754860 1314384.754860
6226 1314476.800206 1314476.800206 1314384.710206 1314384.710206
6228 1314476.582275 1314476.582275 1314384.492275 1314384.492275
6229 1314476.004908 1314476.004908 1314383.914908 1314383.914908
6231 1314474.522086 1314474.522086 1314382.432086 1314382.432086
6234 1314473.917587 1314473.917587 1314381.827587 1314381.827587
6237 1314468.051786 1314468.051786 1314375.961786 1314375.961786
6239 1314459.053996 1314459.053996 1314366.963996 1314366.963996
6242 1314419.594406 1314419.594406 1314327.504406 1314327.504406
6243 1314342.791013 1314342.791013 1314250.701013 1314250.701013
6247 1314270.448117 1314270.448117 1314178.358117 1314178.358117
6255 1313554.209371 1313554.209371 1313462.119371 1313462.119371
6258 1311598.430025 1311598.430025 1311506.340025 1311506.340025
6260 1308460.792672 1308460.792672 1308368.702672 1308368.702672
285000 27972260.341644 1308460.792672 27972260.341644 1308368.702672
"function evaluation" "current f(x)" "best-so-far f(x)" "current af(x)+b"  "best af(x)+b"
1 11826148.113760 11826148.113760 11826060.223760 11826060.223760
4 11826148.111621 11826148.111621 11826060.221621 11826060.221621
6 11826147.966022 11826147.966022 11826060.076022 11826060.076022
8 11826147.901535 11826147.901535 11826060.011535 11826060.011535
9 11826147.330345 11826147.330345 11826059.440345 11826059.440345
12 11826146.622824 11826146.622824 11826058.732824 11826058.732824
15 11826142.305765 11826142.305765 11826054.415765 11826054.415765
17 11826127.551612 11826127.551612 11826039.661612 11826039.661612
23 11825901.984175 11825901.984175 11825814.094175 11825814.094175
31 11825867.208607 11825867.208607 11825779.318607 11825779.318607
33 11822764.544297 11822764.544297 11822676.654297 11822676.654297
38 11807324.008016 11807324.008016 11807236.118016 11807236.118016
121 6982571.921199 6982571.921199 6982484.031199 6982484.031199
124 6982571.793717 6982571.793717 6982483.903717 6982483.903717
129 6982571.110189 6982571.110189 6982483.220189 6982483.220189
131 6982570.527000 6982570.527000 6982482.637000 6982482.637000
133 6982568.505556 6982568.505556 6982480.615556 6982480.615556
136 6982565.612562 6982565.612562 6982477.722562 6982477.722562
140 6982522.914149 6982522.914149 6982435.024149 6982435.024149
142 6982514.234758 6982514.234758 6982426.344758 6982426.344758
146 6982324.968816 6982324.968816 6982237.078816 6982237.078816
148 6982165.441914 6982165.441914 6982077.551914 6982077.551914
151 6982026.733344 6982026.733344 6981938.843344 6981938.843344
153 6981930.914849 6981930.914849 6981843.024849 6981843.024849
156 6973198.953776 6973198.953776 6973111.063776 6973111.063776
160 6967987.246417 6967987.246417 6967899.356417 6967899.356417
201 6614256.098014 6614256.098014 6614168.208014 6614168.208014
209 6614255.350517 6614255.350517 6614167.460517 6614167.460517
211 6614255.349989 6614255.349989 6614167.459989 6614167.459989
215 6614255.000903 6614255.000903 6614167.110903 6614167.110903
218 6614250.766541 6614250.766541 6614162.876541 6614162.876541
220 6614201.403699 6614201.403699 6614113.513699 6614113.513699
222 6614174.678691 6614174.678691 6614086.788691 6614086.788691
223 6614155.842835 6614155.842835 6614067.952835 6614067.952835
228 6614033.799209 6614033.799209 6613945.909209 6613945.909209
231 6611878.176890 6611878.176890 6611790.286890 6611790.286890
236 6604909.025896 6604909.025896 6604821.135896 6604821.135896
240 6596632.357157 6596632.357157 6596544.467157 6596544.467157
636 6596508.170432 6596508.170432 6596420.280432 6596420.280432
640 6587203.451848 6587203.451848 6587115.561848 6587115.561848
1161 4270945.391515 4270945.391515 4270857.501515 4270857.501515
1164 4270945.342748 4270945.342748 4270857.452748 4270857.452748
1168 4270945.299481 4270945.299481 4270857.409481 4270857.409481
1169 4270944.613511 4270944.613511 4270856.723511 4270856.723511
1171 4270943.743958 4270943.743958 4270855.853958 4270855.853958
1173 4270942.175272 4270942.175272 4270854.285272 4270854.285272
1178 4270940.851461 4270940.851461 4270852.961461 4270852.961461
1180 4270917.948490 4270917.948490 4270830.058490 4270830.058490
1188 4270436.313329 4270436.313329 4270348.423329 4270348.423329
1189 4270369.164501 4270369.164501 4270281.274501 4270281.274501
1192 4269262.045023 4269262.045023 4269174.155023 4269174.155023
1194 4266469.291787 4266469.291787 4266381.401787 4266381.401787
1197 4265737.377495 4265737.377495 4265649.487495 4265649.487495
1481 2372950.688521 2372950.688521 2372862.798521 2372862.798521
1484 2372950.567761 2372950.567761 2372862.677761 2372862.677761
1486 2372950.556385 2372950.556385 2372862.666385 2372862.666385
1487 2372950.321020 2372950.321020 2372862.431020 2372862.431020
1489 2372949.372936 2372949.372936 2372861.482936 2372861.482936
1491 2372948.408717 2372948.408717 2372860.518717 2372860.518717
1493 2372946.435722 2372946.435722 2372858.545722 2372858.545722
1497 2372921.589621 2372921.589621 2372833.699621 2372833.699621
1500 2372882.187741 2372882.187741 2372794.297741 2372794.297741
1506 2372716.616609 2372716.616609 2372628.726609 2372628.726609
1508 2372439.521544 2372439.521544 2372351.631544 2372351.631544
1509 2371835.945273 2371835.945273 2371748.055273 2371748.055273
1512 2371251.877323 2371251.877323 2371163.987323 2371163.987323
1518 2364836.348428 2364836.348428 2364748.458428 2364748.458428
1519 2363810.209934 2363810.209934 2363722.319934 2363722.319934
2630 1297363.081679 1297363.081679 1297275.191679 1297275.191679
2635 1164619.253901 1164619.253901 1164531.363901 1164531.363901
4331 1164619.226454 1164619.226454 1164531.336454 1164531.336454
4334 1164619.098681 1164619.098681 1164531.208681 1164531.208681
4337 1164618.889814 1164618.889814 1164530.999814 1164530.999814
4339 1164617.936088 1164617.936088 1164530.046088 1164530.046088
4341 1164617.627980 1164617.627980 1164529.737980 1164529.737980
4343 1164615.635404 1164615.635404 1164527.745404 1164527.745404
4347 1164590.163548 1164590.163548 1164502.273548 1164502.273548
4350 1164564.159959 1164564.159959 1164476.269959 1164476.269959
4356 1164398.940171 1164398.940171 1164311.050171 1164311.050171
4358 1164201.407574 1164201.407574 1164113.517574 1164113.517574
4359 1163472.038642 1163472.038642 1163384.148642 1163384.148642
4368 1162652.501825 1162652.501825 1162564.611825 1162564.611825
5038 279573.268821 279573.268821 279485.378821 279485.378821
6142 279573.252031 279573.252031 279485.362031 279485.362031
6144 279573.183448 279573.183448 279485.293448 279485.293448
6145 279573.091494 279573.091494 279485.201494 279485.201494
6147 279572.900645 279572.900645 279485.010645 279485.010645
6149 279572.672923 279572.672923 279484.782923 279484.782923
6152 279572.198576 279572.198576 279484.308576 279484.308576
6153 279567.117720 279567.117720 279479.227720 279479.227720
6157 279559.467936 279559.467936 279471.577936 279471.577936
6161 279534.746563 279534.746563 279446.856563 279446.856563
6164 279525.912308 279525.912308 279438.022308 279438.022308
6166 279464.903044 279464.903044 279377.013044 279377.013044
6168 279395.577011 279395.577011 279307.687011 279307.687011
6170 279203.018985 279203.018985 279115.128985 279115.128985
6172 279166.962008 279166.962008 279079.072008 279079.072008
6175 279087.041839 279087.041839 278999.151839 278999.151839
6178 278786.975591 278786.975591 278699.085591 278699.085591
6180 277978.678211 277978.678211 277890.788211 277890.788211
285000 18339223.782070 277978.678211 18339223.782070 277890.788211
"function evaluation" "current f(x)" "best-so-far f(x)" "current af(x)+b"  "best af(x)+b"
1 32443412.241321 32443412.241321 32443324.351321 32443324.351321
2 32443412.163342 32443412.163342 32443324.273342 32443324.273342
4 32443412.110155 32443412.110155 32443324.220155 32443324.220155
9 32443411.875630 32443411.875630 32443323.985630 32443323.985630
12 32443411.616899 32443411.616899 32443323.726899 32443323.726899
13 32443408.291491 32443408.291491 32443320.401491 32443320.401491
20 32443384.383660 32443384.383660 32443296.493660 32443296.493660
23 32443158.542873 32443158.542873 32443070.652873 32443070.652873
31 32442249.218933 32442249.218933 32442161.328933 32442161.328933
34 32439004.422507 32439004.422507 32438916.532507 32438916.532507
36 32434016.276484 32434016.276484 32433928.386484 32433928.386484
40 32403049.702739 32403049.702739 32402961.812739 32402961.812739
41 7504569.628746 7504569.628746 7504481.738746 7504481.738746
42 7504569.548416 7504569.548416 7504481.658416 7504481.658416
45 7504569.481127 7504569.481127 7504481.591127 7504481.591127
47 7504568.819412 7504568.819412 7504480.929412 7504480.929412
49 7504568.215906 7504568.215906 7504480.325906 7504480.325906
51 7504567.628557 7504567.628557 7504479.738557 7504479.738557
53 7504562.969068 7504562.969068 7504475.079068 7504475.079068
57 7504558.316682 7504558.316682 7504470.426682 7504470.426682
60 7504557.465474 7504557.465474 7504469.575474 7504469.575474
61 7504542.297417 7504542.297417 7504454.407417 7504454.407417
63 7504333.286066 7504333.286066 7504245.396066 7504245.396066
68 7504055.387571 7504055.387571 7503967.497571 7503967.497571
69 7503440.588027 7503440.588027 7503352.698027 7503352.698027
72 7502651.939620 7502651.939620 7502564.049620 7502564.049620
74 7500110.997002 7500110.997002 7500023.107002 7500023.107002
79 7477717.731888 7477717.731888 7477629.841888 7477629.841888
1241 2918225.797106 2918225.797106 2918137.907106 2918137.907106
1242 2918225.721548 2918225.721548 2918137.831548 2918137.831548
1244 2918225.619392 2918225.619392 2918137.729392 2918137.729392
1247 2918225.572529 2918225.572529 2918137.682529 2918137.682529
1249 2918224.417194 2918224.417194 2918136.527194 2918136.527194
1256 2918219.239988 2918219.239988 2918131.349988 2918131.349988
1257 2918196.626785 2918196.626785 2918108.736785 2918108.736785
1264 2918154.407686 2918154.407686 2918066.517686 2918066.517686
1271 2916470.811907 2916470.811907 2916382.921907 2916382.921907
1278 2910499.758631 2910499.758631 2910411.868631 2910411.868631
2528 1978635.769664 1978635.769664 1978547.879664 1978547.879664
2532 1607196.484512 1607196.484512 1607108.594512 1607108.594512
2534 1601563.387650 1601563.387650 1601475.497650 1601475.497650
2537 1314351.275094 1314351.275094 1314263.385094 1314263.385094
2538 1267382.944029 1267382.944029 1267295.054029 1267295.054029
4092 1267382.910360 1267382.910360 1267295.020360 1267295.020360
4094 1267382.822255 1267382.822255 1267294.932255 1267294.932255
4097 1267382.769198 1267382.769198 1267294.879198 1267294.879198
4099 1267382.031330 1267382.031330 1267294.141330 1267294.141330
4106 1267376.434770 1267376.434770 1267288.544770 1267288.544770
4107 1267357.856297 1267357.856297 1267269.966297 1267269.966297
4114 1267340.049187 1267340.049187 1267252.159187 1267252.159187
4119 1267331.727986 1267331.727986 1267243.837986 1267243.837986
4121 1266668.268633 1266668.268633 1266580.378633 1266580.378633
4128 1259236.792163 1259236.792163 1259148.902163 1259148.902163
5555 1107205.130572 1107205.130572 1107117.240572 1107117.240572
7341 1107205.127983 1107205.127983 1107117.237983 1107117.237983
7346 1107205.118287 1107205.118287 1107117.228287 1107117.228287
7347 1107204.808640 1107204.808640 1107116.918640 1107116.918640
7351 1107203.886074 1107203.886074 1107115.996074 1107115.996074
7356 1107202.274471 1107202.274471 1107114.384471 1107114.384471
7357 1107198.580215 1107198.580215 1107110.690215 1107110.690215
7360 1107183.058323 1107183.058323 1107095.168323 1107095.168323
7363 1107144.185052 1107144.185052 1107056.295052 1107056.295052
7368 1107019.605235 1107019.605235 1106931.715235 1106931.715235
7371 1105886.123483 1105886.123483 1105798.233483 1105798.233483
7375 1104177.769467 1104177.769467 1104089.879467 1104089.879467
285000 31594003.113985 1104177.769467 31594003.113985 1104089.879467
"function evaluation" "current f(x)" "best-so-far f(x)" "current af(x)+b"  "best af(x)+b"
1 17093978.410958 17093978.410958 17093890.520958 17093890.520958
4 17093978.400152 17093978.400152 17093890.510152 17093890.510152
6 17093978.248041 17093978.248041 17093890.358041 17093890.358041
9 17093977.201276 17093977.201276 17093889.311276 17093889.311276
13 17093974.119426 17093974.119426 17093886.229426 17093886.229426
16 17093972.704459 17093972.704459 17093884.814459 17093884.814459
22 17093884.883349 17093884.883349 17093796.993349 17093796.993349
26 17093870.891523 17093870.891523 17093783.001523 17093783.001523
30 17093533.924669 17093533.924669 17093446.034669 17093446.034669
32 17092136.956462 17092136.956462 17092049.066462 17092049.066462
34 17091159.816289 17091159.816289 17091071.926289 17091071.926289
36 17084761.666723 17084761.666723 17084673.776723 17084673.776723
37 17074005.641003 17074005.641003 17073917.751003 17073917.751003
39 17069706.235992 17069706.235992 17069618.345992 17069618.345992
41 6356069.054989 6356069.054989 6355981.164989 6355981.164989
45 6356069.034552 6356069.034552 6355981.144552 6355981.144552
48 6356068.943210 6356068.943210 6355981.053210 6355981.053210
49 6356068.317277 6356068.317277 6355980.427277 6355980.427277
51 6356066.665721 6356066.665721 6355978.775721 6355978.775721
53 6356063.698849 6356063.698849 6355975.808849 6355975.808849
57 6356059.762199 6356059.762199 6355971.872199 6355971.872199
60 6356037.091787 6356037.091787 6355949.201787 6355949.201787
62 6356011.309190 6356011.309190 6355923.419190 6355923.419190
66 6355551.755918 6355551.755918 6355463.865918 6355463.865918
69 6354985.247752 6354985.247752 6354897.357752 6354897.357752
72 6354499.961080 6354499.961080 6354412.071080 6354412.071080
76 6347056.187287 6347056.187287 6346968.297287 6346968.297287
80 6343319.598268 6343319.598268 6343231.708268 6343231.708268
1121 4026765.307913 4026765.307913 4026677.417913 4026677.417913
1122 4026765.229048 4026765.229048 4026677.339048 4026677.339048
1124 4026765.148658 4026765.148658 4026677.258658 4026677.258658
1126 4026765.066255 4026765.066255 4026677.176255 4026677.176255
1127 4026764.783476 4026764.783476 4026676.893476 4026676.893476
1129 4026763.883820 4026763.883820 4026675.993820 4026675.993820
1133 4026762.734091 4026762.734091 4026674.844091 4026674.844091
1136 4026758.235728 4026758.235728 4026670.345728 4026670.345728
1137 4026750.446266 4026750.446266 4026662.556266 4026662.556266
1140 4026732.527167 4026732.527167 4026644.637167 4026644.637167
1142 4026706.062489 4026706.062489 4026618.172489 4026618.172489
1143 4026634.776447 4026634.776447 4026546.886447 4026546.886447
1146 4026214.396082 4026214.396082 4026126.506082 4026126.506082
1149 4025613.237186 4025613.237186 4025525.347186 4025525.347186
1151 4024890.117472 4024890.117472 4024802.227472 4024802.227472
1153 4023213.063684 4023213.063684 4023125.173684 4023125.173684
1158 4018437.291648 4018437.291648 4018349.401648 4018349.401648
1481 3080809.695490 3080809.695490 3080721.805490 3080721.805490
1482 3080809.634768 3080809.634768 3080721.744768 3080721.744768
1484 3080809.584117 3080809.584117 3080721.694117 3080721.694117
1488 3080809.520311 3080809.520311 3080721.630311 3080721.630311
1489 3080808.140589 3080808.140589 3080720.250589 3080720.250589
1493 3080807.225771 3080807.225771 3080719.335771 3080719.335771
1496 3080803.151097 3080803.151097 3080715.261097 3080715.261097
1497 3080798.246549 3080798.246549 3080710.356549 3080710.356549
1502 3080752.128796 3080752.128796 3080664.238796 3080664.238796
1503 3080555.095294 3080555.095294 3080467.205294 3080467.205294
1508 3080299.157922 3080299.157922 3080211.267922 3080211.267922
1512 3080057.910864 3080057.910864 3079970.020864 3079970.020864
1515 3078937.840039 3078937.840039 3078849.950039 3078849.950039
1518 3078839.409287 3078839.409287 3078751.519287 3078751.519287
1519 3072465.366456 3072465.366456 3072377.476456 3072377.476456
1841 2637331.306779 2637331.306779 2637243.416779 2637243.416779
1844 2637331.303294 2637331.303294 2637243.413294 2637243.413294
1845 2637331.275219 2637331.275219 2637243.385219 2637243.385219
1847 2637330.952678 2637330.952678 2637243.062678 2637243.062678
1851 2637328.929710 2637328.929710 2637241.039710 2637241.039710
1858 2637327.862827 2637327.862827 2637239.972827 2637239.972827
1862 2637275.104717 2637275.104717 2637187.214717 2637187.214717
1863 2637243.256558 2637243.256558 2637155.366558 2637155.366558
1868 2636834.170957 2636834.170957 2636746.280957 2636746.280957
1873 2633935.566301 2633935.566301 2633847.676301 2633847.676301
1876 2633808.245350 2633808.245350 2633720.355350 2633720.355350
1878 2633110.262716 2633110.262716 2633022.372716 2633022.372716
2477 2415868.761960 2415868.761960 2415780.871960 2415780.871960
2479 2153101.216672 2153101.216672 2153013.326672 2153013.326672
2630 1166014.943724 1166014.943724 1165927.053724 1165927.053724
2632 1151257.279120 1151257.279120 1151169.389120 1151169.389120
4332 1151257.252812 1151257.252812 1151169.362812 1151169.362812
4334 1151257.196948 1151257.196948 1151169.306948 1151169.306948
4335 1151257.134998 1151257.134998 1151169.244998 1151169.244998
4339 1151255.689914 1151255.689914 1151167.799914 1151167.799914
4346 1151250.771885 1151250.771885 1151162.881885 1151162.881885
4352 1151201.522019 1151201.522019 1151113.632019 1151113.632019
4353 1151027.924392 1151027.924392 1150940.034392 1150940.034392
4358 1150753.093525 1150753.093525 1150665.203525 1150665.203525
4362 1150310.817138 1150310.817138 1150222.927138 1150222.927138
4365 1150237.367521 1150237.367521 1150149.477521 1150149.477521
4369 1147192.618103 1147192.618103 1147104.728103 1147104.728103
5182 1051989.505727 1051989.505727 1051901.615727 1051901.615727
6462 1051989.505580 1051989.505580 1051901.615580 1051901.615580
6464 1051989.431605 1051989.431605 1051901.541605 1051901.541605
6465 1051989.358708 1051989.358708 1051901.468708 1051901.468708
6467 1051989.323554 1051989.323554 1051901.433554 1051901.433554
6469 1051988.690548 1051988.690548 1051900.800548 1051900.800548
6471 1051987.026500 1051987.026500 1051899.136500 1051899.136500
6477 1051973.001826 1051973.001826 1051885.111826 1051885.111826
6482 1051967.211175 1051967.211175 1051879.321175 1051879.321175
6483 1051858.034837 1051858.034837 1051770.144837 1051770.144837
6486 1051764.517145 1051764.517145 1051676.627145 1051676.627145
6488 1051477.089416 1051477.089416 1051389.199416 1051389.199416
6491 1051386.934746 1051386.934746 1051299.044746 1051299.044746
6493 1048561.298185 1048561.298185 1048473.408185 1048473.408185
8238 961324.617248 961324.617248 961236.727248 961236.727248
9792 961324.617074 961324.617074 961236.727074 961236.727074
9794 961324.597238 961324.597238 961236.707238 961236.707238
9796 961324.462990 961324.462990 961236.572990 961236.572990
9797 961324.387426 961324.387426 961236.497426 961236.497426
9802 961324.016465 961324.016465 961236.126465 961236.126465
9804 961323.455222 961323.455222 961235.565222 961235.565222
9805 961322.289554 961322.289554 961234.399554 961234.399554
9809 961311.470267 961311.470267 961223.580267 961223.580267
9811 961286.094990 961286.094990 961198.204990 961198.204990
9814 961272.701402 961272.701402 961184.811402 961184.811402
9816 961226.306102 961226.306102 961138.416102 961138.416102
9817 960814.255288 960814.255288 960726.365288 960726.365288
9822 959258.905481 959258.905481 959171.015481 959171.015481
285000 16025755.792145 959258.905481 16025755.792145 959171.015481
"function evaluation" "current f(x)" "best-so-far f(x)" "current af(x)+b"  "best af(x)+b"
1 11525799.903767 11525799.903767 11526120.093767 11526120.093767
5 11525799.817977 11525799.817977 11526120.007977 11526120.007977
7 11525799.787238 11525799.787238 11526119.977238 11526119.977238
9 11525799.250298 11525799.250298 11526119.440298 11526119.440298
12 11525798.425254 11525798.425254 11526118.615254 11526118.615254
14 11525793.397554 11525793.397554 11526113.587554 11526113.587554
17 11525787.900576 11525787.900576 11526108.090576 11526108.090576
24 11525747.493837 11525747.493837 11526067.683837 11526067.683837
30 11524761.821618 11524761.821618 11525082.011618 11525082.011618
32 11524334.320031 11524334.320031 11524654.510031 11524654.510031
34 11524043.289366 11524043.289366 11524363.479366 11524363.479366
36 11522587.096508 11522587.096508 11522907.286508 11522907.286508
38 11517485.523622 11517485.523622 11517805.713622 11517805.713622
39 11504910.983901 11504910.983901 11505231.173901 11505231.173901
121 5103493.317300 5103493.317300 5103813.507300 5103813.507300
122 5103493.236861 5103493.236861 5103813.426861 5103813.426861
123 5103493.107167 5103493.107167 5103813.297167 5103813.297167
129 5103492.466391 5103492.466391 5103812.656391 5103812.656391
132 5103490.038243 5103490.038243 5103810.228243 5103810.228243
135 5103487.289137 5103487.289137 5103807.479137 5103807.479137
137 5103475.885367 5103475.885367 5103796.075367 5103796.075367
142 5103437.861113 5103437.861113 5103758.051113 5103758.051113
144 5103382.195461 5103382.195461 5103702.385461 5103702.385461
149 5103195.059758 5103195.059758 5103515.249758 5103515.249758
152 5099859.123585 5099859.123585 5100179.313585 5100179.313585
154 5098981.550479 5098981.550479 5099301.740479 5099301.740479
961 3798346.782420 3798346.782420 3798666.972420 3798666.972420
962 3798346.773878 3798346.773878 3798666.963878 3798666.963878
964 3798346.742986 3798346.742986 3798666.932986 3798666.932986
965 3798346.668870 3798346.668870 3798666.858870 3798666.858870
967 3798346.599129 3798346.599129 3798666.789129 3798666.789129
972 3798345.572569 3798345.572569 3798665.762569 3798665.762569
974 3798341.826458 3798341.826458 3798662.016458 3798662.016458
975 3798332.766657 3798332.766657 3798652.956657 3798652.956657
977 3798332.743769 3798332.743769 3798652.933769 3798652.933769
982 3798326.568791 3798326.568791 3798646.758791 3798646.758791
983 3798263.001746 3798263.001746 3798583.191746 3798583.191746
986 3798187.895932 3798187.895932 3798508.085932 3798508.085932
987 3797363.635209 3797363.635209 3797683.825209 3797683.825209
989 3797255.954500 3797255.954500 3797576.144500 3797576.144500
994 3793882.436424 3793882.436424 3794202.626424 3794202.626424
998 3791756.064127 3791756.064127 3792076.254127 3792076.254127
2058 3551614.383204 3551614.383204 3551934.573204 3551934.573204
2216 3544743.489113 3544743.489113 3545063.679113 3545063.679113
2409 3122328.318787 3122328.318787 3122648.508787 3122648.508787
2411 2899617.314349 2899617.314349 2899937.504349 2899937.504349
2412 2588597.019969 2588597.019969 2588917.209969 2588917.209969
2413 2536160.574388 2536160.574388 2536480.764388 2536480.764388
2420 2325402.999619 2325402.999619 2325723.189619 2325723.189619
2759 2314986.087439 2314986.087439 2315306.277439 2315306.277439
4612 2314986.048082 2314986.048082 2315306.238082 2315306.238082
4613 2314986.001348 2314986.001348 2315306.191348 2315306.191348
4616 2314985.915532 2314985.915532 2315306.105532 2315306.105532
4618 2314985.845213 2314985.845213 2315306.035213 2315306.035213
4619 2314984.818817 2314984.818817 2315305.008817 2315305.008817
4625 2314977.246439 2314977.246439 2315297.436439 2315297.436439
4627 2314969.568257 2314969.568257 2315289.758257 2315289.758257
4632 2314960.793547 2314960.793547 2315280.983547 2315280.983547
4634 2314808.267881 2314808.267881 2315128.457881 2315128.457881
4635 2314750.402225 2314750.402225 2315070.592225 2315070.592225
4637 2314453.190246 2314453.190246 2314773.380246 2314773.380246
4642 2314026.711229 2314026.711229 2314346.901229 2314346.901229
4644 2311048.961619 2311048.961619 2311369.151619 2311369.151619
4649 2310945.539385 2310945.539385 2311265.729385 2311265.729385
5265 1881893.486412 1881893.486412 1882213.676412 1882213.676412
6661 1881893.485708 1881893.485708 1882213.675708 1882213.675708
6664 1881893.468800 1881893.468800 1882213.658800 1882213.658800
6665 1881893.312353 1881893.312353 1882213.502353 1882213.502353
6674 1881889.569155 1881889.569155 1882209.759155 1882209.759155
6675 1881879.701052 1881879.701052 1882199.891052 1882199.891052
6677 1881866.377220 1881866.377220 1882186.567220 1882186.567220
6683 1881836.384894 1881836.384894 1882156.574894 1882156.574894
6686 1881790.779171 1881790.779171 1882110.969171 1882110.969171
6687 1881233.949756 1881233.949756 1881554.139756 1881554.139756
6689 1881110.994689 1881110.994689 1881431.184689 1881431.184689
6691 1880556.518753 1880556.518753 1880876.708753 1880876.708753
6696 1877857.001655 1877857.001655 1878177.191655 1878177.191655
6699 1875178.558522 1875178.558522 1875498.748522 1875498.748522
8084 1734719.322541 1734719.322541 1735039.512541 1735039.512541
8509 1452208.699023 1452208.699023 1452528.889023 1452528.889023
10432 1452208.698898 1452208.698898 1452528.888898 1452528.888898
10434 1452208.647663 1452208.647663 1452528.837663 1452528.837663
10439 1452208.395005 1452208.395005 1452528.585005 1452528.585005
10442 1452207.676740 1452207.676740 1452527.866740 1452527.866740
10443 1452206.094747 1452206.094747 1452526.284747 1452526.284747
10445 1452195.004235 1452195.004235 1452515.194235 1452515.194235
10450 1452181.591951 1452181.591951 1452501.781951 1452501.781951
10452 1452150.844928 1452150.844928 1452471.034928 1452471.034928
10456 1451950.025830 1451950.025830 1452270.215830 1452270.215830
10459 1451928.669131 1451928.669131 1452248.859131 1452248.859131
10461 1450871.731364 1450871.731364 1451191.921364 1451191.921364
10469 1448672.407038 1448672.407038 1448992.597038 1448992.597038
285000 24272670.344579 1448672.407038 24272670.344579 1448992.597038
"function evaluation" "current f(x)" "best-so-far f(x)" "current af(x)+b"  "best af(x)+b"
1 25609004.928233 25609004.928233 25609325.118233 25609325.118233
6 25609004.872002 25609004.872002 25609325.062002 25609325.062002
8 25609004.627788 25609004.627788 25609324.817788 25609324.817788
9 25609004.271362 25609004.271362 25609324.461362 25609324.461362
14 25609000.704755 25609000.704755 25609320.894755 25609320.894755
19 25608991.736692 25608991.736692 25609311.926692 25609311.926692
21 25608948.051969 25608948.051969 25609268.241969 25609268.241969
30 25608900.074354 25608900.074354 25609220.264354 25609220.264354
32 25605304.113574 25605304.113574 25605624.303574 25605624.303574
34 25604775.303869 25604775.303869 25605095.493869 25605095.493869
38 25576596.195265 25576596.195265 25576916.385265 25576916.385265
41 10230427.940618 10230427.940618 10230748.130618 10230748.130618
42 10230427.919611 10230427.919611 10230748.109611 10230748.109611
43 10230427.876071 10230427.876071 10230748.066071 10230748.066071
46 10230427.759199 10230427.759199 10230747.949199 10230747.949199
50 10230427.669501 10230427.669501 10230747.859501 10230747.859501
52 10230427.386057 10230427.386057 10230747.576057 10230747.576057
55 10230425.412841 10230425.412841 10230745.602841 10230745.602841
57 10230418.512116 10230418.512116 10230738.702116 10230738.702116
60 10230399.965000 10230399.965000 10230720.155000 10230720.155000
61 10230364.757081 10230364.757081 10230684.947081 10230684.947081
64 10230251.859791 10230251.859791 10230572.049791 10230572.049791
67 10229524.451620 10229524.451620 10229844.641620 10229844.641620
69 10229408.302062 10229408.302062 10229728.492062 10229728.492062
72 10228262.925856 10228262.925856 10228583.115856 10228583.115856
74 10226018.137426 10226018.137426 10226338.327426 10226338.327426
75 10220222.135171 10220222.135171 10220542.325171 10220542.325171
79 10212636.066283 10212636.066283 10212956.256283 10212956.256283
201 7244148.098696 7244148.098696 7244468.288696 7244468.288696
203 7244148.050391 7244148.050391 7244468.240391 7244468.240391
206 7244147.975798 7244147.975798 7244468.165798 7244468.165798
212 7244147.474441 7244147.474441 7244467.664441 7244467.664441
217 7244141.901226 7244141.901226 7244462.091226 7244462.091226
220 7244120.272978 7244120.272978 7244440.462978 7244440.462978
221 7244045.552886 7244045.552886 7244365.742886 7244365.742886
224 7243988.135204 7243988.135204 7244308.325204 7244308.325204
230 7243120.083552 7243120.083552 7243440.273552 7243440.273552
232 7241953.878733 7241953.878733 7242274.068733 7242274.068733
238 7231463.988599 7231463.988599 7231784.178599 7231784.178599
240 7226887.145203 7226887.145203 7227207.335203 7227207.335203
241 4226432.404747 4226432.404747 4226752.594747 4226752.594747
243 4226432.335347 4226432.335347 4226752.525347 4226752.525347
246 4226432.255503 4226432.255503 4226752.445503 4226752.445503
252 4226430.926721 4226430.926721 4226751.116721 4226751.116721
254 4226429.623086 4226429.623086 4226749.813086 4226749.813086
255 4226418.637438 4226418.637438 4226738.827438 4226738.827438
257 4226406.726213 4226406.726213 4226726.916213 4226726.916213
266 4226324.732220 4226324.732220 4226644.922220 4226644.922220
267 4226219.008313 4226219.008313 4226539.198313 4226539.198313
272 4225215.535514 4225215.535514 4225535.725514 4225535.725514
275 4216322.496758 4216322.496758 4216642.686758 4216642.686758
1001 2334166.186163 2334166.186163 2334486.376163 2334486.376163
1002 2334166.106358 2334166.106358 2334486.296358 2334486.296358
1003 2334166.049186 2334166.049186 2334486.239186 2334486.239186
1008 2334165.852800 2334165.852800 2334486.042800 2334486.042800
1009 2334165.180340 2334165.180340 2334485.370340 2334485.370340
1014 2334163.076730 2334163.076730 2334483.266730 2334483.266730
1015 2334158.530197 2334158.530197 2334478.720197 2334478.720197
1020 2334138.178184 2334138.178184 2334458.368184 2334458.368184
1021 2334132.738224 2334132.738224 2334452.928224 2334452.928224
1023 2334108.707661 2334108.707661 2334428.897661 2334428.897661
1026 2333942.050153 2333942.050153 2334262.240153 2334262.240153
1027 2333677.931439 2333677.931439 2333998.121439 2333998.121439
1034 2329627.472931 2329627.472931 2329947.662931 2329947.662931
2426 1424764.314752 1424764.314752 1425084.504752 1425084.504752
2431 1335180.091467 1335180.091467 1335500.281467 1335500.281467
3852 1335180.054359 1335180.054359 1335500.244359 1335500.244359
3853 1335180.006511 1335180.006511 1335500.196511 1335500.196511
3858 1335179.873427 1335179.873427 1335500.063427 1335500.063427
3859 1335179.071495 1335179.071495 1335499.261495 1335499.261495
3864 1335177.008015 1335177.008015 1335497.198015 1335497.198015
3865 1335173.382142 1335173.382142 1335493.572142 1335493.572142
3870 1335152.217370 1335152.217370 1335472.407370 1335472.407370
3876 1334989.371145 1334989.371145 1335309.561145 1335309.561145
3877 1334860.591748 1334860.591748 1335180.781748 1335180.781748
3879 1334638.890527 1334638.890527 1334959.080527 1334959.080527
3884 1331351.914495 1331351.914495 1331672.104495 1331672.104495
5215 1192704.394910 1192704.394910 1193024.584910 1193024.584910
6541 1192704.394757 1192704.394757 1193024.584757 1193024.584757
6543 1192704.277826 1192704.277826 1193024.467826 1193024.467826
6549 1192702.921499 1192702.921499 1193023.111499 1193023.111499
6555 1192700.113067 1192700.113067 1193020.303067 1193020.303067
6557 1192691.824612 1192691.824612 1193012.014612 1193012.014612
6559 1192673.795335 1192673.795335 1192993.985335 1192993.985335
6566 1192514.410736 1192514.410736 1192834.600736 1192834.600736
6567 1191909.974403 1191909.974403 1192230.164403 1192230.164403
6569 1191898.442320 1191898.442320 1192218.632320 1192218.632320
6577 1189919.678405 1189919.678405 1190239.868405 1190239.868405
8018 912337.628495 912337.628495 912657.818495 912657.818495
9272 912337.589303 912337.589303 912657.779303 912657.779303
9277 912337.247038 912337.247038 912657.437038 912657.437038
9283 912335.024219 912335.024219 912655.214219 912655.214219
9285 912326.821815 912326.821815 912647.011815 912647.011815
9287 912323.708496 912323.708496 912643.898496 912643.898496
9292 912279.774400 912279.774400 912599.964400 912599.964400
9293 912248.281294 912248.281294 912568.471294 912568.471294
9295 912081.982286 912081.982286 912402.172286 912402.172286
9303 912003.481641 912003.481641 912323.671641 912323.671641
9305 911845.629492 911845.629492 912165.819492 912165.819492
9308 909539.994485 909539.994485 909860.184485 909860.184485
9310 908900.594901 908900.594901 909220.784901 909220.784901
285000 21888550.646495 908900.594901 21888550.646495 909220.784901
"function evaluation" "current f(x)" "best-so-far f(x)" "current af(x)+b"  "best af(x)+b"
1 17251751.929214 17251751.929214 17252072.119214 17252072.119214
3 17251751.858299 17251751.858299 17252072.048299 17252072.048299
6 17251751.780681 17251751.780681 17252071.970681 17252071.970681
12 17251749.854741 17251749.854741 17252070.044741 17252070.044741
14 17251748.840251 17251748.840251 17252069.030251 17252069.030251
15 17251746.387256 17251746.387256 17252066.577256 17252066.577256
17 17251732.581960 17251732.581960 17252052.771960 17252052.771960
21 17251646.194871 17251646.194871 17251966.384871 17251966.384871
26 17251596.211069 17251596.211069 17251916.401069 17251916.401069
27 17251196.130965 17251196.130965 17251516.320965 17251516.320965
30 17250701.919744 17250701.919744 17251022.109744 17251022.109744
32 17250624.463684 17250624.463684 17250944.653684 17250944.653684
36 17242565.497545 17242565.497545 17242885.687545 17242885.687545
38 17232687.002312 17232687.002312 17233007.192312 17233007.192312
121 11315484.742012 11315484.742012 11315804.932012 11315804.932012
123 11315484.633382 11315484.633382 11315804.823382 11315804.823382
128 11315484.589838 11315484.589838 11315804.779838 11315804.779838
129 11315483.523296 11315483.523296 11315803.713296 11315803.713296
132 11315483.266049 11315483.266049 11315803.456049 11315803.456049
135 11315478.337298 11315478.337298 11315798.527298 11315798.527298
137 11315476.783423 11315476.783423 11315796.973423 11315796.973423
139 11315454.928739 11315454.928739 11315775.118739 11315775.118739
141 11315438.474912 11315438.474912 11315758.664912 11315758.664912
144 11315368.735611 11315368.735611 11315688.925611 11315688.925611
146 11315237.792063 11315237.792063 11315557.982063 11315557.982063
150 11314324.966269 11314324.966269 11314645.156269 11314645.156269
154 11313903.928487 11313903.928487 11314224.118487 11314224.118487
155 11307959.808384 11307959.808384 11308279.998384 11308279.998384
158 11296104.875347 11296104.875347 11296425.065347 11296425.065347
601 5802033.631287 5802033.631287 5802353.821287 5802353.821287
602 5802033.581610 5802033.581610 5802353.771610 5802353.771610
603 5802033.519976 5802033.519976 5802353.709976 5802353.709976
607 5802033.274730 5802033.274730 5802353.464730 5802353.464730
609 5802032.804816 5802032.804816 5802352.994816 5802352.994816
614 5802027.667381 5802027.667381 5802347.857381 5802347.857381
615 5802019.644361 5802019.644361 5802339.834361 5802339.834361
617 5802004.938555 5802004.938555 5802325.128555 5802325.128555
619 5802004.357062 5802004.357062 5802324.547062 5802324.547062
621 5801969.895664 5801969.895664 5802290.085664 5802290.085664
624 5801947.342840 5801947.342840 5802267.532840 5802267.532840
626 5801786.979487 5801786.979487 5802107.169487 5802107.169487
629 5801549.748916 5801549.748916 5801869.938916 5801869.938916
631 5800973.837459 5800973.837459 5801294.027459 5801294.027459
634 5797615.636001 5797615.636001 5797935.826001 5797935.826001
638 5793775.911980 5793775.911980 5794096.101980 5794096.101980
639 5790655.514573 5790655.514573 5790975.704573 5790975.704573
2256 3771379.151675 3771379.151675 3771699.341675 3771699.341675
2259 3209527.280198 3209527.280198 3209847.470198 3209847.470198
3452 3209527.266276 3209527.266276 3209847.456276 3209847.456276
3453 3209527.188927 3209527.188927 3209847.378927 3209847.378927
3457 3209527.042552 3209527.042552 3209847.232552 3209847.232552
3459 3209526.620705 3209526.620705 3209846.810705 3209846.810705
3464 3209522.571864 3209522.571864 3209842.761864 3209842.761864
3465 3209516.875547 3209516.875547 3209837.065547 3209837.065547
3467 3209501.790960 3209501.790960 3209821.980960 3209821.980960
3471 3209468.221902 3209468.221902 3209788.411902 3209788.411902
3474 3209442.456330 3209442.456330 3209762.646330 3209762.646330
3476 3209320.737260 3209320.737260 3209640.927260 3209640.927260
3479 3208791.438858 3208791.438858 3209111.628858 3209111.628858
3484 3206303.641231 3206303.641231 3206623.831231 3206623.831231
3486 3205784.582550 3205784.582550 3206104.772550 3206104.772550
3489 3192651.212223 3192651.212223 3192971.402223 3192971.402223
4930 2996571.120286 2996571.120286 2996891.310286 2996891.310286
5354 2936773.853947 2936773.853947 2937094.043947 2937094.043947
5420 1815704.717781 1815704.717781 1816024.907781 1816024.907781
5518 358042.525480 358042.525480 358362.715480 358362.715480
7262 358042.524495 358042.524495 358362.714495 358362.714495
7263 358042.517128 358042.517128 358362.707128 358362.707128
7266 358042.510039 358042.510039 358362.700039 358362.700039
7268 358042.484865 358042.484865 358362.674865 358362.674865
7270 358042.218621 358042.218621 358362.408621 358362.408621
7272 358041.336903 358041.336903 358361.526903 358361.526903
7274 358039.407485 358039.407485 358359.597485 358359.597485
7275 358028.844455 358028.844455 358349.034455 358349.034455
7279 358009.209283 358009.209283 358329.399283 358329.399283
7285 357871.693893 357871.693893 358191.883893 358191.883893
7289 357156.837783 357156.837783 357477.027783 357477.027783
7297 356859.701077 356859.701077 357179.891077 357179.891077
7300 356381.520857 356381.520857 356701.710857 356701.710857
285000 21877155.389903 356381.520857 21877155.389903 356701.710857
"function evaluation" "current f(x)" "best-so-far f(x)" "current af(x)+b"  "best af(x)+b"
1 68584344.370950 68584344.370950 68584240.130950 68584240.130950
3 68584344.278948 68584344.278948 68584240.038948 68584240.038948
6 68584344.202209 68584344.202209 68584239.962209 68584239.962209
9 68584343.966633 68584343.966633 68584239.726633 68584239.726633
11 68584342.714378 68584342.714378 68584238.474378 68584238.474378
14 68584338.850870 68584338.850870 68584234.610870 68584234.610870
16 68584327.887898 68584327.887898 68584223.647898 68584223.647898
19 68584284.791875 68584284.791875 68584180.551875 68584180.551875
21 68584243.884169 68584243.884169 68584139.644169 68584139.644169
25 68583841.725591 68583841.725591 68583737.485591 68583737.485591
27 68583813.192184 68583813.192184 68583708.952184 68583708.952184
31 68579882.328961 68579882.328961 68579778.088961 68579778.088961
35 68569450.718866 68569450.718866 68569346.478866 68569346.478866
38 68564635.958353 68564635.958353 68564531.718353 68564531.718353
39 68503795.168004 68503795.168004 68503690.928004 68503690.928004
81 17144426.562183 17144426.562183 17144322.322183 17144322.322183
82 17144426.554030 17144426.554030 17144322.314030 17144322.314030
83 17144426.419407 17144426.419407 17144322.179407 17144322.179407
89 17144426.003783 17144426.003783 17144321.763783 17144321.763783
91 17144425.003339 17144425.003339 17144320.763339 17144320.763339
94 17144423.496301 17144423.496301 17144319.256301 17144319.256301
96 17144422.037055 17144422.037055 17144317.797055 17144317.797055
99 17144397.819331 17144397.819331 17144293.579331 17144293.579331
101 17144369.224438 17144369.224438 17144264.984438 17144264.984438
110 17143269.740180 17143269.740180 17143165.500180 17143165.500180
114 17135271.974129 17135271.974129 17135167.734129 17135167.734129
117 17128922.944234 17128922.944234 17128818.704234 17128818.704234
119 17127933.730119 17127933.730119 17127829.490119 17127829.490119
521 11433003.242878 11433003.242878 11432899.002878 11432899.002878
522 11433003.177651 11433003.177651 11432898.937651 11432898.937651
527 11433002.839500 11433002.839500 11432898.599500 11432898.599500
531 11433001.804385 11433001.804385 11432897.564385 11432897.564385
534 11432998.313036 11432998.313036 11432894.073036 11432894.073036
536 11432996.883755 11432996.883755 11432892.643755 11432892.643755
540 11432993.681115 11432993.681115 11432889.441115 11432889.441115
541 11432979.673862 11432979.673862 11432875.433862 11432875.433862
545 11432892.516520 11432892.516520 11432788.276520 11432788.276520
548 11432798.377944 11432798.377944 11432694.137944 11432694.137944
550 11431965.998228 11431965.998228 11431861.758228 11431861.758228
551 11431308.965958 11431308.965958 11431204.725958 11431204.725958
554 11428601.384675 11428601.384675 11428497.144675 11428497.144675
555 11425068.454852 11425068.454852 11424964.214852 11424964.214852
559 11407386.370421 11407386.370421 11407282.130421 11407282.130421
721 8079339.568645 8079339.568645 8079235.328645 8079235.328645
722 8079339.541031 8079339.541031 8079235.301031 8079235.301031
723 8079339.378532 8079339.378532 8079235.138532 8079235.138532
727 8079339.253869 8079339.253869 8079235.013869 8079235.013869
730 8079339.232452 8079339.232452 8079234.992452 8079234.992452
731 8079338.874988 8079338.874988 8079234.634988 8079234.634988
734 8079334.749057 8079334.749057 8079230.509057 8079230.509057
736 8079332.577426 8079332.577426 8079228.337426 8079228.337426
738 8079324.906142 8079324.906142 8079220.666142 8079220.666142
741 8079278.210654 8079278.210654 8079173.970654 8079173.970654
744 8079249.551862 8079249.551862 8079145.311862 8079145.311862
745 8079169.654190 8079169.654190 8079065.414190 8079065.414190
751 8077717.593912 8077717.593912 8077613.353912 8077613.353912
754 8074862.767188 8074862.767188 8074758.527188 8074758.527188
757 8061816.327591 8061816.327591 8061712.087591 8061712.087591
841 3740580.697100 3740580.697100 3740476.457100 3740476.457100
843 3740580.625077 3740580.625077 3740476.385077 3740476.385077
846 3740580.533224 3740580.533224 3740476.293224 3740476.293224
851 3740578.537636 3740578.537636 3740474.297636 3740474.297636
854 3740577.627638 3740577.627638 3740473.387638 3740473.387638
856 3740569.390706 3740569.390706 3740465.150706 3740465.150706
859 3740556.808609 3740556.808609 3740452.568609 3740452.568609
861 3740544.398143 3740544.398143 3740440.158143 3740440.158143
864 3740375.874117 3740375.874117 3740271.634117 3740271.634117
867 3740058.494229 3740058.494229 3739954.254229 3739954.254229
874 3736085.752037 3736085.752037 3735981.512037 3735981.512037
880 3727522.308561 3727522.308561 3727418.068561 3727418.068561
2358 1937304.401039 1937304.401039 1937200.161039 1937200.161039
3691 1937304.393214 1937304.393214 1937200.153214 1937200.153214
3693 1937304.261092 1937304.261092 1937200.021092 1937200.021092
3696 1937304.229889 1937304.229889 1937199.989889 1937199.989889
3701 1937301.594493 1937301.594493 1937197.354493 1937197.354493
3704 1937301.289875 1937301.289875 1937197.049875 1937197.049875
3706 1937294.790642 1937294.790642 1937190.550642 1937190.550642
3711 1937276.262534 1937276.262534 1937172.022534 1937172.022534
3714 1937107.556172 1937107.556172 1937003.316172 1937003.316172
3717 1936740.779310 1936740.779310 1936636.539310 1936636.539310
3724 1932923.276877 1932923.276877 1932819.036877 1932819.036877
8527 1786317.635524 1786317.635524 1786213.395524 1786213.395524
10471 1786317.612274 1786317.612274 1786213.372274 1786213.372274
10473 1786317.462519 1786317.462519 1786213.222519 1786213.222519
10475 1786317.453736 1786317.453736 1786213.213736 1786213.213736
10479 1786316.921872 1786316.921872 1786212.681872 1786212.681872
10484 1786316.623662 1786316.623662 1786212.383662 1786212.383662
10485 1786316.466907 1786316.466907 1786212.226907 1786212.226907
10487 1786306.348138 1786306.348138 1786202.108138 1786202.108138
10492 1786259.782754 1786259.782754 1786155.542754 1786155.542754
10494 1786246.555343 1786246.555343 1786142.315343 1786142.315343
10499 1786158.294831 1786158.294831 1786054.054831 1786054.054831
10503 1784172.155393 1784172.155393 1784067.915393 1784067.915393
10510 1770472.621205 1770472.621205 1770368.381205 1770368.381205
285000 17030338.643124 1770472.621205 17030338.643124 1770368.381205
"function evaluation" "current f(x)" "best-so-far f(x)" "current af(x)+b"  "best af(x)+b"
1 91642787.087312 91642787.087312 91642682.847312 91642682.847312
2 91642787.041116 91642787.041116 91642682.801116 91642682.801116
3 91642786.905886 91642786.905886 91642682.665886 91642682.665886
8 91642786.709623 91642786.709623 91642682.469623 91642682.469623
10 91642786.345067 91642786.345067 91642682.105067 91642682.105067
11 91642785.722739 91642785.722739 91642681.482739 91642681.482739
16 91642784.802267 91642784.802267 91642680.562267 91642680.562267
18 91642782.408223 91642782.408223 91642678.168223 91642678.168223
19 91642741.198217 91642741.198217 91642636.958217 91642636.958217
23 91642688.554205 91642688.554205 91642584.314205 91642584.314205
25 91642660.918098 91642660.918098 91642556.678098 91642556.678098
30 91641957.481093 91641957.481093 91641853.241093 91641853.241093
34 91638384.977442 91638384.977442 91638280.737442 91638280.737442
35 91626895.402489 91626895.402489 91626791.162489 91626791.162489
37 91621492.231947 91621492.231947 91621387.991947 91621387.991947
39 91604918.015622 91604918.015622 91604813.775622 91604813.775622
41 37241004.794125 37241004.794125 37240900.554125 37240900.554125
44 37241004.774496 37241004.774496 37240900.534496 37240900.534496
45 37241004.627287 37241004.627287 37240900.387287 37240900.387287
49 37241004.011988 37241004.011988 37240899.771988 37240899.771988
51 37241001.813296 37241001.813296 37240897.573296 37240897.573296
54 37241001.655956 37241001.655956 37240897.415956 37240897.415956
58 37240991.314012 37240991.314012 37240887.074012 37240887.074012
62 37240952.096815 37240952.096815 37240847.856815 37240847.856815
64 37240883.878703 37240883.878703 37240779.638703 37240779.638703
67 37239917.507386 37239917.507386 37239813.267386 37239813.267386
74 37236549.905686 37236549.905686 37236445.665686 37236445.665686
75 37232080.006433 37232080.006433 37231975.766433 37231975.766433
79 37173612.477367 37173612.477367 37173508.237367 37173508.237367
121 34142982.239848 34142982.239848 34142877.999848 34142877.999848
123 34142982.233053 34142982.233053 34142877.993053 34142877.993053
126 34142982.196068 34142982.196068 34142877.956068 34142877.956068
128 34142982.123612 34142982.123612 34142877.883612 34142877.883612
130 34142981.544418 34142981.544418 34142877.304418 34142877.304418
136 34142967.860516 34142967.860516 34142863.620516 34142863.620516
139 34142922.618012 34142922.618012 34142818.378012 34142818.378012
144 34142863.384776 34142863.384776 34142759.144776 34142759.144776
147 34142716.987441 34142716.987441 34142612.747441 34142612.747441
150 34141649.249998 34141649.249998 34141545.009998 34141545.009998
151 34140724.674117 34140724.674117 34140620.434117 34140620.434117
154 34139962.947837 34139962.947837 34139858.707837 34139858.707837
155 34133402.478118 34133402.478118 34133298.238118 34133298.238118
157 34128829.337576 34128829.337576 34128725.097576 34128725.097576
159 34099657.811870 34099657.811870 34099553.571870 34099553.571870
321 11456600.796342 11456600.796342 11456496.556342 11456496.556342
323 11456600.706839 11456600.706839 11456496.466839 11456496.466839
325 11456600.622565 11456600.622565 11456496.382565 11456496.382565
327 11456600.434542 11456600.434542 11456496.194542 11456496.194542
334 11456600.219767 11456600.219767 11456495.979767 11456495.979767
338 11456590.926306 11456590.926306 11456486.686306 11456486.686306
339 11456572.306010 11456572.306010 11456468.066010 11456468.066010
345 11456316.415392 11456316.415392 11456212.175392 11456212.175392
351 11452015.419540 11452015.419540 11451911.179540 11451911.179540
355 11448597.848608 11448597.848608 11448493.608608 11448493.608608
357 11445296.256417 11445296.256417 11445192.016417 11445192.016417
359 11426107.251556 11426107.251556 11426003.011556 11426003.011556
401 7753973.495804 7753973.495804 7753869.255804 7753869.255804
402 7753973.488845 7753973.488845 7753869.248845 7753869.248845
403 7753973.414211 7753973.414211 7753869.174211 7753869.174211
405 7753973.374778 7753973.374778 7753869.134778 7753869.134778
408 7753973.350507 7753973.350507 7753869.110507 7753869.110507
410 7753973.228627 7753973.228627 7753868.988627 7753868.988627
411 7753972.691072 7753972.691072 7753868.451072 7753868.451072
416 7753966.824487 7753966.824487 7753862.584487 7753862.584487
418 7753960.331253 7753960.331253 7753856.091253 7753856.091253
424 7753795.053764 7753795.053764 7753690.813764 7753690.813764
425 7753704.689990 7753704.689990 7753600.449990 7753600.449990
427 7752932.755315 7752932.755315 7752828.515315 7752828.515315
434 7749432.378590 7749432.378590 7749328.138590 7749328.138590
435 7743587.452645 7743587.452645 7743483.212645 7743483.212645
961 5219581.268376 5219581.268376 5219477.028376 5219477.028376
968 5219581.028876 5219581.028876 5219476.788876 5219476.788876
969 5219580.708991 5219580.708991 5219476.468991 5219476.468991
971 5219579.316688 5219579.316688 5219475.076688 5219475.076688
976 5219574.924989 5219574.924989 5219470.684989 5219470.684989
979 5219551.719224 5219551.719224 5219447.479224 5219447.479224
984 5219540.223967 5219540.223967 5219435.983967 5219435.983967
986 5219502.551868 5219502.551868 5219398.311868 5219398.311868
987 5218728.689735 5218728.689735 5218624.449735 5218624.449735
994 5215094.273730 5215094.273730 5214990.033730 5214990.033730
999 5210741.453533 5210741.453533 5210637.213533 5210637.213533
2409 3298555.246252 3298555.246252 3298451.006252 3298451.006252
2417 3120104.720444 3120104.720444 3120000.480444 3120000.480444
2420 2969307.195309 2969307.195309 2969202.955309 2969202.955309
3811 2969307.150756 2969307.150756 2969202.910756 2969202.910756
3818 2969306.998755 2969306.998755 2969202.758755 2969202.758755
3821 2969304.781951 2969304.781951 2969200.541951 2969200.541951
3826 2969300.775740 2969300.775740 2969196.535740 2969196.535740
3829 2969277.295675 2969277.295675 2969173.055675 2969173.055675
3834 2969258.718823 2969258.718823 2969154.478823 2969154.478823
3837 2968498.651222 2968498.651222 2968394.411222 2968394.411222
3841 2968363.350496 2968363.350496 2968259.110496 2968259.110496
3844 2964769.465641 2964769.465641 2964665.225641 2964665.225641
5264 2304220.953374 2304220.953374 2304116.713374 2304116.713374
6661 2304220.926165 2304220.926165 2304116.686165 2304116.686165
6667 2304220.923642 2304220.923642 2304116.683642 2304116.683642
6670 2304220.728451 2304220.728451 2304116.488451 2304116.488451
6671 2304219.301278 2304219.301278 2304115.061278 2304115.061278
6676 2304215.836608 2304215.836608 2304111.596608 2304111.596608
6677 2304209.665988 2304209.665988 2304105.425988 2304105.425988
6679 2304169.900847 2304169.900847 2304065.660847 2304065.660847
6685 2304036.753638 2304036.753638 2303932.513638 2303932.513638
6687 2303117.346008 2303117.346008 2303013.106008 2303013.106008
6694 2302466.831822 2302466.831822 2302362.591822 2302362.591822
6697 2294163.817807 2294163.817807 2294059.577807 2294059.577807
7949 2117821.279080 2117821.279080 2117717.039080 2117717.039080
8132 1819668.212461 1819668.212461 1819563.972461 1819563.972461
8228 1588010.580771 1588010.580771 1587906.340771 1587906.340771
8524 1540792.493391 1540792.493391 1540688.253391 1540688.253391
10472 1540792.491376 1540792.491376 1540688.251376 1540688.251376
10473 1540792.368833 1540792.368833 1540688.128833 1540688.128833
10477 1540792.168179 1540792.168179 1540687.928179 1540687.928179
10479 1540792.020452 1540792.020452 1540687.780452 1540687.780452
10483 1540789.871186 1540789.871186 1540685.631186 1540685.631186
10488 1540769.405460 1540769.405460 1540665.165460 1540665.165460
10489 1540739.744359 1540739.744359 1540635.504359 1540635.504359
10494 1540720.008432 1540720.008432 1540615.768432 1540615.768432
10500 1540433.541385 1540433.541385 1540329.301385 1540329.301385
10503 1538647.013260 1538647.013260 1538542.773260 1538542.773260
10510 1524947.479073 1524947.479073 1524843.239073 1524843.239073
285000 13551911.559043 1524947.479073 13551911.559043 1524843.239073
"function evaluation" "current f(x)" "best-so-far f(x)" "current af(x)+b"  "best af(x)+b"
1 11407882.904930 11407882.904930 11407778.664930 11407778.664930
2 11407882.828640 11407882.828640 11407778.588640 11407778.588640
7 11407882.575862 11407882.575862 11407778.335862 11407778.335862
10 11407882.314943 11407882.314943 11407778.074943 11407778.074943
13 11407882.043170 11407882.043170 11407777.803170 11407777.803170
16 11407876.514994 11407876.514994 11407772.274994 11407772.274994
18 11407869.708696 11407869.708696 11407765.468696 11407765.468696
24 11407764.792733 11407764.792733 11407660.552733 11407660.552733
27 11407700.666951 11407700.666951 11407596.426951 11407596.426951
31 11406247.384278 11406247.384278 11406143.144278 11406143.144278
34 11406015.804970 11406015.804970 11405911.564970 11405911.564970
35 11400976.672800 11400976.672800 11400872.432800 11400872.432800
37 11387903.239403 11387903.239403 11387798.999403 11387798.999403
161 11297222.573104 11297222.573104 11297118.333104 11297118.333104
163 11297222.490640 11297222.490640 11297118.250640 11297118.250640
166 11297222.440095 11297222.440095 11297118.200095 11297118.200095
167 11297222.216055 11297222.216055 11297117.976055 11297117.976055
170 11297221.874032 11297221.874032 11297117.634032 11297117.634032
174 11297219.510284 11297219.510284 11297115.270284 11297115.270284
176 11297218.493562 11297218.493562 11297114.253562 11297114.253562
178 11297208.372003 11297208.372003 11297104.132003 11297104.132003
179 11297173.020417 11297173.020417 11297068.780417 11297068.780417
184 11297103.904844 11297103.904844 11296999.664844 11296999.664844
188 11297035.072540 11297035.072540 11296930.832540 11296930.832540
190 11295025.743999 11295025.743999 11294921.503999 11294921.503999
194 11288188.858571 11288188.858571 11288084.618571 11288084.618571
198 11284915.923937 11284915.923937 11284811.683937 11284811.683937
201 8636711.874801 8636711.874801 8636607.634801 8636607.634801
202 8636711.846618 8636711.846618 8636607.606618 8636607.606618
203 8636711.845258 8636711.845258 8636607.605258 8636607.605258
205 8636711.700592 8636711.700592 8636607.460592 8636607.460592
207 8636711.485565 8636711.485565 8636607.245565 8636607.245565
211 8636710.270063 8636710.270063 8636606.030063 8636606.030063
215 8636709.179831 8636709.179831 8636604.939831 8636604.939831
218 8636707.174972 8636707.174972 8636602.934972 8636602.934972
219 8636677.507966 8636677.507966 8636573.267966 8636573.267966
224 8636667.545296 8636667.545296 8636563.305296 8636563.305296
225 8636504.936751 8636504.936751 8636400.696751 8636400.696751
227 8635743.014860 8635743.014860 8635638.774860 8635638.774860
231 8635421.537740 8635421.537740 8635317.297740 8635317.297740
234 8626521.775654 8626521.775654 8626417.535654 8626417.535654
681 8178094.294647 8178094.294647 8177990.054647 8177990.054647
682 8178094.287001 8178094.287001 8177990.047001 8177990.047001
683 8178094.180480 8178094.180480 8177989.940480 8177989.940480
690 8178093.610933 8178093.610933 8177989.370933 8177989.370933
694 8178092.360810 8178092.360810 8177988.120810 8177988.120810
696 8178081.354260 8178081.354260 8177977.114260 8177977.114260
701 8178069.840419 8178069.840419 8177965.600419 8177965.600419
703 8178044.423689 8178044.423689 8177940.183689 8177940.183689
705 8177600.863935 8177600.863935 8177496.623935 8177496.623935
707 8177558.103923 8177558.103923 8177453.863923 8177453.863923
710 8176728.798916 8176728.798916 8176624.558916 8176624.558916
714 8173363.535476 8173363.535476 8173259.295476 8173259.295476
718 8167838.001967 8167838.001967 8167733.761967 8167733.761967
1081 5124122.987573 5124122.987573 5124018.747573 5124018.747573
1083 5124122.951884 5124122.951884 5124018.711884 5124018.711884
1086 5124122.879310 5124122.879310 5124018.639310 5124018.639310
1089 5124122.291551 5124122.291551 5124018.051551 5124018.051551
1093 5124121.099208 5124121.099208 5124016.859208 5124016.859208
1096 5124109.179652 5124109.179652 5124004.939652 5124004.939652
1104 5124070.697100 5124070.697100 5123966.457100 5123966.457100
1108 5123914.420750 5123914.420750 5123810.180750 5123810.180750
1110 5123176.798476 5123176.798476 5123072.558476 5123072.558476
1111 5121149.689364 5121149.689364 5121045.449364 5121045.449364
1114 5120882.667909 5120882.667909 5120778.427909 5120778.427909
1115 5119399.893512 5119399.893512 5119295.653512 5119295.653512
2460 3057810.062408 3057810.062408 3057705.822408 3057705.822408
2464 2843354.695659 2843354.695659 2843250.455659 2843250.455659
2465 2835540.073730 2835540.073730 2835435.833730 2835435.833730
2466 2590330.897926 2590330.897926 2590226.657926 2590226.657926
3931 2590330.854687 2590330.854687 2590226.614687 2590226.614687
3933 2590330.845769 2590330.845769 2590226.605769 2590226.605769
3936 2590330.837839 2590330.837839 2590226.597839 2590226.597839
3938 2590330.811216 2590330.811216 2590226.571216 2590226.571216
3939 2590330.352673 2590330.352673 2590226.112673 2590226.112673
3943 2590329.476986 2590329.476986 2590225.236986 2590225.236986
3946 2590317.482685 2590317.482685 2590213.242685 2590213.242685
3954 2590308.482136 2590308.482136 2590204.242136 2590204.242136
3956 2590306.175234 2590306.175234 2590201.935234 2590201.935234
3958 2590112.960688 2590112.960688 2590008.720688 2590008.720688
3960 2589673.507633 2589673.507633 2589569.267633 2589569.267633
3961 2588080.639621 2588080.639621 2587976.399621 2587976.399621
3965 2586360.414651 2586360.414651 2586256.174651 2586256.174651
7829 2348048.695807 2348048.695807 2347944.455807 2347944.455807
7845 2123118.335364 2123118.335364 2123014.095364 2123014.095364
7854 1430890.393313 1430890.393313 1430786.153313 1430786.153313
8911 1430890.392524 1430890.392524 1430786.152524 1430786.152524
8913 1430890.306124 1430890.306124 1430786.066124 1430786.066124
8917 1430890.008467 1430890.008467 1430785.768467 1430785.768467
8921 1430888.920449 1430888.920449 1430784.680449 1430784.680449
8924 1430883.453028 1430883.453028 1430779.213028 1430779.213028
8928 1430877.840132 1430877.840132 1430773.600132 1430773.600132
8929 1430859.876323 1430859.876323 1430755.636323 1430755.636323
8934 1430761.956752 1430761.956752 1430657.716752 1430657.716752
8936 1430753.617626 1430753.617626 1430649.377626 1430649.377626
8940 1430009.748303 1430009.748303 1429905.508303 1429905.508303
8942 1429949.863153 1429949.863153 1429845.623153 1429845.623153
8943 1428744.913182 1428744.913182 1428640.673182 1428640.673182
8947 1425971.724998 1425971.724998 1425867.484998 1425867.484998
8949 1423879.662459 1423879.662459 1423775.422459 1423775.422459
285000 20481343.355047 1423879.662459 20481343.355047 1423775.422459
