"function evaluation" "current f(x)" "best-so-far f(x)" "current af(x)+b"  "best af(x)+b"
1 307.156988 307.156988 254.806988 254.806988
3 307.156939 307.156939 254.806939 254.806939
6 307.156787 307.156787 254.806787 254.806787
21 92.797502 92.797502 40.447502 40.447502
23 92.797477 92.797477 40.447477 40.447477
26 92.797405 92.797405 40.447405 40.447405
61 70.527980 70.527980 18.177980 18.177980
63 70.527962 70.527962 18.177962 18.177962
66 70.527905 70.527905 18.177905 18.177905
161 21.758359 21.758359 -30.591641 -30.591641
163 21.758352 21.758352 -30.591648 -30.591648
166 21.758328 21.758328 -30.591672 -30.591672
271 7.122112 7.122112 -45.227888 -45.227888
272 7.122092 7.122092 -45.227908 -45.227908
274 7.122085 7.122085 -45.227915 -45.227915
275 7.122077 7.122077 -45.227923 -45.227923
311 5.698896 5.698896 -46.651104 -46.651104
316 5.698894 5.698894 -46.651106 -46.651106
960 4.767124 4.767124 -47.582876 -47.582876
963 4.687834 4.687834 -47.662166 -47.662166
965 4.316963 4.316963 -48.033037 -48.033037
967 4.257211 4.257211 -48.092789 -48.092789
971 3.673645 3.673645 -48.676355 -48.676355
1621 3.673641 3.673641 -48.676359 -48.676359
2310 2.740375 2.740375 -49.609625 -49.609625
2312 2.541866 2.541866 -49.808134 -49.808134
2971 2.541863 2.541863 -49.808137 -49.808137
2974 2.541862 2.541862 -49.808138 -49.808138
3660 2.179475 2.179475 -50.170525 -50.170525
3664 2.160343 2.160343 -50.189657 -50.189657
3672 2.143262 2.143262 -50.206738 -50.206738
3747 1.612042 1.612042 -50.737958 -50.737958
4006 1.198806 1.198806 -51.151194 -51.151194
4013 1.160936 1.160936 -51.189064 -51.189064
4521 1.160936 1.160936 -51.189064 -51.189064
4524 1.160933 1.160933 -51.189067 -51.189067
4526 1.160933 1.160933 -51.189067 -51.189067
5095 0.996254 0.996254 -51.353746 -51.353746
5104 0.861825 0.861825 -51.488175 -51.488175
5308 0.854869 0.854869 -51.495131 -51.495131
5841 0.854864 0.854864 -51.495136 -51.495136
6071 0.336419 0.336419 -52.013581 -52.013581
6080 0.140171 0.140171 -52.209829 -52.209829
6083 0.091296 0.091296 -52.258704 -52.258704
6852 0.091296 0.091296 -52.258704 -52.258704
6853 0.091296 0.091296 -52.258704 -52.258704
6856 0.091294 0.091294 -52.258706 -52.258706
7421 0.048407 0.048407 -52.301593 -52.301593
7424 0.046186 0.046186 -52.303814 -52.303814
7429 0.045456 0.045456 -52.304544 -52.304544
7430 0.032877 0.032877 -52.317123 -52.317123
8202 0.032877 0.032877 -52.317123 -52.317123
8204 0.032876 0.032876 -52.317124 -52.317124
8206 0.032876 0.032876 -52.317124 -52.317124
8771 0.030138 0.030138 -52.319862 -52.319862
9551 0.030137 0.030137 -52.319863 -52.319863
9554 0.030135 0.030135 -52.319865 -52.319865
10129 0.024769 0.024769 -52.325231 -52.325231
10131 0.006050 0.006050 -52.343950 -52.343950
10901 0.006048 0.006048 -52.343952 -52.343952
10904 0.006047 0.006047 -52.343953 -52.343953
11480 0.005507 0.005507 -52.344493 -52.344493
12251 0.005505 0.005505 -52.344495 -52.344495
17053 0.004370 0.004370 -52.345630 -52.345630
17751 0.004368 0.004368 -52.345632 -52.345632
17754 0.004367 0.004367 -52.345633 -52.345633
20006 0.003016 0.003016 -52.346984 -52.346984
20602 0.003014 0.003014 -52.346986 -52.346986
20603 0.003013 0.003013 -52.346987 -52.346987
37159 0.002811 0.002811 -52.347189 -52.347189
37921 0.002811 0.002811 -52.347189 -52.347189
37924 0.002811 0.002811 -52.347189 -52.347189
38935 0.002046 0.002046 -52.347954 -52.347954
39522 0.002045 0.002045 -52.347955 -52.347955
39523 0.002044 0.002044 -52.347956 -52.347956
40288 0.001546 0.001546 -52.348454 -52.348454
40872 0.001545 0.001545 -52.348455 -52.348455
40876 0.001545 0.001545 -52.348455 -52.348455
41636 0.001464 0.001464 -52.348536 -52.348536
41637 0.001253 0.001253 -52.348747 -52.348747
42221 0.001253 0.001253 -52.348747 -52.348747
135000 0.040465 0.001253 0.040465 -52.348747
"function evaluation" "current f(x)" "best-so-far f(x)" "current af(x)+b"  "best af(x)+b"
1 161.141979 161.141979 108.791979 108.791979
6 161.141958 161.141958 108.791958 108.791958
7 161.141904 161.141904 108.791904 108.791904
11 42.566536 42.566536 -9.783464 -9.783464
15 42.566516 42.566516 -9.783484 -9.783484
17 42.566494 42.566494 -9.783506 -9.783506
41 35.696719 35.696719 -16.653281 -16.653281
43 35.696707 35.696707 -16.653293 -16.653293
46 35.696675 35.696675 -16.653325 -16.653325
51 28.882919 28.882919 -23.467081 -23.467081
52 28.882906 28.882906 -23.467094 -23.467094
54 28.882905 28.882905 -23.467095 -23.467095
57 28.882898 28.882898 -23.467102 -23.467102
59 28.882864 28.882864 -23.467136 -23.467136
61 25.261184 25.261184 -27.088816 -27.088816
62 25.261125 25.261125 -27.088875 -27.088875
66 25.261115 25.261115 -27.088885 -27.088885
68 25.261099 25.261099 -27.088901 -27.088901
71 7.821019 7.821019 -44.528981 -44.528981
72 7.821007 7.821007 -44.528993 -44.528993
74 7.821006 7.821006 -44.528994 -44.528994
75 7.821004 7.821004 -44.528996 -44.528996
79 7.820990 7.820990 -44.529010 -44.529010
251 5.025586 5.025586 -47.324414 -47.324414
252 5.025570 5.025570 -47.324430 -47.324430
256 5.025564 5.025564 -47.324436 -47.324436
926 4.253802 4.253802 -48.096198 -48.096198
928 3.349792 3.349792 -49.000208 -49.000208
1602 3.349787 3.349787 -49.000213 -49.000213
1606 3.349786 3.349786 -49.000214 -49.000214
2276 2.524960 2.524960 -49.825040 -49.825040
2279 2.058714 2.058714 -50.291286 -50.291286
2283 2.015282 2.015282 -50.334718 -50.334718
2952 2.015279 2.015279 -50.334721 -50.334721
2953 2.015279 2.015279 -50.334721 -50.334721
3275 1.661370 1.661370 -50.688630 -50.688630
3626 1.133589 1.133589 -51.216411 -51.216411
3630 1.115761 1.115761 -51.234239 -51.234239
3866 1.093264 1.093264 -51.256736 -51.256736
3873 0.775357 0.775357 -51.574643 -51.574643
3874 0.718731 0.718731 -51.631269 -51.631269
3875 0.519449 0.519449 -51.830551 -51.830551
4441 0.519445 0.519445 -51.830555 -51.830555
4621 0.453011 0.453011 -51.896989 -51.896989
4987 0.369287 0.369287 -51.980713 -51.980713
5214 0.327004 0.327004 -52.022996 -52.022996
5216 0.289262 0.289262 -52.060738 -52.060738
5218 0.210032 0.210032 -52.139968 -52.139968
5222 0.206880 0.206880 -52.143120 -52.143120
5225 0.158136 0.158136 -52.191864 -52.191864
5791 0.158132 0.158132 -52.191868 -52.191868
6039 0.153563 0.153563 -52.196437 -52.196437
6328 0.141365 0.141365 -52.208635 -52.208635
6338 0.113814 0.113814 -52.236186 -52.236186
6567 0.097362 0.097362 -52.252638 -52.252638
6569 0.045056 0.045056 -52.304944 -52.304944
7141 0.045055 0.045055 -52.304945 -52.304945
7916 0.044670 0.044670 -52.305330 -52.305330
7918 0.034455 0.034455 -52.315545 -52.315545
7919 0.032031 0.032031 -52.317969 -52.317969
7921 0.031101 0.031101 -52.318899 -52.318899
8491 0.031100 0.031100 -52.318900 -52.318900
8493 0.031098 0.031098 -52.318902 -52.318902
9029 0.027847 0.027847 -52.322153 -52.322153
9032 0.014774 0.014774 -52.335226 -52.335226
9702 0.014773 0.014773 -52.335227 -52.335227
10378 0.012904 0.012904 -52.337096 -52.337096
11051 0.012901 0.012901 -52.337099 -52.337099
11054 0.012900 0.012900 -52.337100 -52.337100
12865 0.011733 0.011733 -52.338267 -52.338267
13622 0.011733 0.011733 -52.338267 -52.338267
13623 0.011733 0.011733 -52.338267 -52.338267
14210 0.010264 0.010264 -52.339736 -52.339736
14972 0.010263 0.010263 -52.339737 -52.339737
14973 0.010261 0.010261 -52.339739 -52.339739
17189 0.009680 0.009680 -52.340320 -52.340320
17832 0.009680 0.009680 -52.340320 -52.340320
18087 0.008867 0.008867 -52.341133 -52.341133
18093 0.005376 0.005376 -52.344624 -52.344624
18921 0.005375 0.005375 -52.344625 -52.344625
23717 0.005037 0.005037 -52.344963 -52.344963
24451 0.005037 0.005037 -52.344963 -52.344963
24453 0.005036 0.005036 -52.344964 -52.344964
24455 0.005036 0.005036 -52.344964 -52.344964
27554 0.003774 0.003774 -52.346226 -52.346226
27964 0.003166 0.003166 -52.346834 -52.346834
27972 0.002908 0.002908 -52.347092 -52.347092
28621 0.002907 0.002907 -52.347093 -52.347093
28624 0.002907 0.002907 -52.347093 -52.347093
31806 0.001772 0.001772 -52.348228 -52.348228
32552 0.001772 0.001772 -52.348228 -52.348228
34515 0.001237 0.001237 -52.348763 -52.348763
35251 0.001235 0.001235 -52.348765 -52.348765
35254 0.001235 0.001235 -52.348765 -52.348765
135000 0.020497 0.001235 0.020497 -52.348765
"function evaluation" "current f(x)" "best-so-far f(x)" "current af(x)+b"  "best af(x)+b"
1 63.774309 63.774309 11.424309 11.424309
3 63.774293 63.774293 11.424293 11.424293
6 63.774244 63.774244 11.424244 11.424244
11 6.463927 6.463927 -45.886073 -45.886073
12 6.463910 6.463910 -45.886090 -45.886090
14 6.463909 6.463909 -45.886091 -45.886091
518 4.994855 4.994855 -47.355145 -47.355145
520 4.862055 4.862055 -47.487945 -47.487945
530 4.741335 4.741335 -47.608665 -47.608665
571 3.925181 3.925181 -48.424819 -48.424819
574 3.227479 3.227479 -49.122521 -49.122521
1392 3.227470 3.227470 -49.122530 -49.122530
1399 3.227467 3.227467 -49.122533 -49.122533
1870 3.125269 3.125269 -49.224731 -49.224731
1871 2.821153 2.821153 -49.528847 -49.528847
1872 2.018301 2.018301 -50.331699 -50.331699
1919 0.363857 0.363857 -51.986143 -51.986143
1926 0.118177 0.118177 -52.231823 -52.231823
2741 0.118177 0.118177 -52.231823 -52.231823
2744 0.118176 0.118176 -52.231824 -52.231824
2749 0.118174 0.118174 -52.231826 -52.231826
3269 0.099270 0.099270 -52.250730 -52.250730
3271 0.096199 0.096199 -52.253801 -52.253801
3273 0.079996 0.079996 -52.270004 -52.270004
3276 0.073515 0.073515 -52.276485 -52.276485
4091 0.073515 0.073515 -52.276485 -52.276485
4093 0.073515 0.073515 -52.276485 -52.276485
4098 0.073514 0.073514 -52.276486 -52.276486
4778 0.048608 0.048608 -52.301392 -52.301392
5532 0.048608 0.048608 -52.301392 -52.301392
5533 0.048605 0.048605 -52.301395 -52.301395
5972 0.040408 0.040408 -52.309592 -52.309592
5976 0.035758 0.035758 -52.314242 -52.314242
5980 0.034589 0.034589 -52.315411 -52.315411
6792 0.034587 0.034587 -52.315413 -52.315413
7327 0.012393 0.012393 -52.337607 -52.337607
8142 0.012390 0.012390 -52.337610 -52.337610
8143 0.012390 0.012390 -52.337610 -52.337610
11618 0.011212 0.011212 -52.338788 -52.338788
12331 0.011211 0.011211 -52.338789 -52.338789
12334 0.011211 0.011211 -52.338789 -52.338789
12335 0.011211 0.011211 -52.338789 -52.338789
12965 0.010081 0.010081 -52.339919 -52.339919
13682 0.010079 0.010079 -52.339921 -52.339921
13683 0.010079 0.010079 -52.339921 -52.339921
14776 0.010015 0.010015 -52.339985 -52.339985
15302 0.010014 0.010014 -52.339986 -52.339986
17015 0.009556 0.009556 -52.340444 -52.340444
17220 0.008504 0.008504 -52.341496 -52.341496
17852 0.008503 0.008503 -52.341497 -52.341497
17853 0.008503 0.008503 -52.341497 -52.341497
18293 0.007728 0.007728 -52.342272 -52.342272
18648 0.007373 0.007373 -52.342627 -52.342627
18691 0.007160 0.007160 -52.342840 -52.342840
19271 0.007159 0.007159 -52.342841 -52.342841
19719 0.005256 0.005256 -52.344744 -52.344744
20432 0.005255 0.005255 -52.344745 -52.344745
20433 0.005254 0.005254 -52.344746 -52.344746
24054 0.004885 0.004885 -52.345115 -52.345115
24652 0.004885 0.004885 -52.345115 -52.345115
24653 0.004885 0.004885 -52.345115 -52.345115
28130 0.004132 0.004132 -52.345868 -52.345868
28722 0.004130 0.004130 -52.345870 -52.345870
28723 0.004130 0.004130 -52.345870 -52.345870
28999 0.003747 0.003747 -52.346253 -52.346253
29466 0.003153 0.003153 -52.346847 -52.346847
30061 0.003153 0.003153 -52.346847 -52.346847
30064 0.003152 0.003152 -52.346848 -52.346848
37721 0.002597 0.002597 -52.347403 -52.347403
38252 0.002596 0.002596 -52.347404 -52.347404
51073 0.002566 0.002566 -52.347434 -52.347434
51662 0.002564 0.002564 -52.347436 -52.347436
51663 0.002563 0.002563 -52.347437 -52.347437
84417 0.002279 0.002279 -52.347721 -52.347721
85172 0.002278 0.002278 -52.347722 -52.347722
85173 0.002277 0.002277 -52.347723 -52.347723
95625 0.001560 0.001560 -52.348440 -52.348440
96211 0.001559 0.001559 -52.348441 -52.348441
109125 0.001299 0.001299 -52.348701 -52.348701
109712 0.001297 0.001297 -52.348703 -52.348703
109713 0.001296 0.001296 -52.348704 -52.348704
135000 0.114650 0.001296 0.114650 -52.348704
"function evaluation" "current f(x)" "best-so-far f(x)" "current af(x)+b"  "best af(x)+b"
1 345.825174 345.825174 166.285174 166.285174
2 345.825070 345.825070 166.285070 166.285070
4 345.824751 345.824751 166.284751 166.284751
8 345.824560 345.824560 166.284560 166.284560
11 159.168947 159.168947 -20.371053 -20.371053
12 159.168884 159.168884 -20.371116 -20.371116
14 159.168695 159.168695 -20.371305 -20.371305
18 159.168581 159.168581 -20.371419 -20.371419
21 36.742506 36.742506 -142.797494 -142.797494
28 36.742464 36.742464 -142.797536 -142.797536
41 12.740675 12.740675 -166.799325 -166.799325
42 12.740661 12.740661 -166.799339 -166.799339
43 12.740661 12.740661 -166.799339 -166.799339
45 12.740661 12.740661 -166.799339 -166.799339
331 12.388653 12.388653 -167.151347 -167.151347
333 12.388644 12.388644 -167.151356 -167.151356
411 11.326863 11.326863 -168.213137 -168.213137
412 11.326800 11.326800 -168.213200 -168.213200
491 9.470561 9.470561 -170.069439 -170.069439
492 9.470481 9.470481 -170.069519 -170.069519
654 6.641259 6.641259 -172.898741 -172.898741
662 5.952869 5.952869 -173.587131 -173.587131
1336 4.986370 4.986370 -174.553630 -174.553630
1842 4.986343 4.986343 -174.553657 -174.553657
1936 2.898676 2.898676 -176.641324 -176.641324
1944 2.369237 2.369237 -177.170763 -177.170763
1948 1.787463 1.787463 -177.752537 -177.752537
2752 1.787452 1.787452 -177.752548 -177.752548
3288 1.587520 1.587520 -177.952480 -177.952480
3290 1.556346 1.556346 -177.983654 -177.983654
3337 0.957619 0.957619 -178.582381 -178.582381
3344 0.805828 0.805828 -178.734172 -178.734172
3348 0.647776 0.647776 -178.892224 -178.892224
4132 0.647773 0.647773 -178.892227 -178.892227
4134 0.647772 0.647772 -178.892228 -178.892228
4687 0.343888 0.343888 -179.196112 -179.196112
4689 0.269501 0.269501 -179.270499 -179.270499
4690 0.159869 0.159869 -179.380131 -179.380131
4692 0.131200 0.131200 -179.408800 -179.408800
4693 0.065800 0.065800 -179.474200 -179.474200
5481 0.065798 0.065798 -179.474202 -179.474202
6043 0.064446 0.064446 -179.475554 -179.475554
6045 0.041277 0.041277 -179.498723 -179.498723
6046 0.040929 0.040929 -179.499071 -179.499071
6048 0.018766 0.018766 -179.521234 -179.521234
6831 0.018765 0.018765 -179.521235 -179.521235
6835 0.018765 0.018765 -179.521235 -179.521235
8693 0.015204 0.015204 -179.524796 -179.524796
9165 0.006729 0.006729 -179.533271 -179.533271
9781 0.006729 0.006729 -179.533271 -179.533271
9784 0.006729 0.006729 -179.533271 -179.533271
9785 0.006728 0.006728 -179.533272 -179.533272
9789 0.006728 0.006728 -179.533272 -179.533272
22309 0.006289 0.006289 -179.533711 -179.533711
22310 0.005785 0.005785 -179.534215 -179.534215
22316 0.005733 0.005733 -179.534267 -179.534267
23072 0.005733 0.005733 -179.534267 -179.534267
23075 0.005733 0.005733 -179.534267 -179.534267
23658 0.004635 0.004635 -179.535365 -179.535365
23668 0.004594 0.004594 -179.535406 -179.535406
24421 0.004593 0.004593 -179.535407 -179.535407
24424 0.004593 0.004593 -179.535407 -179.535407
24425 0.004592 0.004592 -179.535408 -179.535408
44349 0.002300 0.002300 -179.537700 -179.537700
44931 0.002300 0.002300 -179.537700 -179.537700
44934 0.002299 0.002299 -179.537701 -179.537701
44935 0.002298 0.002298 -179.537702 -179.537702
44939 0.002297 0.002297 -179.537703 -179.537703
50665 0.002115 0.002115 -179.537885 -179.537885
51422 0.002115 0.002115 -179.537885 -179.537885
51423 0.002114 0.002114 -179.537886 -179.537886
51426 0.002113 0.002113 -179.537887 -179.537887
51430 0.002113 0.002113 -179.537887 -179.537887
63154 0.001585 0.001585 -179.538415 -179.538415
63771 0.001585 0.001585 -179.538415 -179.538415
63773 0.001585 0.001585 -179.538415 -179.538415
68545 0.001088 0.001088 -179.538912 -179.538912
69172 0.001087 0.001087 -179.538913 -179.538913
69173 0.001087 0.001087 -179.538913 -179.538913
69176 0.001087 0.001087 -179.538913 -179.538913
69180 0.001087 0.001087 -179.538913 -179.538913
135000 0.325306 0.001087 0.325306 -179.538913
"function evaluation" "current f(x)" "best-so-far f(x)" "current af(x)+b"  "best af(x)+b"
1 12.617262 12.617262 -166.922738 -166.922738
3 12.617259 12.617259 -166.922741 -166.922741
5 12.617251 12.617251 -166.922749 -166.922749
161 10.994975 10.994975 -168.545025 -168.545025
162 10.994974 10.994974 -168.545026 -168.545026
163 10.994968 10.994968 -168.545032 -168.545032
165 10.994963 10.994963 -168.545037 -168.545037
271 10.951519 10.951519 -168.588481 -168.588481
272 10.951503 10.951503 -168.588497 -168.588497
275 10.951499 10.951499 -168.588501 -168.588501
504 10.504274 10.504274 -169.035726 -169.035726
508 10.272211 10.272211 -169.267789 -169.267789
511 10.028997 10.028997 -169.511003 -169.511003
773 9.877890 9.877890 -169.662110 -169.662110
775 9.729456 9.729456 -169.810544 -169.810544
777 9.286365 9.286365 -170.253635 -170.253635
782 8.819078 8.819078 -170.720922 -170.720922
962 8.254098 8.254098 -171.285902 -171.285902
1622 8.254094 8.254094 -171.285906 -171.285906
1625 8.254086 8.254086 -171.285914 -171.285914
1851 4.776440 4.776440 -174.763560 -174.763560
1854 4.683930 4.683930 -174.856070 -174.856070
1857 4.164473 4.164473 -175.375527 -175.375527
2041 2.396779 2.396779 -177.143221 -177.143221
2694 2.104822 2.104822 -177.435178 -177.435178
3192 2.104821 2.104821 -177.435179 -177.435179
3193 2.104818 2.104818 -177.435182 -177.435182
3195 2.104817 2.104817 -177.435183 -177.435183
3258 1.604118 1.604118 -177.935882 -177.935882
3390 1.376710 1.376710 -178.163290 -178.163290
3392 1.010357 1.010357 -178.529643 -178.529643
3394 0.970075 0.970075 -178.569925 -178.569925
3395 0.854146 0.854146 -178.685854 -178.685854
4161 0.854146 0.854146 -178.685854 -178.685854
4165 0.854141 0.854141 -178.685859 -178.685859
4604 0.661957 0.661957 -178.878043 -178.878043
4609 0.571110 0.571110 -178.968890 -178.968890
5301 0.523736 0.523736 -179.016264 -179.016264
5384 0.476757 0.476757 -179.063243 -179.063243
5387 0.225320 0.225320 -179.314680 -179.314680
5388 0.125293 0.125293 -179.414707 -179.414707
5892 0.125292 0.125292 -179.414708 -179.414708
5896 0.125290 0.125290 -179.414710 -179.414710
6739 0.106190 0.106190 -179.433810 -179.433810
7242 0.106190 0.106190 -179.433810 -179.433810
7244 0.106189 0.106189 -179.433811 -179.433811
7246 0.106188 0.106188 -179.433812 -179.433812
7569 0.056696 0.056696 -179.483304 -179.483304
7919 0.031877 0.031877 -179.508123 -179.508123
8491 0.031876 0.031876 -179.508124 -179.508124
8493 0.031876 0.031876 -179.508124 -179.508124
8496 0.031875 0.031875 -179.508125 -179.508125
8500 0.031875 0.031875 -179.508125 -179.508125
9266 0.030625 0.030625 -179.509375 -179.509375
9273 0.021811 0.021811 -179.518189 -179.518189
9841 0.021810 0.021810 -179.518190 -179.518190
9846 0.021810 0.021810 -179.518190 -179.518190
11865 0.011171 0.011171 -179.528829 -179.528829
12481 0.011171 0.011171 -179.528829 -179.528829
12484 0.011171 0.011171 -179.528829 -179.528829
12485 0.011171 0.011171 -179.528829 -179.528829
12489 0.011170 0.011170 -179.528830 -179.528830
17137 0.006555 0.006555 -179.533445 -179.533445
17802 0.006554 0.006554 -179.533446 -179.533446
17803 0.006553 0.006553 -179.533447 -179.533447
17806 0.006552 0.006552 -179.533448 -179.533448
17810 0.006552 0.006552 -179.533448 -179.533448
21353 0.006107 0.006107 -179.533893 -179.533893
21952 0.006107 0.006107 -179.533893 -179.533893
21956 0.006106 0.006106 -179.533894 -179.533894
22702 0.005733 0.005733 -179.534267 -179.534267
23301 0.005733 0.005733 -179.534267 -179.534267
23304 0.005732 0.005732 -179.534268 -179.534268
23309 0.005732 0.005732 -179.534268 -179.534268
26748 0.005507 0.005507 -179.534493 -179.534493
27351 0.005507 0.005507 -179.534493 -179.534493
27354 0.005507 0.005507 -179.534493 -179.534493
27359 0.005506 0.005506 -179.534494 -179.534494
28096 0.004052 0.004052 -179.535948 -179.535948
28702 0.004051 0.004051 -179.535949 -179.535949
28703 0.004051 0.004051 -179.535949 -179.535949
28706 0.004049 0.004049 -179.535951 -179.535951
28710 0.004049 0.004049 -179.535951 -179.535951
38345 0.003446 0.003446 -179.536554 -179.536554
39108 0.003323 0.003323 -179.536677 -179.536677
39621 0.003322 0.003322 -179.536678 -179.536678
39624 0.003322 0.003322 -179.536678 -179.536678
39625 0.003322 0.003322 -179.536678 -179.536678
39629 0.003322 0.003322 -179.536678 -179.536678
47066 0.002987 0.002987 -179.537013 -179.537013
47642 0.002986 0.002986 -179.537014 -179.537014
47643 0.002986 0.002986 -179.537014 -179.537014
47646 0.002984 0.002984 -179.537016 -179.537016
54544 0.001793 0.001793 -179.538207 -179.538207
55372 0.001792 0.001792 -179.538208 -179.538208
55373 0.001792 0.001792 -179.538208 -179.538208
55380 0.001791 0.001791 -179.538209 -179.538209
135000 0.146881 0.001791 0.146881 -179.538209
"function evaluation" "current f(x)" "best-so-far f(x)" "current af(x)+b"  "best af(x)+b"
1 309.806899 309.806899 130.266899 130.266899
2 309.806802 309.806802 130.266802 130.266802
4 309.806506 309.806506 130.266506 130.266506
8 309.806328 309.806328 130.266328 130.266328
11 15.765106 15.765106 -163.774894 -163.774894
71 12.445441 12.445441 -167.094559 -167.094559
72 12.445378 12.445378 -167.094622 -167.094622
251 3.537363 3.537363 -176.002637 -176.002637
252 3.537358 3.537358 -176.002642 -176.002642
255 3.537353 3.537353 -176.002647 -176.002647
926 2.801628 2.801628 -176.738372 -176.738372
928 2.716301 2.716301 -176.823699 -176.823699
933 2.567768 2.567768 -176.972232 -176.972232
937 2.512392 2.512392 -177.027608 -177.027608
1166 1.996584 1.996584 -177.543416 -177.543416
1741 1.996578 1.996578 -177.543422 -177.543422
1747 1.996576 1.996576 -177.543424 -177.543424
2280 1.987221 1.987221 -177.552779 -177.552779
2286 1.953981 1.953981 -177.586019 -177.586019
2514 1.050542 1.050542 -178.489458 -178.489458
2523 0.861955 0.861955 -178.678045 -178.678045
3092 0.861952 0.861952 -178.678048 -178.678048
3097 0.861952 0.861952 -178.678048 -178.678048
3100 0.861951 0.861951 -178.678049 -178.678049
3560 0.532493 0.532493 -179.007507 -179.007507
4262 0.532492 0.532492 -179.007508 -179.007508
4263 0.532490 0.532490 -179.007510 -179.007510
4265 0.532489 0.532489 -179.007511 -179.007511
4692 0.508794 0.508794 -179.031206 -179.031206
4910 0.391388 0.391388 -179.148612 -179.148612
4911 0.247469 0.247469 -179.292531 -179.292531
4915 0.171743 0.171743 -179.368257 -179.368257
4921 0.071974 0.071974 -179.468026 -179.468026
5611 0.071973 0.071973 -179.468027 -179.468027
5614 0.071972 0.071972 -179.468028 -179.468028
5619 0.071972 0.071972 -179.468028 -179.468028
6261 0.063272 0.063272 -179.476728 -179.476728
6264 0.045490 0.045490 -179.494510 -179.494510
6269 0.041159 0.041159 -179.498841 -179.498841
6961 0.041159 0.041159 -179.498841 -179.498841
6964 0.041158 0.041158 -179.498842 -179.498842
6969 0.041157 0.041157 -179.498843 -179.498843
7608 0.021697 0.021697 -179.518303 -179.518303
7611 0.015640 0.015640 -179.524360 -179.524360
7616 0.004679 0.004679 -179.535321 -179.535321
8312 0.004679 0.004679 -179.535321 -179.535321
8313 0.004679 0.004679 -179.535321 -179.535321
8316 0.004677 0.004677 -179.535323 -179.535323
16076 0.004602 0.004602 -179.535398 -179.535398
16621 0.004601 0.004601 -179.535399 -179.535399
16624 0.004601 0.004601 -179.535399 -179.535399
16625 0.004599 0.004599 -179.535401 -179.535401
16629 0.004599 0.004599 -179.535401 -179.535401
18816 0.004040 0.004040 -179.535960 -179.535960
19351 0.004039 0.004039 -179.535961 -179.535961
19353 0.004039 0.004039 -179.535961 -179.535961
19660 0.003971 0.003971 -179.536029 -179.536029
20171 0.003185 0.003185 -179.536815 -179.536815
20701 0.003185 0.003185 -179.536815 -179.536815
20708 0.003185 0.003185 -179.536815 -179.536815
29626 0.003150 0.003150 -179.536850 -179.536850
30151 0.003150 0.003150 -179.536850 -179.536850
30153 0.003150 0.003150 -179.536850 -179.536850
30156 0.003149 0.003149 -179.536851 -179.536851
38814 0.002846 0.002846 -179.537154 -179.537154
39452 0.002846 0.002846 -179.537154 -179.537154
39453 0.002845 0.002845 -179.537155 -179.537155
39456 0.002845 0.002845 -179.537155 -179.537155
64604 0.002773 0.002773 -179.537227 -179.537227
65182 0.002773 0.002773 -179.537227 -179.537227
65184 0.002772 0.002772 -179.537228 -179.537228
65185 0.002772 0.002772 -179.537228 -179.537228
65189 0.002771 0.002771 -179.537229 -179.537229
71216 0.002670 0.002670 -179.537330 -179.537330
71851 0.002670 0.002670 -179.537330 -179.537330
71854 0.002670 0.002670 -179.537330 -179.537330
71855 0.002669 0.002669 -179.537331 -179.537331
71859 0.002669 0.002669 -179.537331 -179.537331
79113 0.001460 0.001460 -179.538540 -179.538540
79832 0.001460 0.001460 -179.538540 -179.538540
79833 0.001460 0.001460 -179.538540 -179.538540
79840 0.001460 0.001460 -179.538540 -179.538540
134467 0.001279 0.001279 -179.538721 -179.538721
135000 0.031892 0.001279 0.031892 -179.538721
"function evaluation" "current f(x)" "best-so-far f(x)" "current af(x)+b"  "best af(x)+b"
1 6.181744 6.181744 83.491744 83.491744
2 6.181733 6.181733 83.491733 83.491733
3 6.181732 6.181732 83.491732 83.491732
7 6.181732 6.181732 83.491732 83.491732
441 4.838908 4.838908 82.148908 82.148908
444 4.838904 4.838904 82.148904 82.148904
451 1.577541 1.577541 78.887541 78.887541
1266 1.307677 1.307677 78.617677 78.617677
1268 1.185390 1.185390 78.495390 78.495390
1271 1.059293 1.059293 78.369293 78.369293
1801 1.059289 1.059289 78.369289 78.369289
1809 1.059289 1.059289 78.369289 78.369289
2621 1.006383 1.006383 78.316383 78.316383
2622 1.004095 1.004095 78.314095 78.314095
3151 1.004093 1.004093 78.314093 78.314093
3159 1.004091 1.004091 78.314091 78.314091
3422 0.897190 0.897190 78.207190 78.207190
3424 0.707042 0.707042 78.017042 78.017042
3426 0.446665 0.446665 77.756665 77.756665
4181 0.446664 0.446664 77.756664 77.756664
4189 0.446661 0.446661 77.756661 77.756661
4772 0.345292 0.345292 77.655292 77.655292
4778 0.205401 0.205401 77.515401 77.515401
4780 0.086667 0.086667 77.396667 77.396667
4781 0.081885 0.081885 77.391885 77.391885
5532 0.081883 0.081883 77.391883 77.391883
6122 0.036384 0.036384 77.346384 77.346384
6127 0.029298 0.029298 77.339298 77.339298
6128 0.018599 0.018599 77.328599 77.328599
6882 0.018598 0.018598 77.328598 77.328598
6890 0.018597 0.018597 77.328597 77.328597
11369 0.017886 0.017886 77.327886 77.327886
11716 0.013385 0.013385 77.323385 77.323385
11722 0.011667 0.011667 77.321667 77.321667
12391 0.011667 0.011667 77.321667 77.321667
12396 0.011667 0.011667 77.321667 77.321667
12398 0.011666 0.011666 77.321666 77.321666
12399 0.011666 0.011666 77.321666 77.321666
13283 0.010023 0.010023 77.320023 77.320023
13871 0.010023 0.010023 77.320023 77.320023
13874 0.010023 0.010023 77.320023 77.320023
13878 0.010022 0.010022 77.320022 77.320022
13879 0.010021 0.010021 77.320021 77.320021
14078 0.009692 0.009692 77.319692 77.319692
14139 0.006274 0.006274 77.316274 77.316274
14140 0.004072 0.004072 77.314072 77.314072
14827 0.003241 0.003241 77.313241 77.313241
15332 0.003239 0.003239 77.313239 77.313239
15340 0.003236 0.003236 77.313236 77.313236
30735 0.003084 0.003084 77.313084 77.313084
31361 0.003084 0.003084 77.313084 77.313084
31369 0.003083 0.003083 77.313083 77.313083
37231 0.002923 0.002923 77.312923 77.312923
37962 0.002923 0.002923 77.312923 77.312923
37964 0.002922 0.002922 77.312922 77.312922
37969 0.002922 0.002922 77.312922 77.312922
38580 0.001217 0.001217 77.311217 77.311217
39311 0.001216 0.001216 77.311216 77.311216
39319 0.001214 0.001214 77.311214 77.311214
135000 0.048546 0.001214 0.048546 77.311214
"function evaluation" "current f(x)" "best-so-far f(x)" "current af(x)+b"  "best af(x)+b"
1 27.040276 27.040276 104.350276 104.350276
2 27.040245 27.040245 104.350245 104.350245
4 27.040205 27.040205 104.350205 104.350205
5 27.040204 27.040204 104.350204 104.350204
11 8.358713 8.358713 85.668713 85.668713
12 8.358684 8.358684 85.668684 85.668684
14 8.358672 8.358672 85.668672 85.668672
81 4.682622 4.682622 81.992622 81.992622
82 4.682611 4.682611 81.992611 81.992611
88 4.682607 4.682607 81.992607 81.992607
518 4.154532 4.154532 81.464532 81.464532
637 4.048037 4.048037 81.358037 81.358037
639 3.955204 3.955204 81.265204 81.265204
641 3.701354 3.701354 81.011354 81.011354
642 3.638127 3.638127 80.948127 80.948127
645 3.558449 3.558449 80.868449 80.868449
1432 3.558448 3.558448 80.868448 80.868448
1434 3.558448 3.558448 80.868448 80.868448
1438 3.558444 3.558444 80.868444 80.868444
1879 3.452352 3.452352 80.762352 80.762352
1909 3.279774 3.279774 80.589774 80.589774
1970 3.266774 3.266774 80.576774 80.576774
1972 3.220057 3.220057 80.530057 80.530057
1973 2.705629 2.705629 80.015629 80.015629
1974 1.772920 1.772920 79.082920 79.082920
2771 1.772916 1.772916 79.082916 79.082916
2774 1.772915 1.772915 79.082915 79.082915
2778 1.772915 1.772915 79.082915 79.082915
3320 0.822678 0.822678 78.132678 78.132678
3322 0.809933 0.809933 78.119933 78.119933
3333 0.804056 0.804056 78.114056 78.114056
4121 0.804054 0.804054 78.114054 78.114054
4124 0.804053 0.804053 78.114053 78.114053
4128 0.804052 0.804052 78.114052 78.114052
4670 0.488166 0.488166 77.798166 77.798166
4672 0.227854 0.227854 77.537854 77.537854
5250 0.148957 0.148957 77.458957 77.458957
5811 0.148955 0.148955 77.458955 77.458955
5819 0.148952 0.148952 77.458952 77.458952
6020 0.120910 0.120910 77.430910 77.430910
6026 0.101594 0.101594 77.411594 77.411594
6598 0.100352 0.100352 77.410352 77.410352
6605 0.043325 0.043325 77.353325 77.353325
7162 0.043323 0.043323 77.353323 77.353323
7381 0.042527 0.042527 77.352527 77.352527
7937 0.041880 0.041880 77.351880 77.351880
7952 0.018363 0.018363 77.328363 77.328363
8512 0.018362 0.018362 77.328362 77.328362
8518 0.018362 0.018362 77.328362 77.328362
8519 0.018362 0.018362 77.328362 77.328362
10070 0.008908 0.008908 77.318908 77.318908
10871 0.008907 0.008907 77.318907 77.318907
10874 0.008907 0.008907 77.318907 77.318907
10878 0.008907 0.008907 77.318907 77.318907
10879 0.008906 0.008906 77.318906 77.318906
11359 0.008431 0.008431 77.318431 77.318431
12182 0.008431 0.008431 77.318431 77.318431
12190 0.008430 0.008430 77.318430 77.318430
18108 0.005709 0.005709 77.315709 77.315709
18931 0.005709 0.005709 77.315709 77.315709
18938 0.005709 0.005709 77.315709 77.315709
18939 0.005708 0.005708 77.315708 77.315708
21422 0.005557 0.005557 77.315557 77.315557
21992 0.005556 0.005556 77.315556 77.315556
22000 0.005554 0.005554 77.315554 77.315554
25345 0.003260 0.003260 77.313260 77.313260
25350 0.002138 0.002138 77.312138 77.312138
25353 0.001847 0.001847 77.311847 77.311847
25971 0.001846 0.001846 77.311846 77.311846
25979 0.001845 0.001845 77.311845 77.311845
135000 0.035746 0.001845 0.035746 77.311845
"function evaluation" "current f(x)" "best-so-far f(x)" "current af(x)+b"  "best af(x)+b"
1 15.213147 15.213147 92.523147 92.523147
2 15.213116 15.213116 92.523116 92.523116
4 15.213087 15.213087 92.523087 92.523087
11 14.589348 14.589348 91.899348 91.899348
13 14.589335 14.589335 91.899335 91.899335
21 7.283182 7.283182 84.593182 84.593182
22 7.283177 7.283177 84.593177 84.593177
23 7.283172 7.283172 84.593172 84.593172
27 7.283169 7.283169 84.593169 84.593169
535 6.234325 6.234325 83.544325 83.544325
537 5.865579 5.865579 83.175579 83.175579
538 5.112607 5.112607 82.422607 82.422607
846 4.457853 4.457853 81.767853 81.767853
1551 4.457847 4.457847 81.767847 81.767847
1553 4.457844 4.457844 81.767844 81.767844
1556 4.457829 4.457829 81.767829 81.767829
1854 4.116729 4.116729 81.426729 81.426729
1859 4.098722 4.098722 81.408722 81.408722
1860 3.884205 3.884205 81.194205 81.194205
2191 1.650616 1.650616 78.960616 78.960616
2194 1.587769 1.587769 78.897769 78.897769
2901 1.587767 1.587767 78.897767 78.897767
2909 1.587765 1.587765 78.897765 78.897765
3541 1.544138 1.544138 78.854138 78.854138
3543 1.484837 1.484837 78.794837 78.794837
3544 1.483153 1.483153 78.793153 78.793153
3545 1.471422 1.471422 78.781422 78.781422
3631 1.421630 1.421630 78.731630 78.731630
3634 1.273309 1.273309 78.583309 78.583309
3663 1.160528 1.160528 78.470528 78.470528
3673 1.155051 1.155051 78.465051 78.465051
4322 1.155048 1.155048 78.465048 78.465048
4976 1.122670 1.122670 78.432670 78.432670
4985 1.112250 1.112250 78.422250 78.422250
5010 0.834640 0.834640 78.144640 78.144640
5018 0.809869 0.809869 78.119869 78.119869
5672 0.809866 0.809866 78.119866 78.119866
5935 0.709353 0.709353 78.019353 78.019353
5939 0.558199 0.558199 77.868199 77.868199
5958 0.461240 0.461240 77.771240 77.771240
5988 0.451377 0.451377 77.761377 77.761377
5991 0.430097 0.430097 77.740097 77.740097
5996 0.427737 0.427737 77.737737 77.737737
5998 0.380780 0.380780 77.690780 77.690780
6549 0.254866 0.254866 77.564866 77.564866
6551 0.153647 0.153647 77.463647 77.463647
6553 0.088735 0.088735 77.398735 77.398735
7132 0.088732 0.088732 77.398732 77.398732
7140 0.088730 0.088730 77.398730 77.398730
7288 0.035606 0.035606 77.345606 77.345606
7292 0.033933 0.033933 77.343933 77.343933
7294 0.033239 0.033239 77.343239 77.343239
7950 0.021710 0.021710 77.331710 77.331710
8512 0.021709 0.021709 77.331709 77.331709
9301 0.019644 0.019644 77.329644 77.329644
9862 0.019644 0.019644 77.329644 77.329644
9864 0.019644 0.019644 77.329644 77.329644
9868 0.019643 0.019643 77.329643 77.329643
9869 0.019642 0.019642 77.329642 77.329642
10655 0.018577 0.018577 77.328577 77.328577
11212 0.018575 0.018575 77.328575 77.328575
11220 0.018575 0.018575 77.328575 77.328575
11728 0.012293 0.012293 77.322293 77.322293
11747 0.007878 0.007878 77.317878 77.317878
12412 0.007876 0.007876 77.317876 77.317876
12420 0.007876 0.007876 77.317876 77.317876
12692 0.007075 0.007075 77.317075 77.317075
13522 0.007075 0.007075 77.317075 77.317075
13528 0.007075 0.007075 77.317075 77.317075
13529 0.007075 0.007075 77.317075 77.317075
14055 0.006738 0.006738 77.316738 77.316738
14065 0.006120 0.006120 77.316120 77.316120
14882 0.006120 0.006120 77.316120 77.316120
14884 0.006120 0.006120 77.316120 77.316120
14886 0.006120 0.006120 77.316120 77.316120
15396 0.002064 0.002064 77.312064 77.312064
16222 0.002062 0.002062 77.312062 77.312062
16230 0.002060 0.002060 77.312060 77.312060
51810 0.001927 0.001927 77.311927 77.311927
52651 0.001926 0.001926 77.311926 77.311926
52659 0.001925 0.001925 77.311925 77.311925
135000 0.053619 0.001925 0.053619 77.311925
"function evaluation" "current f(x)" "best-so-far f(x)" "current af(x)+b"  "best af(x)+b"
1 61.888592 61.888592 101.808592 101.808592
8 61.888572 61.888572 101.808572 101.808572
9 61.888487 61.888487 101.808487 101.808487
11 15.193414 15.193414 55.113414 55.113414
12 15.193352 15.193352 55.113352 55.113352
20 15.193329 15.193329 55.113329 55.113329
21 10.851137 10.851137 50.771137 50.771137
22 10.851122 10.851122 50.771122 50.771122
24 10.851120 10.851120 50.771120 50.771120
411 10.454507 10.454507 50.374507 50.374507
412 10.454490 10.454490 50.374490 50.374490
414 10.454477 10.454477 50.374477 50.374477
451 6.274182 6.274182 46.194182 46.194182
453 6.274171 6.274171 46.194171 46.194171
1018 5.949379 5.949379 45.869379 45.869379
1266 5.320405 5.320405 45.240405 45.240405
1268 4.745593 4.745593 44.665593 44.665593
1275 4.665664 4.665664 44.585664 44.585664
1276 4.551754 4.551754 44.471754 44.471754
1802 4.551751 4.551751 44.471751 44.471751
1803 4.551749 4.551749 44.471749 44.471749
2242 2.220720 2.220720 42.140720 42.140720
2932 2.220716 2.220716 42.140716 42.140716
2939 2.220716 2.220716 42.140716 42.140716
3592 1.448510 1.448510 41.368510 41.368510
3601 1.217176 1.217176 41.137176 41.137176
3937 1.155442 1.155442 41.075442 41.075442
4004 1.003199 1.003199 40.923199 40.923199
4008 0.771330 0.771330 40.691330 40.691330
4013 0.727755 0.727755 40.647755 40.647755
4522 0.727751 0.727751 40.647751 40.647751
5273 0.656643 0.656643 40.576643 40.576643
5282 0.562315 0.562315 40.482315 40.482315
5350 0.508753 0.508753 40.428753 40.428753
5352 0.417425 0.417425 40.337425 40.337425
5357 0.387386 0.387386 40.307386 40.307386
5358 0.344424 0.344424 40.264424 40.264424
5359 0.258702 0.258702 40.178702 40.178702
5872 0.258701 0.258701 40.178701 40.178701
5873 0.258699 0.258699 40.178699 40.178699
5878 0.258699 0.258699 40.178699 40.178699
6122 0.171940 0.171940 40.091940 40.091940
6700 0.126554 0.126554 40.046554 40.046554
7221 0.126552 0.126552 40.046552 40.046552
7226 0.126551 0.126551 40.046551 40.046551
7472 0.113818 0.113818 40.033818 40.033818
8050 0.092042 0.092042 40.012042 40.012042
8057 0.047049 0.047049 39.967049 39.967049
8572 0.047049 0.047049 39.967049 39.967049
8573 0.047049 0.047049 39.967049 39.967049
8576 0.047047 0.047047 39.967047 39.967047
9406 0.027789 0.027789 39.947789 39.947789
9921 0.027787 0.027787 39.947787 39.947787
10670 0.013088 0.013088 39.933088 39.933088
11222 0.013085 0.013085 39.933085 39.933085
14225 0.010543 0.010543 39.930543 39.930543
14234 0.009209 0.009209 39.929209 39.929209
14981 0.009207 0.009207 39.929207 39.929207
15544 0.002256 0.002256 39.922256 39.922256
16312 0.002256 0.002256 39.922256 39.922256
16318 0.002256 0.002256 39.922256 39.922256
64147 0.002169 0.002169 39.922169 39.922169
64912 0.002166 0.002166 39.922166 39.922166
72516 0.001127 0.001127 39.921127 39.921127
73172 0.001125 0.001125 39.921125 39.921125
134620 0.000550 0.000550 39.920550 39.920550
135000 0.064809 0.000550 0.064809 39.920550
"function evaluation" "current f(x)" "best-so-far f(x)" "current af(x)+b"  "best af(x)+b"
1 31.069601 31.069601 70.989601 70.989601
2 31.069560 31.069560 70.989560 70.989560
5 31.069506 31.069506 70.989506 70.989506
21 20.597154 20.597154 60.517154 60.517154
22 20.597097 20.597097 60.517097 60.517097
30 20.597075 20.597075 60.517075 60.517075
51 14.243030 14.243030 54.163030 54.163030
52 14.243008 14.243008 54.163008 54.163008
54 14.242997 14.242997 54.162997 54.162997
111 11.892517 11.892517 51.812517 51.812517
112 11.892462 11.892462 51.812462 51.812462
115 11.892460 11.892460 51.812460 51.812460
120 11.892437 11.892437 51.812437 51.812437
161 11.298264 11.298264 51.218264 51.218264
162 11.298246 11.298246 51.218246 51.218246
164 11.298244 11.298244 51.218244 51.218244
170 11.298241 11.298241 51.218241 51.218241
171 8.121731 8.121731 48.041731 48.041731
172 8.121707 8.121707 48.041707 48.041707
175 8.121700 8.121700 48.041700 48.041700
271 7.322648 7.322648 47.242648 47.242648
272 7.322635 7.322635 47.242635 47.242635
278 7.322633 7.322633 47.242633 47.242633
688 5.143142 5.143142 45.063142 45.063142
692 4.665912 4.665912 44.585912 44.585912
695 3.493353 3.493353 43.413353 43.413353
1462 3.493350 3.493350 43.413350 43.413350
1463 3.493341 3.493341 43.413341 43.413341
2047 2.820968 2.820968 42.740968 42.740968
2570 1.857841 1.857841 41.777841 41.777841
3122 1.857838 1.857838 41.777838 41.777838
3127 1.857837 1.857837 41.777837 41.777837
3255 1.672395 1.672395 41.592395 41.592395
3256 1.415381 1.415381 41.335381 41.335381
3634 1.408768 1.408768 41.328768 41.328768
3915 1.225085 1.225085 41.145085 41.145085
3917 1.218763 1.218763 41.138763 41.138763
3922 1.147110 1.147110 41.067110 41.067110
4472 1.147107 1.147107 41.067107 41.067107
4477 1.147106 1.147106 41.067106 41.067106
4568 0.818687 0.818687 40.738687 40.738687
4574 0.548438 0.548438 40.468438 40.468438
5273 0.545739 0.545739 40.465739 40.465739
5822 0.545736 0.545736 40.465736 40.465736
5827 0.545735 0.545735 40.465735 40.465735
5918 0.172437 0.172437 40.092437 40.092437
5927 0.160226 0.160226 40.080226 40.080226
6333 0.153235 0.153235 40.073235 40.073235
6338 0.114627 0.114627 40.034627 40.034627
7001 0.114627 0.114627 40.034627 40.034627
7004 0.114626 0.114626 40.034626 40.034626
7008 0.114624 0.114624 40.034624 40.034624
7272 0.056398 0.056398 39.976398 39.976398
7281 0.050960 0.050960 39.970960 39.970960
8112 0.050958 0.050958 39.970958 39.970958
8119 0.050958 0.050958 39.970958 39.970958
8620 0.035101 0.035101 39.955101 39.955101
8631 0.025975 0.025975 39.945975 39.945975
9462 0.025975 0.025975 39.945975 39.945975
10454 0.017188 0.017188 39.937188 39.937188
11092 0.017186 0.017186 39.937186 39.937186
11754 0.016552 0.016552 39.936552 39.936552
11796 0.016088 0.016088 39.936088 39.936088
12441 0.016085 0.016085 39.936085 39.936085
13015 0.013377 0.013377 39.933377 39.933377
13712 0.013374 0.013374 39.933374 39.933374
15379 0.012560 0.012560 39.932560 39.932560
16005 0.010321 0.010321 39.930321 39.930321
16581 0.010317 0.010317 39.930317 39.930317
19426 0.009415 0.009415 39.929415 39.929415
19427 0.007704 0.007704 39.927704 39.927704
19600 0.006252 0.006252 39.926252 39.926252
20362 0.006251 0.006251 39.926251 39.926251
25130 0.006003 0.006003 39.926003 39.926003
25842 0.006002 0.006002 39.926002 39.926002
28854 0.004907 0.004907 39.924907 39.924907
29702 0.004907 0.004907 39.924907 39.924907
31551 0.004211 0.004211 39.924211 39.924211
31555 0.003087 0.003087 39.923087 39.923087
31561 0.002674 0.002674 39.922674 39.922674
32402 0.002671 0.002671 39.922671 39.922671
45054 0.002598 0.002598 39.922598 39.922598
45901 0.002594 0.002594 39.922594 39.922594
62007 0.001939 0.001939 39.921939 39.921939
62542 0.001938 0.001938 39.921938 39.921938
73839 0.001710 0.001710 39.921710 39.921710
74502 0.001709 0.001709 39.921709 39.921709
75180 0.001318 0.001318 39.921318 39.921318
75852 0.001317 0.001317 39.921317 39.921317
98132 0.001188 0.001188 39.921188 39.921188
98135 0.001014 0.001014 39.921014 39.921014
98802 0.001013 0.001013 39.921013 39.921013
135000 0.145110 0.001013 0.145110 39.921013
"function evaluation" "current f(x)" "best-so-far f(x)" "current af(x)+b"  "best af(x)+b"
1 74.806294 74.806294 114.726294 114.726294
6 74.806283 74.806283 114.726283 114.726283
9 74.806235 74.806235 114.726235 114.726235
11 12.380312 12.380312 52.300312 52.300312
12 12.380268 12.380268 52.300268 52.300268
20 12.380255 12.380255 52.300255 52.300255
361 10.086221 10.086221 50.006221 50.006221
362 10.086212 10.086212 50.006212 50.006212
518 8.982177 8.982177 48.902177 48.902177
521 8.626438 8.626438 48.546438 48.546438
522 7.525423 7.525423 47.445423 47.445423
775 6.382924 6.382924 46.302924 46.302924
1512 6.382915 6.382915 46.302915 46.302915
1515 6.382897 6.382897 46.302897 46.302897
1868 6.312057 6.312057 46.232057 46.232057
1908 5.098677 5.098677 45.018677 45.018677
2021 4.464747 4.464747 44.384747 44.384747
2023 4.027400 4.027400 43.947400 43.947400
2024 2.771628 2.771628 42.691628 42.691628
2025 2.402350 2.402350 42.322350 42.322350
2034 2.316619 2.316619 42.236619 42.236619
2608 2.068301 2.068301 41.988301 41.988301
3142 2.068300 2.068300 41.988300 41.988300
3144 2.068293 2.068293 41.988293 41.988293
3371 1.027112 1.027112 40.947112 40.947112
3483 0.845923 0.845923 40.765923 40.765923
4212 0.845919 0.845919 40.765919 40.765919
4721 0.321683 0.321683 40.241683 40.241683
4731 0.232481 0.232481 40.152481 40.152481
4828 0.063729 0.063729 39.983729 39.983729
5561 0.063729 0.063729 39.983729 39.983729
5564 0.063729 0.063729 39.983729 39.983729
5566 0.063729 0.063729 39.983729 39.983729
5568 0.063727 0.063727 39.983727 39.983727
6173 0.053447 0.053447 39.973447 39.973447
6176 0.028760 0.028760 39.948760 39.948760
6178 0.027722 0.027722 39.947722 39.947722
6180 0.027495 0.027495 39.947495 39.947495
6182 0.026424 0.026424 39.946424 39.946424
6183 0.026338 0.026338 39.946338 39.946338
6186 0.023293 0.023293 39.943293 39.943293
6912 0.023291 0.023291 39.943291 39.943291
6919 0.023291 0.023291 39.943291 39.943291
10128 0.022622 0.022622 39.942622 39.942622
10708 0.010617 0.010617 39.930617 39.930617
11242 0.010614 0.010614 39.930614 39.930614
13135 0.003944 0.003944 39.923944 39.923944
13782 0.003942 0.003942 39.923942 39.923942
94204 0.002975 0.002975 39.922975 39.922975
94821 0.002974 0.002974 39.922974 39.922974
100899 0.002575 0.002575 39.922575 39.922575
101542 0.002572 0.002572 39.922572 39.922572
111753 0.001489 0.001489 39.921489 39.921489
112371 0.001487 0.001487 39.921487 39.921487
135000 0.090186 0.001487 0.090186 39.921487
"function evaluation" "current f(x)" "best-so-far f(x)" "current af(x)+b"  "best af(x)+b"
1 33.504378 33.504378 -23.105622 -23.105622
2 33.504363 33.504363 -23.105637 -23.105637
4 33.504355 33.504355 -23.105645 -23.105645
6 33.504336 33.504336 -23.105664 -23.105664
91 23.029363 23.029363 -33.580637 -33.580637
94 23.029361 23.029361 -33.580639 -33.580639
98 23.029347 23.029347 -33.580653 -33.580653
99 23.029342 23.029342 -33.580658 -33.580658
121 16.198584 16.198584 -40.411416 -40.411416
122 16.198536 16.198536 -40.411464 -40.411464
129 16.198529 16.198529 -40.411471 -40.411471
131 6.206159 6.206159 -50.403841 -50.403841
138 6.206151 6.206151 -50.403849 -50.403849
722 2.383637 2.383637 -54.226363 -54.226363
724 2.337236 2.337236 -54.272764 -54.272764
726 1.860215 1.860215 -54.749785 -54.749785
730 1.488273 1.488273 -55.121727 -55.121727
1481 1.488272 1.488272 -55.121728 -55.121728
1483 1.488271 1.488271 -55.121729 -55.121729
1488 1.488268 1.488268 -55.121732 -55.121732
1489 1.488268 1.488268 -55.121732 -55.121732
2072 1.096862 1.096862 -55.513138 -55.513138
2074 0.495255 0.495255 -56.114745 -56.114745
2831 0.495254 0.495254 -56.114746 -56.114746
2836 0.495253 0.495253 -56.114747 -56.114747
2839 0.495250 0.495250 -56.114750 -56.114750
3422 0.276254 0.276254 -56.333746 -56.333746
3424 0.131982 0.131982 -56.478018 -56.478018
4182 0.131981 0.131981 -56.478019 -56.478019
4186 0.131980 0.131980 -56.478020 -56.478020
4772 0.091917 0.091917 -56.518083 -56.518083
4774 0.089033 0.089033 -56.520967 -56.520967
4775 0.065888 0.065888 -56.544112 -56.544112
4778 0.063658 0.063658 -56.546342 -56.546342
4779 0.051993 0.051993 -56.558007 -56.558007
4785 0.051595 0.051595 -56.558405 -56.558405
5531 0.051593 0.051593 -56.558407 -56.558407
5539 0.051593 0.051593 -56.558407 -56.558407
6131 0.046222 0.046222 -56.563778 -56.563778
6881 0.046221 0.046221 -56.563779 -56.563779
6886 0.046221 0.046221 -56.563779 -56.563779
6889 0.046220 0.046220 -56.563780 -56.563780
7472 0.045507 0.045507 -56.564493 -56.564493
8232 0.045505 0.045505 -56.564495 -56.564495
8234 0.045505 0.045505 -56.564495 -56.564495
8238 0.045505 0.045505 -56.564495 -56.564495
10199 0.041514 0.041514 -56.568486 -56.568486
10330 0.036436 0.036436 -56.573564 -56.573564
10331 0.028739 0.028739 -56.581261 -56.581261
10334 0.007822 0.007822 -56.602178 -56.602178
11021 0.007821 0.007821 -56.602179 -56.602179
11023 0.007820 0.007820 -56.602180 -56.602180
11027 0.007820 0.007820 -56.602180 -56.602180
23850 0.006528 0.006528 -56.603472 -56.603472
24532 0.006527 0.006527 -56.603473 -56.603473
24540 0.006527 0.006527 -56.603473 -56.603473
33360 0.003783 0.003783 -56.606217 -56.606217
33362 0.003081 0.003081 -56.606919 -56.606919
33372 0.002967 0.002967 -56.607033 -56.607033
33373 0.002824 0.002824 -56.607176 -56.607176
34021 0.002823 0.002823 -56.607177 -56.607177
34029 0.002823 0.002823 -56.607177 -56.607177
135000 0.035909 0.002823 0.035909 -56.607177
"function evaluation" "current f(x)" "best-so-far f(x)" "current af(x)+b"  "best af(x)+b"
1 119.715269 119.715269 63.105269 63.105269
3 119.715230 119.715230 63.105230 63.105230
6 119.715148 119.715148 63.105148 63.105148
31 69.057945 69.057945 12.447945 12.447945
32 69.057797 69.057797 12.447797 12.447797
37 69.057772 69.057772 12.447772 12.447772
51 27.779406 27.779406 -28.830594 -28.830594
52 27.779356 27.779356 -28.830644 -28.830644
56 27.779344 27.779344 -28.830656 -28.830656
61 4.576296 4.576296 -52.033704 -52.033704
63 4.576296 4.576296 -52.033704 -52.033704
65 4.576295 4.576295 -52.033705 -52.033705
67 4.576290 4.576290 -52.033710 -52.033710
481 4.118141 4.118141 -52.491859 -52.491859
485 4.118137 4.118137 -52.491863 -52.491863
603 3.618814 3.618814 -52.991186 -52.991186
606 3.457118 3.457118 -53.152882 -53.152882
1317 3.170751 3.170751 -53.439249 -53.439249
1322 2.774266 2.774266 -53.835734 -53.835734
1831 2.774262 2.774262 -53.835738 -53.835738
1837 2.774261 2.774261 -53.835739 -53.835739
1953 2.441990 2.441990 -54.168010 -54.168010
1957 2.272742 2.272742 -54.337258 -54.337258
2761 2.272740 2.272740 -54.337260 -54.337260
2767 2.272739 2.272739 -54.337261 -54.337261
3303 2.067460 2.067460 -54.542540 -54.542540
3305 1.897924 1.897924 -54.712076 -54.712076
3310 1.875603 1.875603 -54.734397 -54.734397
3358 1.665427 1.665427 -54.944573 -54.944573
3553 0.731833 0.731833 -55.878167 -55.878167
4251 0.731832 0.731832 -55.878168 -55.878168
4253 0.731832 0.731832 -55.878168 -55.878168
4256 0.731831 0.731831 -55.878169 -55.878169
4259 0.731829 0.731829 -55.878171 -55.878171
4891 0.706323 0.706323 -55.903677 -55.903677
4893 0.054771 0.054771 -56.555229 -56.555229
4895 0.041707 0.041707 -56.568293 -56.568293
5601 0.041706 0.041706 -56.568294 -56.568294
5603 0.041705 0.041705 -56.568295 -56.568295
8943 0.041276 0.041276 -56.568724 -56.568724
8944 0.034049 0.034049 -56.575951 -56.575951
8945 0.019913 0.019913 -56.590087 -56.590087
9340 0.014928 0.014928 -56.595072 -56.595072
9881 0.014926 0.014926 -56.595074 -56.595074
9883 0.014926 0.014926 -56.595074 -56.595074
9887 0.014926 0.014926 -56.595074 -56.595074
10297 0.013720 0.013720 -56.596280 -56.596280
11001 0.013720 0.013720 -56.596280 -56.596280
11004 0.013719 0.013719 -56.596281 -56.596281
11010 0.013719 0.013719 -56.596281 -56.596281
11641 0.012310 0.012310 -56.597690 -56.597690
11643 0.009780 0.009780 -56.600220 -56.600220
11650 0.009601 0.009601 -56.600399 -56.600399
12352 0.009600 0.009600 -56.600400 -56.600400
12355 0.009600 0.009600 -56.600400 -56.600400
12358 0.009600 0.009600 -56.600400 -56.600400
12360 0.009600 0.009600 -56.600400 -56.600400
13000 0.009537 0.009537 -56.600463 -56.600463
13001 0.009456 0.009456 -56.600544 -56.600544
13002 0.009438 0.009438 -56.600562 -56.600562
13701 0.009437 0.009437 -56.600563 -56.600563
13703 0.009437 0.009437 -56.600563 -56.600563
15460 0.003416 0.003416 -56.606584 -56.606584
16261 0.003415 0.003415 -56.606585 -56.606585
16263 0.003415 0.003415 -56.606585 -56.606585
16269 0.003415 0.003415 -56.606585 -56.606585
35914 0.001935 0.001935 -56.608065 -56.608065
36632 0.001934 0.001934 -56.608066 -56.608066
135000 0.105982 0.001934 0.105982 -56.608066
"function evaluation" "current f(x)" "best-so-far f(x)" "current af(x)+b"  "best af(x)+b"
1 105.260678 105.260678 48.650678 48.650678
11 25.416006 25.416006 -31.193994 -31.193994
12 25.415988 25.415988 -31.194012 -31.194012
14 25.415987 25.415987 -31.194013 -31.194013
16 25.415963 25.415963 -31.194037 -31.194037
71 17.500572 17.500572 -39.109428 -39.109428
72 17.500500 17.500500 -39.109500 -39.109500
91 5.617505 5.617505 -50.992495 -50.992495
92 5.617501 5.617501 -50.992499 -50.992499
94 5.617499 5.617499 -50.992501 -50.992501
96 5.617489 5.617489 -50.992511 -50.992511
99 5.617487 5.617487 -50.992513 -50.992513
241 3.287764 3.287764 -53.322236 -53.322236
271 2.224435 2.224435 -54.385565 -54.385565
272 2.224434 2.224434 -54.385566 -54.385566
274 2.224429 2.224429 -54.385571 -54.385571
276 2.224427 2.224427 -54.385573 -54.385573
911 1.699277 1.699277 -54.910723 -54.910723
913 1.505347 1.505347 -55.104653 -55.104653
916 1.265152 1.265152 -55.344848 -55.344848
1591 1.265148 1.265148 -55.344852 -55.344852
1594 1.265145 1.265145 -55.344855 -55.344855
2015 1.171024 1.171024 -55.438976 -55.438976
2157 1.143050 1.143050 -55.466950 -55.466950
2167 1.089578 1.089578 -55.520422 -55.520422
2259 0.478125 0.478125 -56.131875 -56.131875
2261 0.341912 0.341912 -56.268088 -56.268088
2268 0.281872 0.281872 -56.328128 -56.328128
2942 0.281872 0.281872 -56.328128 -56.328128
2944 0.281868 0.281868 -56.328132 -56.328132
3609 0.259488 0.259488 -56.350512 -56.350512
3611 0.087948 0.087948 -56.522052 -56.522052
3615 0.054249 0.054249 -56.555751 -56.555751
3616 0.016602 0.016602 -56.593398 -56.593398
4292 0.016600 0.016600 -56.593400 -56.593400
4294 0.016599 0.016599 -56.593401 -56.593401
11984 0.015084 0.015084 -56.594916 -56.594916
12551 0.015082 0.015082 -56.594918 -56.594918
12557 0.015081 0.015081 -56.594919 -56.594919
12829 0.013924 0.013924 -56.596076 -56.596076
13601 0.013924 0.013924 -56.596076 -56.596076
15878 0.013115 0.013115 -56.596885 -56.596885
16512 0.013113 0.013113 -56.596887 -56.596887
16518 0.013113 0.013113 -56.596887 -56.596887
16520 0.013112 0.013112 -56.596888 -56.596888
16744 0.006047 0.006047 -56.603953 -56.603953
17571 0.006046 0.006046 -56.603954 -56.603954
17577 0.006045 0.006045 -56.603955 -56.603955
29395 0.004320 0.004320 -56.605680 -56.605680
30021 0.004320 0.004320 -56.605680 -56.605680
30023 0.004319 0.004319 -56.605681 -56.605681
62945 0.003528 0.003528 -56.606472 -56.606472
63651 0.003528 0.003528 -56.606472 -56.606472
63653 0.003528 0.003528 -56.606472 -56.606472
63657 0.003528 0.003528 -56.606472 -56.606472
68341 0.003189 0.003189 -56.606811 -56.606811
68346 0.003034 0.003034 -56.606966 -56.606966
69052 0.003033 0.003033 -56.606967 -56.606967
69702 0.003032 0.003032 -56.606968 -56.606968
70401 0.003031 0.003031 -56.606969 -56.606969
70403 0.003031 0.003031 -56.606969 -56.606969
106147 0.001611 0.001611 -56.608389 -56.608389
106852 0.001611 0.001611 -56.608389 -56.608389
106854 0.001611 0.001611 -56.608389 -56.608389
135000 0.132210 0.001611 0.132210 -56.608389
