"function evaluation" "current f(x)" "best-so-far f(x)" "current af(x)+b"  "best af(x)+b"
1 82182.905008 82182.905008 82127.965008 82127.965008
793 71591.702521 71591.702521 71536.762521 71536.762521
795 53298.631719 53298.631719 53243.691719 53243.691719
1521 53298.559784 53298.559784 53243.619784 53243.619784
1525 53298.556105 53298.556105 53243.616105 53243.616105
1528 53298.515124 53298.515124 53243.575124 53243.575124
2058 10161.306854 10161.306854 10106.366854 10106.366854
2821 10160.776138 10160.776138 10105.836138 10105.836138
135000 2783165.969619 10160.776138 2783165.969619 10105.836138
"function evaluation" "current f(x)" "best-so-far f(x)" "current af(x)+b"  "best af(x)+b"
1 12715074.855817 12715074.855817 12715019.915817 12715019.915817
11 5556381.667214 5556381.667214 5556326.727214 5556326.727214
12 5556350.799619 5556350.799619 5556295.859619 5556295.859619
31 725587.228776 725587.228776 725532.288776 725532.288776
32 725583.527661 725583.527661 725528.587661 725528.587661
61 362847.709575 362847.709575 362792.769575 362792.769575
62 362840.978530 362840.978530 362786.038530 362786.038530
381 52352.374893 52352.374893 52297.434893 52297.434893
609 7916.242299 7916.242299 7861.302299 7861.302299
1412 7916.161612 7916.161612 7861.221612 7861.221612
1413 7916.140115 7916.140115 7861.200115 7861.200115
3223 7637.001065 7637.001065 7582.061065 7582.061065
4061 7636.610883 7636.610883 7581.670883 7581.670883
135000 328582.584982 7636.610883 328582.584982 7581.670883
"function evaluation" "current f(x)" "best-so-far f(x)" "current af(x)+b"  "best af(x)+b"
1 23086995.405740 23086995.405740 23086940.465740 23086940.465740
11 12955966.938518 12955966.938518 12955911.998518 12955911.998518
21 1592208.669868 1592208.669868 1592153.729868 1592153.729868
22 1592201.047762 1592201.047762 1592146.107762 1592146.107762
41 722191.249800 722191.249800 722136.309800 722136.309800
121 536115.904806 536115.904806 536060.964806 536060.964806
122 536110.395120 536110.395120 536055.455120 536055.455120
151 342835.488802 342835.488802 342780.548802 342780.548802
152 342832.205124 342832.205124 342777.265124 342777.265124
351 23795.082423 23795.082423 23740.142423 23740.142423
1105 23341.588072 23341.588072 23286.648072 23286.648072
1702 23340.280766 23340.280766 23285.340766 23285.340766
2265 21734.794548 21734.794548 21679.854548 21679.854548
2942 21734.351993 21734.351993 21679.411993 21679.411993
135000 419218.821502 21734.351993 419218.821502 21679.411993
"function evaluation" "current f(x)" "best-so-far f(x)" "current af(x)+b"  "best af(x)+b"
1 12803609.568375 12803609.568375 12803668.698375 12803668.698375
2 12803584.810034 12803584.810034 12803643.940034 12803643.940034
4 12803572.438121 12803572.438121 12803631.568121 12803631.568121
9 12803571.729615 12803571.729615 12803630.859615 12803630.859615
11 2138919.854588 2138919.854588 2138978.984588 2138978.984588
12 2138917.856365 2138917.856365 2138976.986365 2138976.986365
14 2138916.582465 2138916.582465 2138975.712465 2138975.712465
19 2138916.471698 2138916.471698 2138975.601698 2138975.601698
21 37070.183989 37070.183989 37129.313989 37129.313989
22 37069.817221 37069.817221 37128.947221 37128.947221
24 37069.660757 37069.660757 37128.790757 37128.790757
51 6923.004951 6923.004951 6982.134951 6982.134951
55 6922.924944 6922.924944 6982.054944 6982.054944
135000 4183034.501145 6922.924944 4183034.501145 6982.054944
"function evaluation" "current f(x)" "best-so-far f(x)" "current af(x)+b"  "best af(x)+b"
1 26660.901203 26660.901203 26720.031203 26720.031203
2 26660.788614 26660.788614 26719.918614 26719.918614
4 26660.707657 26660.707657 26719.837657 26719.837657
984 25342.127570 25342.127570 25401.257570 25401.257570
1632 25341.839519 25341.839519 25400.969519 25400.969519
1634 25341.499451 25341.499451 25400.629451 25400.629451
1639 25341.463737 25341.463737 25400.593737 25400.593737
1855 23513.879190 23513.879190 23573.009190 23573.009190
2023 8458.397817 8458.397817 8517.527817 8517.527817
2315 7137.456644 7137.456644 7196.586644 7196.586644
2972 7137.413496 7137.413496 7196.543496 7196.543496
2979 7137.379421 7137.379421 7196.509421 7196.509421
4784 6298.685556 6298.685556 6357.815556 6357.815556
5048 3584.026879 3584.026879 3643.156879 3643.156879
5692 3583.791218 3583.791218 3642.921218 3642.921218
5694 3583.607453 3583.607453 3642.737453 3642.737453
5699 3583.594723 3583.594723 3642.724723 3642.724723
135000 554855.132748 3583.594723 554855.132748 3642.724723
"function evaluation" "current f(x)" "best-so-far f(x)" "current af(x)+b"  "best af(x)+b"
1 25597336.181651 25597336.181651 25597395.311651 25597395.311651
2 25597307.150838 25597307.150838 25597366.280838 25597366.280838
4 25597292.899234 25597292.899234 25597352.029234 25597352.029234
9 25597292.027151 25597292.027151 25597351.157151 25597351.157151
11 7753930.625690 7753930.625690 7753989.755690 7753989.755690
12 7753919.728276 7753919.728276 7753978.858276 7753978.858276
14 7753913.540717 7753913.540717 7753972.670717 7753972.670717
19 7753913.118370 7753913.118370 7753972.248370 7753972.248370
21 3691901.206147 3691901.206147 3691960.336147 3691960.336147
23 3691897.494784 3691897.494784 3691956.624784 3691956.624784
30 3691897.335603 3691897.335603 3691956.465603 3691956.465603
41 2000328.813176 2000328.813176 2000387.943176 2000387.943176
42 2000324.248700 2000324.248700 2000383.378700 2000383.378700
44 2000321.762053 2000321.762053 2000380.892053 2000380.892053
49 2000321.575869 2000321.575869 2000380.705869 2000380.705869
91 83915.630025 83915.630025 83974.760025 83974.760025
93 83915.389437 83915.389437 83974.519437 83974.519437
97 83915.346718 83915.346718 83974.476718 83974.476718
589 76398.894275 76398.894275 76458.024275 76458.024275
590 55056.994202 55056.994202 55116.124202 55116.124202
1334 30276.894307 30276.894307 30336.024307 30336.024307
1341 5997.719269 5997.719269 6056.849269 6056.849269
1841 5997.623343 5997.623343 6056.753343 6056.753343
1843 5997.546942 5997.546942 6056.676942 6056.676942
1850 5997.518623 5997.518623 6056.648623 6056.648623
3480 3495.092376 3495.092376 3554.222376 3554.222376
4211 3494.956983 3494.956983 3554.086983 3554.086983
4213 3494.862386 3494.862386 3553.992386 3553.992386
4220 3494.858272 3494.858272 3553.988272 3553.988272
135000 847902.183608 3494.858272 847902.183608 3553.988272
"function evaluation" "current f(x)" "best-so-far f(x)" "current af(x)+b"  "best af(x)+b"
1 11008192.485669 11008192.485669 11007700.955669 11007700.955669
2 11008126.733551 11008126.733551 11007635.203551 11007635.203551
11 7211263.180690 7211263.180690 7210771.650690 7210771.650690
12 7211212.872663 7211212.872663 7210721.342663 7210721.342663
21 622427.919585 622427.919585 621936.389585 621936.389585
161 307408.178422 307408.178422 306916.648422 306916.648422
162 307407.355154 307407.355154 306915.825154 306915.825154
163 307407.119196 307407.119196 306915.589196 306915.589196
169 307406.946587 307406.946587 306915.416587 306915.416587
231 224342.567817 224342.567817 223851.037817 223851.037817
232 224335.928812 224335.928812 223844.398812 223844.398812
261 93098.229002 93098.229002 92606.699002 92606.699002
262 93093.864089 93093.864089 92602.334089 92602.334089
892 37283.956898 37283.956898 36792.426898 36792.426898
896 5592.672850 5592.672850 5101.142850 5101.142850
1341 1715.680671 1715.680671 1224.150671 1224.150671
1842 1715.521896 1715.521896 1223.991896 1223.991896
135000 2918529.324059 1715.521896 2918529.324059 1223.991896
"function evaluation" "current f(x)" "best-so-far f(x)" "current af(x)+b"  "best af(x)+b"
1 35840.906452 35840.906452 35349.376452 35349.376452
2 35838.743977 35838.743977 35347.213977 35347.213977
1015 32575.495529 32575.495529 32083.965529 32083.965529
1651 32575.393124 32575.393124 32083.863124 32083.863124
1653 32575.295521 32575.295521 32083.765521 32083.765521
1659 32575.219817 32575.219817 32083.689817 32083.689817
1853 31711.064253 31711.064253 31219.534253 31219.534253
1856 25049.202506 25049.202506 24557.672506 24557.672506
1994 23157.361252 23157.361252 22665.831252 22665.831252
2000 13787.028993 13787.028993 13295.498993 13295.498993
2781 13786.737844 13786.737844 13295.207844 13295.207844
3613 12380.338975 12380.338975 11888.808975 11888.808975
4291 12379.585223 12379.585223 11888.055223 11888.055223
135000 2043232.335592 12379.585223 2043232.335592 11888.055223
"function evaluation" "current f(x)" "best-so-far f(x)" "current af(x)+b"  "best af(x)+b"
1 546574.059027 546574.059027 546082.529027 546082.529027
2 546567.413006 546567.413006 546075.883006 546075.883006
51 308849.326719 308849.326719 308357.796719 308357.796719
171 122029.339557 122029.339557 121537.809557 121537.809557
172 122027.025770 122027.025770 121535.495770 121535.495770
181 41937.796036 41937.796036 41446.266036 41446.266036
586 20076.860269 20076.860269 19585.330269 19585.330269
1401 20075.384384 20075.384384 19583.854384 19583.854384
1880 4164.635275 4164.635275 3673.105275 3673.105275
2712 4164.438451 4164.438451 3672.908451 3672.908451
135000 2918529.324059 4164.438451 2918529.324059 3672.908451
"function evaluation" "current f(x)" "best-so-far f(x)" "current af(x)+b"  "best af(x)+b"
1 44006682.286174 44006682.286174 44006512.086174 44006512.086174
2 44006659.084034 44006659.084034 44006488.884034 44006488.884034
5 44006635.466797 44006635.466797 44006465.266797 44006465.266797
8 44006622.721227 44006622.721227 44006452.521227 44006452.521227
11 5828045.878484 5828045.878484 5827875.678484 5827875.678484
12 5828041.584316 5828041.584316 5827871.384316 5827871.384316
15 5828035.488638 5828035.488638 5827865.288638 5827865.288638
18 5828030.781945 5828030.781945 5827860.581945 5827860.581945
71 1146148.303839 1146148.303839 1145978.103839 1145978.103839
72 1146144.585491 1146144.585491 1145974.385491 1145974.385491
75 1146139.837433 1146139.837433 1145969.637433 1145969.637433
78 1146136.484587 1146136.484587 1145966.284587 1145966.284587
91 1024915.301721 1024915.301721 1024745.101721 1024745.101721
94 1024915.173082 1024915.173082 1024744.973082 1024744.973082
95 1024914.335921 1024914.335921 1024744.135921 1024744.135921
98 1024912.234095 1024912.234095 1024742.034095 1024742.034095
131 340569.190036 340569.190036 340398.990036 340398.990036
132 340567.701501 340567.701501 340397.501501 340397.501501
135 340566.354556 340566.354556 340396.154556 340396.154556
138 340565.770236 340565.770236 340395.570236 340395.570236
201 168088.187023 168088.187023 167917.987023 167917.987023
202 168086.673311 168086.673311 167916.473311 167916.473311
205 168085.244384 168085.244384 167915.044384 167915.044384
208 168084.567934 168084.567934 167914.367934 167914.367934
722 140939.537246 140939.537246 140769.337246 140769.337246
724 60094.608601 60094.608601 59924.408601 59924.408601
725 26105.497065 26105.497065 25935.297065 25935.297065
730 25789.392610 25789.392610 25619.192610 25619.192610
733 20106.159785 20106.159785 19935.959785 19935.959785
841 7585.240974 7585.240974 7415.040974 7415.040974
850 6446.318441 6446.318441 6276.118441 6276.118441
1552 6446.313896 6446.313896 6276.113896 6276.113896
1554 6446.289224 6446.289224 6276.089224 6276.089224
135000 45659.855485 6446.289224 45659.855485 6276.089224
"function evaluation" "current f(x)" "best-so-far f(x)" "current af(x)+b"  "best af(x)+b"
1 15394231.093262 15394231.093262 15394060.893262 15394060.893262
2 15394218.437457 15394218.437457 15394048.237457 15394048.237457
5 15394204.314964 15394204.314964 15394034.114964 15394034.114964
8 15394195.670894 15394195.670894 15394025.470894 15394025.470894
21 108881.209192 108881.209192 108711.009192 108711.009192
22 108879.811691 108879.811691 108709.611691 108709.611691
25 108878.513732 108878.513732 108708.313732 108708.313732
28 108877.920539 108877.920539 108707.720539 108707.720539
401 19165.724661 19165.724661 18995.524661 18995.524661
403 19165.677978 19165.677978 18995.477978 18995.477978
406 19165.677187 19165.677187 18995.477187 18995.477187
407 19165.623063 19165.623063 18995.423063 18995.423063
543 4665.636809 4665.636809 4495.436809 4495.436809
1372 4665.630529 4665.630529 4495.430529 4495.430529
1374 4665.623382 4665.623382 4495.423382 4495.423382
1376 4665.601491 4665.601491 4495.401491 4495.401491
1377 4665.530356 4665.530356 4495.330356 4495.330356
2338 3206.112829 3206.112829 3035.912829 3035.912829
2982 3206.068699 3206.068699 3035.868699 3035.868699
2985 3205.904041 3205.904041 3035.704041 3035.704041
2988 3205.752173 3205.752173 3035.552173 3035.552173
135000 2487480.091861 3205.752173 2487480.091861 3035.552173
"function evaluation" "current f(x)" "best-so-far f(x)" "current af(x)+b"  "best af(x)+b"
1 6489613.659898 6489613.659898 6489443.459898 6489443.459898
2 6489605.715754 6489605.715754 6489435.515754 6489435.515754
5 6489597.230916 6489597.230916 6489427.030916 6489427.030916
8 6489592.320655 6489592.320655 6489422.120655 6489422.120655
111 75235.227761 75235.227761 75065.027761 75065.027761
112 75234.380321 75234.380321 75064.180321 75064.180321
115 75233.385265 75233.385265 75063.185265 75063.185265
118 75232.739015 75232.739015 75062.539015 75062.539015
131 52919.982699 52919.982699 52749.782699 52749.782699
138 52919.655449 52919.655449 52749.455449 52749.455449
695 18317.454061 18317.454061 18147.254061 18147.254061
728 5928.760603 5928.760603 5758.560603 5758.560603
1481 5928.625416 5928.625416 5758.425416 5758.425416
1486 5928.520365 5928.520365 5758.320365 5758.320365
2152 5886.027095 5886.027095 5715.827095 5715.827095
2871 5886.015221 5886.015221 5715.815221 5715.815221
2873 5886.007060 5886.007060 5715.807060 5715.807060
135000 255940.733216 5886.007060 255940.733216 5715.807060
"function evaluation" "current f(x)" "best-so-far f(x)" "current af(x)+b"  "best af(x)+b"
1 15872690.384846 15872690.384846 15872220.634846 15872220.634846
2 15872640.772678 15872640.772678 15872171.022678 15872171.022678
6 15872638.569210 15872638.569210 15872168.819210 15872168.819210
31 8171505.966288 8171505.966288 8171036.216288 8171036.216288
32 8171468.045448 8171468.045448 8170998.295448 8170998.295448
36 8171466.759300 8171466.759300 8170997.009300 8170997.009300
61 2328864.665996 2328864.665996 2328394.915996 2328394.915996
65 2328864.076564 2328864.076564 2328394.326564 2328394.326564
141 45405.614284 45405.614284 44935.864284 44935.864284
142 45404.604358 45404.604358 44934.854358 44934.854358
146 45404.207528 45404.207528 44934.457528 44934.457528
421 8500.529505 8500.529505 8030.779505 8030.779505
422 8500.358849 8500.358849 8030.608849 8030.608849
425 8500.341247 8500.341247 8030.591247 8030.591247
428 8500.277566 8500.277566 8030.527566 8030.527566
1225 5634.325330 5634.325330 5164.575330 5164.575330
1771 5633.957549 5633.957549 5164.207549 5164.207549
1775 5633.911043 5633.911043 5164.161043 5164.161043
2250 1501.454269 1501.454269 1031.704269 1031.704269
2931 1501.427627 1501.427627 1031.677627 1031.677627
2937 1501.409901 1501.409901 1031.659901 1031.659901
135000 2750018.873208 1501.409901 2750018.873208 1031.659901
"function evaluation" "current f(x)" "best-so-far f(x)" "current af(x)+b"  "best af(x)+b"
1 6376289.280526 6376289.280526 6375819.530526 6375819.530526
2 6376259.873921 6376259.873921 6375790.123921 6375790.123921
6 6376259.757138 6376259.757138 6375790.007138 6375790.007138
81 639605.588817 639605.588817 639135.838817 639135.838817
82 639599.194589 639599.194589 639129.444589 639129.444589
381 142700.509475 142700.509475 142230.759475 142230.759475
382 142696.841251 142696.841251 142227.091251 142227.091251
386 142696.820306 142696.820306 142227.070306 142227.070306
1030 54420.077304 54420.077304 53950.327304 53950.327304
1037 53041.046520 53041.046520 52571.296520 52571.296520
1082 13793.782449 13793.782449 13324.032449 13324.032449
1692 13793.445161 13793.445161 13323.695161 13323.695161
2111 3054.983692 3054.983692 2585.233692 2585.233692
2852 3054.702820 3054.702820 2584.952820 2584.952820
135000 2750018.873208 3054.702820 2750018.873208 2584.952820
"function evaluation" "current f(x)" "best-so-far f(x)" "current af(x)+b"  "best af(x)+b"
1 53209049.094818 53209049.094818 53208579.344818 53208579.344818
2 53208945.221875 53208945.221875 53208475.471875 53208475.471875
6 53208942.378200 53208942.378200 53208472.628200 53208472.628200
21 7172151.994525 7172151.994525 7171682.244525 7171682.244525
22 7172120.197845 7172120.197845 7171650.447845 7171650.447845
26 7172118.505606 7172118.505606 7171648.755606 7171648.755606
31 4136408.408743 4136408.408743 4135938.658743 4135938.658743
32 4136391.833431 4136391.833431 4135922.083431 4135922.083431
36 4136390.495972 4136390.495972 4135920.745972 4135920.745972
91 2276532.310117 2276532.310117 2276062.560117 2276062.560117
92 2276510.377265 2276510.377265 2276040.627265 2276040.627265
96 2276510.302130 2276510.302130 2276040.552130 2276040.552130
121 651749.108108 651749.108108 651279.358108 651279.358108
141 616097.926152 616097.926152 615628.176152 615628.176152
142 616086.190978 616086.190978 615616.440978 615616.440978
146 616085.951756 616085.951756 615616.201756 615616.201756
351 173462.837946 173462.837946 172993.087946 172993.087946
352 173458.408849 173458.408849 172988.658849 172988.658849
663 155545.846640 155545.846640 155076.096640 155076.096640
705 135050.990513 135050.990513 134581.240513 134581.240513
710 133938.669746 133938.669746 133468.919746 133468.919746
716 122734.106520 122734.106520 122264.356520 122264.356520
739 18400.095578 18400.095578 17930.345578 17930.345578
744 5642.736641 5642.736641 5172.986641 5172.986641
745 2444.234350 2444.234350 1974.484350 1974.484350
1492 2444.219312 2444.219312 1974.469312 1974.469312
1496 2444.187199 2444.187199 1974.437199 1974.437199
135000 4551931.709810 2444.187199 4551931.709810 1974.437199
