"function evaluation" "current f(x)" "best-so-far f(x)" "current af(x)+b"  "best af(x)+b"
1 56.230692 56.230692 135.710692 135.710692
2 56.230540 56.230540 135.710540 135.710540
3 56.230524 56.230524 135.710524 135.710524
11 7.213281 7.213281 86.693281 86.693281
13 7.213262 7.213262 86.693262 86.693262
16 7.213254 7.213254 86.693254 86.693254
19 7.213249 7.213249 86.693249 86.693249
120000 1406545560317954558513900588480016356538969302243490535831746806974423175366389360815801700272017636774426231486337546977280.000000 7.213249 1406545560317954558513900588480016356538969302243490535831746806974423175366389360815801700272017636774426231486337546977280.000000 86.693249
"function evaluation" "current f(x)" "best-so-far f(x)" "current af(x)+b"  "best af(x)+b"
1 60.695277 60.695277 140.175277 140.175277
4 60.695251 60.695251 140.175251 140.175251
8 60.695185 60.695185 140.175185 140.175185
11 25.993764 25.993764 105.473764 105.473764
15 25.993724 25.993724 105.473724 105.473724
51 24.059375 24.059375 103.539375 103.539375
53 24.059365 24.059365 103.539365 103.539365
71 19.433999 19.433999 98.913999 98.913999
75 19.433992 19.433992 98.913992 98.913992
391 15.500659 15.500659 94.980659 94.980659
394 15.500613 15.500613 94.980613 94.980613
398 15.500612 15.500612 94.980612 94.980612
120000 4741461750987015808327462284042481515320874897330069637882536076780667911123422083174969469767455239117700846851011739910144.000000 15.500612 4741461750987015808327462284042481515320874897330069637882536076780667911123422083174969469767455239117700846851011739910144.000000 94.980612
"function evaluation" "current f(x)" "best-so-far f(x)" "current af(x)+b"  "best af(x)+b"
1 29.166149 29.166149 108.646149 108.646149
2 29.165969 29.165969 108.645969 108.645969
51 25.028609 25.028609 104.508609 104.508609
56 25.028590 25.028590 104.508590 104.508590
181 24.510161 24.510161 103.990161 103.990161
189 24.510142 24.510142 103.990142 103.990142
191 15.364558 15.364558 94.844558 94.844558
192 15.364511 15.364511 94.844511 94.844511
196 15.364470 15.364470 94.844470 94.844470
201 3.107681 3.107681 82.587681 82.587681
120000 27542069970645108832667188880591114713227018046478563174847429500713570276660017978426436037001442079007582004686182399606784.000000 3.107681 27542069970645108832667188880591114713227018046478563174847429500713570276660017978426436037001442079007582004686182399606784.000000 82.587681
"function evaluation" "current f(x)" "best-so-far f(x)" "current af(x)+b"  "best af(x)+b"
1 103.955007 103.955007 498.435007 498.435007
3 103.954990 103.954990 498.434990 498.434990
8 103.954943 103.954943 498.434943 498.434943
11 32.909235 32.909235 427.389235 427.389235
18 32.909212 32.909212 427.389212 427.389212
61 12.335100 12.335100 406.815100 406.815100
64 12.335090 12.335090 406.815090 406.815090
70 12.335054 12.335054 406.815054 406.815054
120000 982067646130171843444081713301308490836373538861114659938834388498267815137387395869324109781020211035261968998369356381421568.000000 12.335054 982067646130171843444081713301308490836373538861114659938834388498267815137387395869324109781020211035261968998369356381421568.000000 406.815054
"function evaluation" "current f(x)" "best-so-far f(x)" "current af(x)+b"  "best af(x)+b"
1 108.717917 108.717917 503.197917 503.197917
11 81.065728 81.065728 475.545728 475.545728
15 81.065688 81.065688 475.545688 475.545688
31 48.025444 48.025444 442.505444 442.505444
35 48.025386 48.025386 442.505386 442.505386
41 16.504429 16.504429 410.984429 410.984429
42 16.504406 16.504406 410.984406 410.984406
43 16.504368 16.504368 410.984368 410.984368
120000 237253830049053118942447019904579070088618153467571622451051694429310854067142935669757251499980575987605996217075506054430720.000000 16.504368 237253830049053118942447019904579070088618153467571622451051694429310854067142935669757251499980575987605996217075506054430720.000000 410.984368
"function evaluation" "current f(x)" "best-so-far f(x)" "current af(x)+b"  "best af(x)+b"
1 92.746881 92.746881 487.226881 487.226881
5 92.746861 92.746861 487.226861 487.226861
11 87.199418 87.199418 481.679418 481.679418
18 87.199394 87.199394 481.679394 481.679394
21 45.234050 45.234050 439.714050 439.714050
23 45.234029 45.234029 439.714029 439.714029
71 29.678382 29.678382 424.158382 424.158382
73 29.678347 29.678347 424.158347 424.158347
80 29.678325 29.678325 424.158325 424.158325
101 21.044151 21.044151 415.524151 415.524151
102 21.044146 21.044146 415.524146 415.524146
104 21.044130 21.044130 415.524130 415.524130
105 21.044069 21.044069 415.524069 415.524069
121 12.869172 12.869172 407.349172 407.349172
124 12.869170 12.869170 407.349170 407.349170
129 12.869135 12.869135 407.349135 407.349135
441 3.692630 3.692630 398.172630 398.172630
449 3.692626 3.692626 398.172626 398.172626
120000 10910206070519435421955090191347797417418859576366907460594508418930233976513134155823796038652369489614329249164178189451264.000000 3.692626 10910206070519435421955090191347797417418859576366907460594508418930233976513134155823796038652369489614329249164178189451264.000000 398.172626
"function evaluation" "current f(x)" "best-so-far f(x)" "current af(x)+b"  "best af(x)+b"
1 147.811330 147.811330 -99.298670 -99.298670
7 147.811254 147.811254 -99.298746 -99.298746
11 58.948207 58.948207 -188.161793 -188.161793
21 51.807081 51.807081 -195.302919 -195.302919
24 51.807053 51.807053 -195.302947 -195.302947
29 51.807028 51.807028 -195.302972 -195.302972
71 39.617868 39.617868 -207.492132 -207.492132
91 31.516381 31.516381 -215.593619 -215.593619
97 31.516372 31.516372 -215.593628 -215.593628
371 30.813145 30.813145 -216.296855 -216.296855
372 30.813100 30.813100 -216.296900 -216.296900
375 30.813079 30.813079 -216.296921 -216.296921
377 30.813034 30.813034 -216.296966 -216.296966
120000 29967919283570889640808006317350490919178544168592109179310433165394899712478324346096018471684348043523032616416106531258368.000000 30.813034 29967919283570889640808006317350490919178544168592109179310433165394899712478324346096018471684348043523032616416106531258368.000000 -216.296966
"function evaluation" "current f(x)" "best-so-far f(x)" "current af(x)+b"  "best af(x)+b"
1 27.280594 27.280594 -219.829406 -219.829406
4 27.280588 27.280588 -219.829412 -219.829412
6 27.280583 27.280583 -219.829417 -219.829417
7 27.280522 27.280522 -219.829478 -219.829478
11 24.058462 24.058462 -223.051538 -223.051538
12 24.058426 24.058426 -223.051574 -223.051574
13 24.058410 24.058410 -223.051590 -223.051590
16 24.058408 24.058408 -223.051592 -223.051592
17 24.058401 24.058401 -223.051599 -223.051599
19 24.058373 24.058373 -223.051627 -223.051627
31 14.262315 14.262315 -232.847685 -232.847685
32 14.262282 14.262282 -232.847718 -232.847718
34 14.262232 14.262232 -232.847768 -232.847768
471 2.794136 2.794136 -244.315864 -244.315864
473 2.794123 2.794123 -244.315877 -244.315877
120000 455417868739171490520651177629811297199961066372762286131358542090995937508276183315989971840499690531669702112952396546048.000000 2.794123 455417868739171490520651177629811297199961066372762286131358542090995937508276183315989971840499690531669702112952396546048.000000 -244.315877
"function evaluation" "current f(x)" "best-so-far f(x)" "current af(x)+b"  "best af(x)+b"
1 165.767694 165.767694 -81.342306 -81.342306
7 165.767662 165.767662 -81.342338 -81.342338
11 161.542789 161.542789 -85.567211 -85.567211
14 161.542768 161.542768 -85.567232 -85.567232
17 161.542730 161.542730 -85.567270 -85.567270
19 161.542726 161.542726 -85.567274 -85.567274
21 93.397778 93.397778 -153.712222 -153.712222
25 93.397743 93.397743 -153.712257 -153.712257
29 93.397717 93.397717 -153.712283 -153.712283
31 16.529736 16.529736 -230.580264 -230.580264
34 16.529685 16.529685 -230.580315 -230.580315
37 16.529683 16.529683 -230.580317 -230.580317
120000 49399484971194908835565457640650664114853605104553250218856306030072425341899491393878631149130273342301051948664060863578112.000000 16.529683 49399484971194908835565457640650664114853605104553250218856306030072425341899491393878631149130273342301051948664060863578112.000000 -230.580317
"function evaluation" "current f(x)" "best-so-far f(x)" "current af(x)+b"  "best af(x)+b"
1 80.199348 80.199348 -71.840652 -71.840652
2 80.199199 80.199199 -71.840801 -71.840801
5 80.199170 80.199170 -71.840830 -71.840830
8 80.199150 80.199150 -71.840850 -71.840850
41 41.756317 41.756317 -110.283683 -110.283683
42 41.756135 41.756135 -110.283865 -110.283865
151 38.322721 38.322721 -113.717279 -113.717279
154 38.322707 38.322707 -113.717293 -113.717293
157 38.322701 38.322701 -113.717299 -113.717299
160 38.322612 38.322612 -113.717388 -113.717388
231 19.285076 19.285076 -132.754924 -132.754924
232 19.284929 19.284929 -132.755071 -132.755071
411 14.630243 14.630243 -137.409757 -137.409757
412 14.630199 14.630199 -137.409801 -137.409801
413 14.630179 14.630179 -137.409821 -137.409821
419 14.630177 14.630177 -137.409823 -137.409823
120000 140072088957885350002664221600376681198295883523270699513226732370956722483508913967601672682007115765754913682603740386820096.000000 14.630177 140072088957885350002664221600376681198295883523270699513226732370956722483508913967601672682007115765754913682603740386820096.000000 -137.409823
"function evaluation" "current f(x)" "best-so-far f(x)" "current af(x)+b"  "best af(x)+b"
1 68.332768 68.332768 -83.707232 -83.707232
5 68.332718 68.332718 -83.707282 -83.707282
21 39.357923 39.357923 -112.682077 -112.682077
25 39.357892 39.357892 -112.682108 -112.682108
28 39.357865 39.357865 -112.682135 -112.682135
61 34.614018 34.614018 -117.425982 -117.425982
62 34.613958 34.613958 -117.426042 -117.426042
63 34.613918 34.613918 -117.426082 -117.426082
68 34.613903 34.613903 -117.426097 -117.426097
141 20.456253 20.456253 -131.583747 -131.583747
142 20.456161 20.456161 -131.583839 -131.583839
144 20.456136 20.456136 -131.583864 -131.583864
221 13.567277 13.567277 -138.472723 -138.472723
222 13.567155 13.567155 -138.472845 -138.472845
120000 375970152130672658621280608821808497489472387965425643110623364658098693739832056741578231602432289604623547304022587740258304.000000 13.567155 375970152130672658621280608821808497489472387965425643110623364658098693739832056741578231602432289604623547304022587740258304.000000 -138.472845
"function evaluation" "current f(x)" "best-so-far f(x)" "current af(x)+b"  "best af(x)+b"
1 53.113449 53.113449 -98.926551 -98.926551
5 53.113424 53.113424 -98.926576 -98.926576
21 21.390442 21.390442 -130.649558 -130.649558
41 16.638911 16.638911 -135.401089 -135.401089
44 16.638886 16.638886 -135.401114 -135.401114
45 16.638848 16.638848 -135.401152 -135.401152
51 16.281358 16.281358 -135.758642 -135.758642
52 16.281228 16.281228 -135.758772 -135.758772
321 10.402621 10.402621 -141.637379 -141.637379
322 10.402580 10.402580 -141.637420 -141.637420
325 10.402562 10.402562 -141.637438 -141.637438
120000 80096744399081179185263505338880232491384434404847361934704779438403701081142601855937322346182842394624096567668611632594944.000000 10.402562 80096744399081179185263505338880232491384434404847361934704779438403701081142601855937322346182842394624096567668611632594944.000000 -141.637438
"function evaluation" "current f(x)" "best-so-far f(x)" "current af(x)+b"  "best af(x)+b"
1 72.129846 72.129846 46.879846 46.879846
2 72.129702 72.129702 46.879702 46.879702
7 72.129646 72.129646 46.879646 46.879646
11 44.092667 44.092667 18.842667 18.842667
12 44.092514 44.092514 18.842514 18.842514
20 44.092514 44.092514 18.842514 18.842514
111 35.517265 35.517265 10.267265 10.267265
114 35.517207 35.517207 10.267207 10.267207
141 29.640836 29.640836 4.390836 4.390836
142 29.640709 29.640709 4.390709 4.390709
251 3.724090 3.724090 -21.525910 -21.525910
252 3.724036 3.724036 -21.525964 -21.525964
120000 3967157956859887223984408010594386372905062602508164320399696813105184945401219461523801701048061289361499951150287919513600.000000 3.724036 3967157956859887223984408010594386372905062602508164320399696813105184945401219461523801701048061289361499951150287919513600.000000 -21.525964
"function evaluation" "current f(x)" "best-so-far f(x)" "current af(x)+b"  "best af(x)+b"
1 88.923106 88.923106 63.673106 63.673106
2 88.923005 88.923005 63.673005 63.673005
7 88.922995 88.922995 63.672995 63.672995
10 88.922896 88.922896 63.672896 63.672896
21 77.447165 77.447165 52.197165 52.197165
22 77.446877 77.446877 52.196877 52.196877
31 60.132961 60.132961 34.882961 34.882961
32 60.132765 60.132765 34.882765 34.882765
41 57.517915 57.517915 32.267915 32.267915
42 57.517874 57.517874 32.267874 32.267874
44 57.517869 57.517869 32.267869 32.267869
47 57.517836 57.517836 32.267836 32.267836
50 57.517758 57.517758 32.267758 32.267758
51 11.613995 11.613995 -13.636005 -13.636005
54 11.613979 11.613979 -13.636021 -13.636021
55 11.613959 11.613959 -13.636041 -13.636041
120000 1506251821295691789166947740103972261576492927215983941769456190650706867825888060769300013716660249132449327896951899337785344.000000 11.613959 1506251821295691789166947740103972261576492927215983941769456190650706867825888060769300013716660249132449327896951899337785344.000000 -13.636041
"function evaluation" "current f(x)" "best-so-far f(x)" "current af(x)+b"  "best af(x)+b"
1 104.842884 104.842884 79.592884 79.592884
2 104.842684 104.842684 79.592684 79.592684
10 104.842640 104.842640 79.592640 79.592640
11 29.461905 29.461905 4.211905 4.211905
12 29.461777 29.461777 4.211777 4.211777
31 27.480508 27.480508 2.230508 2.230508
32 27.480447 27.480447 2.230447 2.230447
34 27.480398 27.480398 2.230398 2.230398
41 25.277430 25.277430 0.027430 0.027430
42 25.277356 25.277356 0.027356 0.027356
44 25.277305 25.277305 0.027305 0.027305
91 4.856010 4.856010 -20.393990 -20.393990
92 4.855980 4.855980 -20.394020 -20.394020
94 4.855975 4.855975 -20.394025 -20.394025
98 4.855965 4.855965 -20.394035 -20.394035
311 4.468243 4.468243 -20.781757 -20.781757
313 4.468219 4.468219 -20.781781 -20.781781
120000 86583297898629904360474082147981214777486653276471587217231827521604689704716426063816727009683258371411696981876388841652224.000000 4.468219 86583297898629904360474082147981214777486653276471587217231827521604689704716426063816727009683258371411696981876388841652224.000000 -20.781781
