"function evaluation" "current f(x)" "best-so-far f(x)" "current af(x)+b"  "best af(x)+b"
1 9884.887276 9884.887276 10034.037276 10034.037276
2 9884.887159 9884.887159 10034.037159 10034.037159
4 9884.886497 9884.886497 10034.036497 10034.036497
6 9884.832159 9884.832159 10033.982159 10033.982159
21 4016.185294 4016.185294 4165.335294 4165.335294
22 4016.181938 4016.181938 4165.331938 4165.331938
23 4016.150992 4016.150992 4165.300992 4165.300992
251 3488.468154 3488.468154 3637.618154 3637.618154
252 3488.467187 3488.467187 3637.617187 3637.617187
254 3488.466877 3488.466877 3637.616877 3637.616877
255 3488.451226 3488.451226 3637.601226 3637.601226
535 703.478288 703.478288 852.628288 852.628288
542 603.304491 603.304491 752.454491 752.454491
1372 603.302601 603.302601 752.452601 752.452601
1373 603.295906 603.295906 752.445906 752.445906
1907 424.929755 424.929755 574.079755 574.079755
1910 379.290845 379.290845 528.440845 528.440845
2029 267.157326 267.157326 416.307326 416.307326
2801 267.155195 267.155195 416.305195 416.305195
135000 149259.938950 267.155195 149259.938950 416.305195
"function evaluation" "current f(x)" "best-so-far f(x)" "current af(x)+b"  "best af(x)+b"
1 30919.670649 30919.670649 31068.820649 31068.820649
2 30919.486736 30919.486736 31068.636736 31068.636736
71 13887.429378 13887.429378 14036.579378 14036.579378
72 13887.428147 13887.428147 14036.578147 14036.578147
74 13887.425138 13887.425138 14036.575138 14036.575138
75 13887.373286 13887.373286 14036.523286 14036.523286
121 7981.556932 7981.556932 8130.706932 8130.706932
123 7981.529641 7981.529641 8130.679641 8130.679641
281 401.217493 401.217493 550.367493 550.367493
282 401.216409 401.216409 550.366409 550.366409
283 401.214659 401.214659 550.364659 550.364659
287 401.213147 401.213147 550.363147 550.363147
977 112.091911 112.091911 261.241911 261.241911
982 109.213549 109.213549 258.363549 258.363549
985 61.706543 61.706543 210.856543 210.856543
1631 61.706112 61.706112 210.856112 210.856112
1634 61.705827 61.705827 210.855827 210.855827
135000 149259.938950 61.705827 149259.938950 210.855827
"function evaluation" "current f(x)" "best-so-far f(x)" "current af(x)+b"  "best af(x)+b"
1 179799.244300 179799.244300 179948.394300 179948.394300
2 179799.101417 179799.101417 179948.251417 179948.251417
3 179799.032885 179799.032885 179948.182885 179948.182885
5 179798.787362 179798.787362 179947.937362 179947.937362
11 110231.419374 110231.419374 110380.569374 110380.569374
15 110231.075714 110231.075714 110380.225714 110380.225714
21 103813.617894 103813.617894 103962.767894 103962.767894
22 103813.498287 103813.498287 103962.648287 103962.648287
25 103813.248282 103813.248282 103962.398282 103962.398282
51 7250.558441 7250.558441 7399.708441 7399.708441
54 7250.556440 7250.556440 7399.706440 7399.706440
55 7250.513209 7250.513209 7399.663209 7399.663209
381 5275.884057 5275.884057 5425.034057 5425.034057
383 5275.845220 5275.845220 5424.995220 5424.995220
586 1458.329642 1458.329642 1607.479642 1607.479642
593 1366.211220 1366.211220 1515.361220 1515.361220
1402 1366.210853 1366.210853 1515.360853 1515.360853
1404 1366.208594 1366.208594 1515.358594 1515.358594
1405 1366.193805 1366.193805 1515.343805 1515.343805
2147 1245.276151 1245.276151 1394.426151 1394.426151
2159 577.294549 577.294549 726.444549 726.444549
2164 568.235846 568.235846 717.385846 717.385846
2166 326.652740 326.652740 475.802740 475.802740
2882 326.652304 326.652304 475.802304 475.802304
2884 326.652206 326.652206 475.802206 475.802206
2885 326.649718 326.649718 475.799718 475.799718
135000 115032.983902 326.649718 115032.983902 475.799718
"function evaluation" "current f(x)" "best-so-far f(x)" "current af(x)+b"  "best af(x)+b"
1 354388.842160 354388.842160 353388.842160 353388.842160
7 354388.714173 354388.714173 353388.714173 353388.714173
11 326286.918446 326286.918446 325286.918446 325286.918446
21 5460.852732 5460.852732 4460.852732 4460.852732
23 5460.843308 5460.843308 4460.843308 4460.843308
27 5460.830977 5460.830977 4460.830977 4460.830977
241 218.539974 218.539974 -781.460026 -781.460026
242 218.539658 218.539658 -781.460342 -781.460342
244 218.539185 218.539185 -781.460815 -781.460815
246 218.538640 218.538640 -781.461360 -781.461360
247 218.535915 218.535915 -781.464085 -781.464085
909 86.320329 86.320329 -913.679671 -913.679671
917 33.432287 33.432287 -966.567713 -966.567713
1591 33.431265 33.431265 -966.568735 -966.568735
135000 94481.596699 33.431265 94481.596699 -966.568735
"function evaluation" "current f(x)" "best-so-far f(x)" "current af(x)+b"  "best af(x)+b"
1 236600.393136 236600.393136 235600.393136 235600.393136
11 112056.987831 112056.987831 111056.987831 111056.987831
14 112056.986899 112056.986899 111056.986899 111056.986899
15 112056.957422 112056.957422 111056.957422 111056.957422
17 112056.603115 112056.603115 111056.603115 111056.603115
31 7129.480362 7129.480362 6129.480362 6129.480362
41 4906.537527 4906.537527 3906.537527 3906.537527
44 4906.524799 4906.524799 3906.524799 3906.524799
554 2615.582520 2615.582520 1615.582520 1615.582520
560 2080.482880 2080.482880 1080.482880 1080.482880
571 1426.495292 1426.495292 426.495292 426.495292
576 922.718007 922.718007 -77.281993 -77.281993
1391 922.715498 922.715498 -77.284502 -77.284502
1394 922.713116 922.713116 -77.286884 -77.286884
1395 922.712737 922.712737 -77.287263 -77.287263
3223 828.986609 828.986609 -171.013391 -171.013391
3293 534.021518 534.021518 -465.978482 -465.978482
4103 534.012503 534.012503 -465.987497 -465.987497
135000 82933.299724 534.012503 82933.299724 -465.987497
"function evaluation" "current f(x)" "best-so-far f(x)" "current af(x)+b"  "best af(x)+b"
1 73228.234883 73228.234883 72228.234883 72228.234883
11 51700.581269 51700.581269 50700.581269 50700.581269
21 24540.525649 24540.525649 23540.525649 23540.525649
27 24540.513138 24540.513138 23540.513138 23540.513138
51 9634.614653 9634.614653 8634.614653 8634.614653
141 8979.742533 8979.742533 7979.742533 7979.742533
143 8979.696086 8979.696086 7979.696086 7979.696086
401 6371.947808 6371.947808 5371.947808 5371.947808
402 6371.944299 6371.944299 5371.944299 5371.944299
403 6371.913602 6371.913602 5371.913602 5371.913602
586 3356.241762 3356.241762 2356.241762 2356.241762
588 2671.812345 2671.812345 1671.812345 1671.812345
742 2251.529449 2251.529449 1251.529449 1251.529449
1185 2087.239517 2087.239517 1087.239517 1087.239517
1751 2087.229802 2087.229802 1087.229802 1087.229802
2251 1897.519209 1897.519209 897.519209 897.519209
2931 1897.514530 1897.514530 897.514530 897.514530
2933 1897.508730 1897.508730 897.508730 897.508730
3222 600.252159 600.252159 -399.747841 -399.747841
4062 600.250850 600.250850 -399.749150 -399.749150
4064 600.250080 600.250080 -399.749920 -399.749920
4065 600.249640 600.249640 -399.750360 -399.750360
4067 600.248308 600.248308 -399.751692 -399.751692
135000 87537.545815 600.248308 87537.545815 -399.751692
"function evaluation" "current f(x)" "best-so-far f(x)" "current af(x)+b"  "best af(x)+b"
1 35842.289227 35842.289227 35940.909227 35940.909227
2 35842.287012 35842.287012 35940.907012 35940.907012
3 35842.219509 35842.219509 35940.839509 35940.839509
6 35842.161983 35842.161983 35940.781983 35940.781983
21 16502.896076 16502.896076 16601.516076 16601.516076
22 16502.891576 16502.891576 16601.511576 16601.511576
27 16502.804578 16502.804578 16601.424578 16601.424578
41 2613.277873 2613.277873 2711.897873 2711.897873
569 836.668852 836.668852 935.288852 935.288852
573 605.904336 605.904336 704.524336 704.524336
581 551.805993 551.805993 650.425993 650.425993
1391 551.799700 551.799700 650.419700 650.419700
2100 466.577943 466.577943 565.197943 565.197943
2841 466.576672 466.576672 565.196672 565.196672
2843 466.576450 466.576450 565.196450 565.196450
2846 466.573438 466.573438 565.193438 565.193438
135000 40367.540657 466.573438 40367.540657 565.193438
"function evaluation" "current f(x)" "best-so-far f(x)" "current af(x)+b"  "best af(x)+b"
1 100445.063447 100445.063447 100543.683447 100543.683447
6 100444.742462 100444.742462 100543.362462 100543.362462
11 3034.163547 3034.163547 3132.783547 3132.783547
12 3034.118403 3034.118403 3132.738403 3132.738403
251 1526.989521 1526.989521 1625.609521 1625.609521
253 1526.989434 1526.989434 1625.609434 1625.609434
518 1407.155392 1407.155392 1505.775392 1505.775392
523 1344.685560 1344.685560 1443.305560 1443.305560
926 849.997202 849.997202 948.617202 948.617202
928 800.113996 800.113996 898.733996 898.733996
929 333.465623 333.465623 432.085623 432.085623
930 304.023112 304.023112 402.643112 402.643112
933 175.832298 175.832298 274.452298 274.452298
1601 175.831962 175.831962 274.451962 274.451962
1603 175.830811 175.830811 274.450811 274.450811
1606 175.830331 175.830331 274.450331 274.450331
1607 175.829934 175.829934 274.449934 274.449934
2455 25.822417 25.822417 124.442417 124.442417
3052 25.822349 25.822349 124.442349 124.442349
3054 25.822279 25.822279 124.442279 124.442279
3057 25.821862 25.821862 124.441862 124.441862
135000 40367.540657 25.821862 40367.540657 124.441862
"function evaluation" "current f(x)" "best-so-far f(x)" "current af(x)+b"  "best af(x)+b"
1 294026.061375 294026.061375 294124.681375 294124.681375
7 294025.968954 294025.968954 294124.588954 294124.588954
11 124146.126275 124146.126275 124244.746275 124244.746275
21 54665.491004 54665.491004 54764.111004 54764.111004
121 14060.268491 14060.268491 14158.888491 14158.888491
291 2191.609294 2191.609294 2290.229294 2290.229294
294 2191.608578 2191.608578 2290.228578 2290.228578
296 2191.595233 2191.595233 2290.215233 2290.215233
471 1889.121133 1889.121133 1987.741133 1987.741133
472 1889.090064 1889.090064 1987.710064 1987.710064
994 973.753766 973.753766 1072.373766 1072.373766
997 433.641697 433.641697 532.261697 532.261697
1641 433.640250 433.640250 532.260250 532.260250
1644 433.639659 433.639659 532.259659 532.259659
1646 433.637379 433.637379 532.257379 532.257379
2276 431.164239 431.164239 529.784239 529.784239
2280 327.537866 327.537866 426.157866 426.157866
2287 278.597662 278.597662 377.217662 377.217662
2952 278.597283 278.597283 377.217283 377.217283
2953 278.596188 278.596188 377.216188 377.216188
2958 278.594939 278.594939 377.214939 377.214939
135000 46548.363137 278.594939 46548.363137 377.214939
"function evaluation" "current f(x)" "best-so-far f(x)" "current af(x)+b"  "best af(x)+b"
1 16312.809646 16312.809646 16265.659646 16265.659646
7 16312.781906 16312.781906 16265.631906 16265.631906
201 12745.335927 12745.335927 12698.185927 12698.185927
202 12745.245056 12745.245056 12698.095056 12698.095056
271 2826.265118 2826.265118 2779.115118 2779.115118
272 2826.261784 2826.261784 2779.111784 2779.111784
273 2826.241473 2826.241473 2779.091473 2779.091473
311 465.831913 465.831913 418.681913 418.681913
312 465.831217 465.831217 418.681217 418.681217
313 465.830676 465.830676 418.680676 418.680676
319 465.829503 465.829503 418.679503 418.679503
1028 231.259743 231.259743 184.109743 184.109743
1032 209.088678 209.088678 161.938678 161.938678
1033 91.531642 91.531642 44.381642 44.381642
1662 91.531566 91.531566 44.381566 44.381566
1664 91.531262 91.531262 44.381262 44.381262
1668 91.530790 91.530790 44.380790 44.380790
135000 260119.175539 91.530790 260119.175539 44.380790
"function evaluation" "current f(x)" "best-so-far f(x)" "current af(x)+b"  "best af(x)+b"
1 219669.236188 219669.236188 219622.086188 219622.086188
2 219669.213559 219669.213559 219622.063559 219622.063559
5 219668.779271 219668.779271 219621.629271 219621.629271
21 30818.829314 30818.829314 30771.679314 30771.679314
22 30818.810680 30818.810680 30771.660680 30771.660680
25 30818.670064 30818.670064 30771.520064 30771.520064
91 21065.211095 21065.211095 21018.061095 21018.061095
141 2930.459620 2930.459620 2883.309620 2883.309620
142 2930.456697 2930.456697 2883.306697 2883.306697
144 2930.453060 2930.453060 2883.303060 2883.303060
148 2930.451884 2930.451884 2883.301884 2883.301884
361 2760.596117 2760.596117 2713.446117 2713.446117
364 2760.583027 2760.583027 2713.433027 2713.433027
739 1752.643792 1752.643792 1705.493792 1705.493792
745 1607.683064 1607.683064 1560.533064 1560.533064
1117 1241.397864 1241.397864 1194.247864 1194.247864
1119 922.908181 922.908181 875.758181 875.758181
1712 922.908099 922.908099 875.758099 875.758099
1714 922.905840 922.905840 875.755840 875.755840
1719 922.905418 922.905418 875.755418 875.755418
2097 741.872131 741.872131 694.722131 694.722131
2465 698.718660 698.718660 651.568660 651.568660
2466 140.546275 140.546275 93.396275 93.396275
3062 140.545698 140.545698 93.395698 93.395698
3066 140.544905 140.544905 93.394905 93.394905
135000 54710.726575 140.544905 54710.726575 93.394905
"function evaluation" "current f(x)" "best-so-far f(x)" "current af(x)+b"  "best af(x)+b"
1 4531.839973 4531.839973 4484.689973 4484.689973
2 4531.839304 4531.839304 4484.689304 4484.689304
3 4531.810333 4531.810333 4484.660333 4484.660333
271 370.211003 370.211003 323.061003 323.061003
272 370.208850 370.208850 323.058850 323.058850
276 370.208652 370.208652 323.058652 323.058652
278 370.208149 370.208149 323.058149 323.058149
960 132.923441 132.923441 85.773441 85.773441
962 108.720912 108.720912 61.570912 61.570912
963 88.726722 88.726722 41.576722 41.576722
1621 88.726624 88.726624 41.576624 41.576624
1623 88.726431 88.726431 41.576431 41.576431
1629 88.726260 88.726260 41.576260 41.576260
135000 255132.948259 88.726260 255132.948259 41.576260
"function evaluation" "current f(x)" "best-so-far f(x)" "current af(x)+b"  "best af(x)+b"
1 292581.185550 292581.185550 292618.705550 292618.705550
3 292580.925976 292580.925976 292618.445976 292618.445976
6 292580.560073 292580.560073 292618.080073 292618.080073
11 4240.733550 4240.733550 4278.253550 4278.253550
16 4240.733429 4240.733429 4278.253429 4278.253429
17 4240.710307 4240.710307 4278.230307 4278.230307
151 973.323388 973.323388 1010.843388 1010.843388
152 973.308506 973.308506 1010.828506 1010.828506
756 680.624377 680.624377 718.144377 718.144377
758 532.791206 532.791206 570.311206 570.311206
761 389.506693 389.506693 427.026693 427.026693
762 268.305059 268.305059 305.825059 305.825059
1086 209.585057 209.585057 247.105057 247.105057
1091 162.335393 162.335393 199.855393 199.855393
1692 162.334748 162.334748 199.854748 199.854748
1693 162.334511 162.334511 199.854511 199.854511
1698 162.333652 162.333652 199.853652 199.853652
2433 159.135158 159.135158 196.655158 196.655158
3042 159.133982 159.133982 196.653982 196.653982
135000 16648.155830 159.133982 16648.155830 196.653982
"function evaluation" "current f(x)" "best-so-far f(x)" "current af(x)+b"  "best af(x)+b"
1 253359.823518 253359.823518 253397.343518 253397.343518
2 253359.818237 253359.818237 253397.338237 253397.338237
3 253359.644042 253359.644042 253397.164042 253397.164042
7 253359.229639 253359.229639 253396.749639 253396.749639
11 125237.914301 125237.914301 125275.434301 125275.434301
12 125237.073304 125237.073304 125274.593304 125274.593304
21 18057.427833 18057.427833 18094.947833 18094.947833
24 18057.408392 18057.408392 18094.928392 18094.928392
27 18057.376824 18057.376824 18094.896824 18094.896824
171 5704.893715 5704.893715 5742.413715 5742.413715
181 917.099381 917.099381 954.619381 954.619381
182 917.096058 917.096058 954.616058 954.616058
184 917.094509 917.094509 954.614509 954.614509
186 917.088791 917.088791 954.608791 954.608791
491 206.195682 206.195682 243.715682 243.715682
492 206.194769 206.194769 243.714769 243.714769
494 206.193874 206.193874 243.713874 243.713874
815 181.871547 181.871547 219.391547 219.391547
1337 65.461091 65.461091 102.981091 102.981091
1339 43.969898 43.969898 81.489898 81.489898
1841 43.969840 43.969840 81.489840 81.489840
1844 43.969402 43.969402 81.489402 81.489402
135000 8488.288392 43.969402 8488.288392 81.489402
"function evaluation" "current f(x)" "best-so-far f(x)" "current af(x)+b"  "best af(x)+b"
1 559876.873456 559876.873456 559914.393456 559914.393456
2 559876.198593 559876.198593 559913.718593 559913.718593
3 559875.492356 559875.492356 559913.012356 559913.012356
11 68347.909132 68347.909132 68385.429132 68385.429132
13 68347.711013 68347.711013 68385.231013 68385.231013
21 12117.147828 12117.147828 12154.667828 12154.667828
81 1146.579227 1146.579227 1184.099227 1184.099227
82 1146.574431 1146.574431 1184.094431 1184.094431
85 1146.571837 1146.571837 1184.091837 1184.091837
88 1146.570780 1146.570780 1184.090780 1184.090780
637 242.283691 242.283691 279.803691 279.803691
642 202.009141 202.009141 239.529141 239.529141
644 148.304309 148.304309 185.824309 185.824309
1432 148.304139 148.304139 185.824139 185.824139
1435 148.303218 148.303218 185.823218 185.823218
1438 148.303118 148.303118 185.823118 185.823118
135000 227814.805378 148.303118 227814.805378 185.823118
