"function evaluation" "current f(x)" "best-so-far f(x)" "current af(x)+b"  "best af(x)+b"
1 892.268533 892.268533 994.878533 994.878533
15 892.264773 892.264773 994.874773 994.874773
36 892.264106 892.264106 994.874106 994.874106
41 615.218976 615.218976 717.828976 717.828976
42 615.209437 615.209437 717.819437 717.819437
60 615.208244 615.208244 717.818244 717.818244
70 615.207809 615.207809 717.817809 717.817809
601 529.652869 529.652869 632.262869 632.262869
602 529.650219 529.650219 632.260219 632.260219
603 529.650193 529.650193 632.260193 632.260193
605 529.646558 529.646558 632.256558 632.256558
624 529.645271 529.645271 632.255271 632.255271
628 529.637943 529.637943 632.247943 632.247943
270000 52223502488927042719035135631993300812120445274047463595289001395454609088993943932436156222758619863877848397823972703245973931177371609142919168.000000 529.637943 52223502488927042719035135631993300812120445274047463595289001395454609088993943932436156222758619863877848397823972703245973931177371609142919168.000000 632.247943
"function evaluation" "current f(x)" "best-so-far f(x)" "current af(x)+b"  "best af(x)+b"
1 850.873121 850.873121 953.483121 953.483121
3 850.870721 850.870721 953.480721 953.480721
23 850.867676 850.867676 953.477676 953.477676
41 797.706283 797.706283 900.316283 900.316283
42 797.699152 797.699152 900.309152 900.309152
44 797.692020 797.692020 900.302020 900.302020
81 674.742552 674.742552 777.352552 777.352552
84 674.742337 674.742337 777.352337 777.352337
88 674.741804 674.741804 777.351804 777.351804
90 674.737862 674.737862 777.347862 777.347862
94 674.735792 674.735792 777.345792 777.345792
104 674.731549 674.731549 777.341549 777.341549
281 459.874825 459.874825 562.484825 562.484825
286 459.874575 459.874575 562.484575 562.484575
292 459.874113 459.874113 562.484113 562.484113
298 459.873081 459.873081 562.483081 562.483081
305 459.869746 459.869746 562.479746 562.479746
316 459.869466 459.869466 562.479466 562.479466
270000 2748749553738426073445373568818428443279454213799971207807283886611268178384159499918022943029782674743376538232701015335766460870304458552490482431164416.000000 459.869466 2748749553738426073445373568818428443279454213799971207807283886611268178384159499918022943029782674743376538232701015335766460870304458552490482431164416.000000 562.479466
"function evaluation" "current f(x)" "best-so-far f(x)" "current af(x)+b"  "best af(x)+b"
1 973.957373 973.957373 1076.567373 1076.567373
4 973.956207 973.956207 1076.566207 1076.566207
11 973.951067 973.951067 1076.561067 1076.561067
29 973.948300 973.948300 1076.558300 1076.558300
41 448.897123 448.897123 551.507123 551.507123
43 448.894700 448.894700 551.504700 551.504700
46 448.893558 448.893558 551.503558 551.503558
54 448.890056 448.890056 551.500056 551.500056
56 448.887649 448.887649 551.497649 551.497649
270000 211496866851439158770648242478816831974021200156089112075545529290711318590786720076288463695724412844151555560420177495185827695009586051109965640237056.000000 448.887649 211496866851439158770648242478816831974021200156089112075545529290711318590786720076288463695724412844151555560420177495185827695009586051109965640237056.000000 551.497649
"function evaluation" "current f(x)" "best-so-far f(x)" "current af(x)+b"  "best af(x)+b"
1 740.105439 740.105439 833.405439 833.405439
3 740.101785 740.101785 833.401785 833.401785
7 740.099493 740.099493 833.399493 833.399493
33 740.098387 740.098387 833.398387 833.398387
81 714.768807 714.768807 808.068807 808.068807
83 714.762208 714.762208 808.062208 808.062208
86 714.761906 714.761906 808.061906 808.061906
109 714.759985 714.759985 808.059985 808.059985
521 691.093397 691.093397 784.393397 784.393397
523 691.090740 691.090740 784.390740 784.390740
525 691.090711 691.090711 784.390711 784.390711
536 691.085428 691.085428 784.385428 784.385428
601 417.154488 417.154488 510.454488 510.454488
602 417.135415 417.135415 510.435415 510.435415
634 417.133380 417.133380 510.433380 510.433380
270000 493878356295512404273578333686764628060700824794298678064029669542368000167872530626272996005114572741631731177109896341731575771553073186790703104.000000 417.133380 493878356295512404273578333686764628060700824794298678064029669542368000167872530626272996005114572741631731177109896341731575771553073186790703104.000000 510.433380
"function evaluation" "current f(x)" "best-so-far f(x)" "current af(x)+b"  "best af(x)+b"
1 968.563825 968.563825 1061.863825 1061.863825
19 968.562530 968.562530 1061.862530 1061.862530
36 968.561740 968.561740 1061.861740 1061.861740
39 968.559475 968.559475 1061.859475 1061.859475
41 646.935614 646.935614 740.235614 740.235614
43 646.928226 646.928226 740.228226 740.228226
73 646.927711 646.927711 740.227711 740.227711
121 574.346580 574.346580 667.646580 667.646580
122 574.341578 574.341578 667.641578 667.641578
126 574.339983 574.339983 667.639983 667.639983
134 574.338952 574.338952 667.638952 667.638952
144 574.337783 574.337783 667.637783 667.637783
146 574.337477 574.337477 667.637477 667.637477
270000 4797393354869410804648024812647648831081498787575732985146005729981810610702810958357186414332762176627585631567979226124157897216217180910125056.000000 574.337477 4797393354869410804648024812647648831081498787575732985146005729981810610702810958357186414332762176627585631567979226124157897216217180910125056.000000 667.637477
"function evaluation" "current f(x)" "best-so-far f(x)" "current af(x)+b"  "best af(x)+b"
1 744.034692 744.034692 837.334692 837.334692
4 744.032231 744.032231 837.332231 837.332231
6 744.032127 744.032127 837.332127 837.332127
15 744.031701 744.031701 837.331701 837.331701
24 744.027061 744.027061 837.327061 837.327061
121 636.111912 636.111912 729.411912 729.411912
122 636.108840 636.108840 729.408840 729.408840
124 636.106558 636.106558 729.406558 729.406558
126 636.106357 636.106357 729.406357 729.406357
128 636.105630 636.105630 729.405630 729.405630
139 636.105181 636.105181 729.405181 729.405181
144 636.104793 636.104793 729.404793 729.404793
149 636.102539 636.102539 729.402539 729.402539
161 599.586067 599.586067 692.886067 692.886067
163 599.580235 599.580235 692.880235 692.880235
401 536.296655 536.296655 629.596655 629.596655
404 536.288974 536.288974 629.588974 629.588974
1241 443.246667 443.246667 536.546667 536.546667
1247 443.244102 443.244102 536.544102 536.544102
1250 443.243611 443.243611 536.543611 536.543611
270000 112866276386176381004214171338434218273495578910595393221590262844383996238460786056570148938590399254908015118689492957002767802368706724788961280.000000 443.243611 112866276386176381004214171338434218273495578910595393221590262844383996238460786056570148938590399254908015118689492957002767802368706724788961280.000000 536.543611
"function evaluation" "current f(x)" "best-so-far f(x)" "current af(x)+b"  "best af(x)+b"
1 981.833513 981.833513 995.473513 995.473513
2 981.822304 981.822304 995.462304 995.462304
21 981.821265 981.821265 995.461265 995.461265
36 981.819018 981.819018 995.459018 995.459018
39 981.817516 981.817516 995.457516 995.457516
41 875.618307 875.618307 889.258307 889.258307
42 875.605079 875.605079 889.245079 889.245079
49 875.602378 875.602378 889.242378 889.242378
81 751.339249 751.339249 764.979249 764.979249
82 751.338751 751.338751 764.978751 764.978751
84 751.338695 751.338695 764.978695 764.978695
85 751.329494 751.329494 764.969494 764.969494
121 706.294178 706.294178 719.934178 719.934178
122 706.292371 706.292371 719.932371 719.932371
123 706.289114 706.289114 719.929114 719.929114
131 706.287408 706.287408 719.927408 719.927408
145 706.282252 706.282252 719.922252 719.922252
281 512.963720 512.963720 526.603720 526.603720
282 512.961034 512.961034 526.601034 526.601034
284 512.959331 512.959331 526.599331 526.599331
286 512.956139 512.956139 526.596139 526.596139
317 512.951698 512.951698 526.591698 526.591698
270000 85144043802580713706185185982431429414556075971161410585773494871113943089277700250373470229868683471709931892878901842023869755010380286742495232.000000 512.951698 85144043802580713706185185982431429414556075971161410585773494871113943089277700250373470229868683471709931892878901842023869755010380286742495232.000000 526.591698
"function evaluation" "current f(x)" "best-so-far f(x)" "current af(x)+b"  "best af(x)+b"
1 670.095819 670.095819 683.735819 683.735819
4 670.089989 670.089989 683.729989 683.729989
241 655.497577 655.497577 669.137577 669.137577
272 655.496677 655.496677 669.136677 669.136677
641 560.751246 560.751246 574.391246 574.391246
643 560.750949 560.750949 574.390949 574.390949
645 560.746707 560.746707 574.386707 574.386707
650 560.745962 560.745962 574.385962 574.385962
669 560.745935 560.745935 574.385935 574.385935
1841 461.714442 461.714442 475.354442 475.354442
1843 461.712906 461.712906 475.352906 475.352906
1847 461.712631 461.712631 475.352631 475.352631
1849 461.712225 461.712225 475.352225 475.352225
1852 461.708656 461.708656 475.348656 475.348656
1859 461.708640 461.708640 475.348640 475.348640
1862 461.708015 461.708015 475.348015 475.348015
1877 461.707359 461.707359 475.347359 475.347359
270000 56474690884790509102131050562907734850303483669252853197382467572811454204876689250227420157681020846538781763377669303311345900396620121014009856.000000 461.707359 56474690884790509102131050562907734850303483669252853197382467572811454204876689250227420157681020846538781763377669303311345900396620121014009856.000000 475.347359
"function evaluation" "current f(x)" "best-so-far f(x)" "current af(x)+b"  "best af(x)+b"
1 733.253075 733.253075 746.893075 746.893075
4 733.252280 733.252280 746.892280 746.892280
9 733.251859 733.251859 746.891859 746.891859
16 733.250520 733.250520 746.890520 746.890520
81 656.775238 656.775238 670.415238 670.415238
83 656.774681 656.774681 670.414681 670.414681
86 656.761683 656.761683 670.401683 670.401683
121 599.231936 599.231936 612.871936 612.871936
122 599.227151 599.227151 612.867151 612.867151
124 599.225950 599.225950 612.865950 612.865950
136 599.224830 599.224830 612.864830 612.864830
721 508.055251 508.055251 521.695251 521.695251
722 508.037713 508.037713 521.677713 521.677713
728 508.037053 508.037053 521.677053 521.677053
743 508.035502 508.035502 521.675502 521.675502
270000 43867089781596038582143238931242707970055956550758653163762168077500732979902010735623677502606546723943148318683673860433267023629450151100153856.000000 508.035502 43867089781596038582143238931242707970055956550758653163762168077500732979902010735623677502606546723943148318683673860433267023629450151100153856.000000 521.675502
"function evaluation" "current f(x)" "best-so-far f(x)" "current af(x)+b"  "best af(x)+b"
1 620.324874 620.324874 815.124874 815.124874
6 620.320778 620.320778 815.120778 815.120778
24 620.320108 620.320108 815.120108 815.120108
121 617.666764 617.666764 812.466764 812.466764
481 607.159927 607.159927 801.959927 801.959927
504 607.155568 607.155568 801.955568 801.955568
921 588.091071 588.091071 782.891071 782.891071
924 588.090049 588.090049 782.890049 782.890049
928 588.086367 588.086367 782.886367 782.886367
939 588.081459 588.081459 782.881459 782.881459
1681 547.249475 547.249475 742.049475 742.049475
1682 547.239155 547.239155 742.039155 742.039155
1705 547.234488 547.234488 742.034488 742.034488
270000 720411515117982961760069178012995284809357000387534542973483753589601597278075096327846983728186945150615501842135502697344811062400607893476868096.000000 547.234488 720411515117982961760069178012995284809357000387534542973483753589601597278075096327846983728186945150615501842135502697344811062400607893476868096.000000 742.034488
"function evaluation" "current f(x)" "best-so-far f(x)" "current af(x)+b"  "best af(x)+b"
1 823.489038 823.489038 1018.289038 1018.289038
2 823.473152 823.473152 1018.273152 1018.273152
25 823.472573 823.472573 1018.272573 1018.272573
81 804.380072 804.380072 999.180072 999.180072
85 804.376296 804.376296 999.176296 999.176296
116 804.376243 804.376243 999.176243 999.176243
161 663.893384 663.893384 858.693384 858.693384
164 663.892254 663.892254 858.692254 858.692254
241 584.124957 584.124957 778.924957 778.924957
242 584.116583 584.116583 778.916583 778.916583
248 584.113077 584.113077 778.913077 778.913077
269 584.110266 584.110266 778.910266 778.910266
270000 266302888923058389235483474964385650282082667196902670151485069433860611029715884499783637032822406316023416454239721300113425336912622128176562176.000000 584.110266 266302888923058389235483474964385650282082667196902670151485069433860611029715884499783637032822406316023416454239721300113425336912622128176562176.000000 778.910266
"function evaluation" "current f(x)" "best-so-far f(x)" "current af(x)+b"  "best af(x)+b"
1 791.103439 791.103439 985.903439 985.903439
4 791.097293 791.097293 985.897293 985.897293
9 791.096238 791.096238 985.896238 985.896238
41 753.085782 753.085782 947.885782 947.885782
42 753.079392 753.079392 947.879392 947.879392
45 753.076549 753.076549 947.876549 947.876549
48 753.076428 753.076428 947.876428 947.876428
49 753.070025 753.070025 947.870025 947.870025
81 571.978865 571.978865 766.778865 766.778865
84 571.975822 571.975822 766.775822 766.775822
87 571.975387 571.975387 766.775387 766.775387
97 571.973511 571.973511 766.773511 766.773511
270000 6879373696365845827838716269196338556766463559056989000570754784227422033195120161356272004783292662322449263223764488130401222403032309833924608.000000 571.973511 6879373696365845827838716269196338556766463559056989000570754784227422033195120161356272004783292662322449263223764488130401222403032309833924608.000000 766.773511
"function evaluation" "current f(x)" "best-so-far f(x)" "current af(x)+b"  "best af(x)+b"
1 754.386806 754.386806 620.796806 620.796806
2 754.379242 754.379242 620.789242 620.789242
5 754.377821 754.377821 620.787821 620.787821
7 754.375772 754.375772 620.785772 620.785772
281 748.009653 748.009653 614.419653 614.419653
282 748.000613 748.000613 614.410613 614.410613
294 747.998518 747.998518 614.408518 614.408518
313 747.997187 747.997187 614.407187 614.407187
401 702.042816 702.042816 568.452816 568.452816
402 702.037537 702.037537 568.447537 568.447537
408 702.034578 702.034578 568.444578 568.444578
409 702.032988 702.032988 568.442988 568.442988
412 702.031134 702.031134 568.441134 568.441134
481 640.971299 640.971299 507.381299 507.381299
482 640.968190 640.968190 507.378190 507.378190
484 640.967244 640.967244 507.377244 507.377244
487 640.959659 640.959659 507.369659 507.369659
681 562.437493 562.437493 428.847493 428.847493
685 562.436371 562.436371 428.846371 428.846371
692 562.432417 562.432417 428.842417 428.842417
270000 131401406485089457808999559917618657189747519722955809024135182448439945278401108101989096527211447162753548712836501836548922338979284427944755200.000000 562.432417 131401406485089457808999559917618657189747519722955809024135182448439945278401108101989096527211447162753548712836501836548922338979284427944755200.000000 428.842417
"function evaluation" "current f(x)" "best-so-far f(x)" "current af(x)+b"  "best af(x)+b"
1 850.662142 850.662142 717.072142 717.072142
2 850.659866 850.659866 717.069866 717.069866
5 850.657897 850.657897 717.067897 717.067897
14 850.656809 850.656809 717.066809 717.066809
16 850.649827 850.649827 717.059827 717.059827
41 667.055294 667.055294 533.465294 533.465294
45 667.055150 667.055150 533.465150 533.465150
49 667.047950 667.047950 533.457950 533.457950
121 659.439464 659.439464 525.849464 525.849464
124 659.438833 659.438833 525.848833 525.848833
129 659.434616 659.434616 525.844616 525.844616
135 659.434524 659.434524 525.844524 525.844524
137 659.433431 659.433431 525.843431 525.843431
521 594.605512 594.605512 461.015512 461.015512
528 594.600933 594.600933 461.010933 461.010933
529 594.599083 594.599083 461.009083 461.009083
538 594.598966 594.598966 461.008966 461.008966
601 499.579678 499.579678 365.989678 365.989678
602 499.571870 499.571870 365.981870 365.981870
607 499.567799 499.567799 365.977799 365.977799
616 499.567404 499.567404 365.977404 365.977404
617 499.563680 499.563680 365.973680 365.973680
270000 23172873267953614922833814139688590572199771392392632895233060089632786998930404094875006400473135388623965694766792856590470870381366001526636544.000000 499.563680 23172873267953614922833814139688590572199771392392632895233060089632786998930404094875006400473135388623965694766792856590470870381366001526636544.000000 365.973680
"function evaluation" "current f(x)" "best-so-far f(x)" "current af(x)+b"  "best af(x)+b"
1 707.007739 707.007739 573.417739 573.417739
8 707.004088 707.004088 573.414088 573.414088
13 707.002668 707.002668 573.412668 573.412668
22 707.001047 707.001047 573.411047 573.411047
161 637.130839 637.130839 503.540839 503.540839
162 637.121591 637.121591 503.531591 503.531591
174 637.120716 637.120716 503.530716 503.530716
180 637.119318 637.119318 503.529318 503.529318
185 637.119030 637.119030 503.529030 503.529030
199 637.118449 637.118449 503.528449 503.528449
761 569.776520 569.776520 436.186520 436.186520
763 569.776339 569.776339 436.186339 436.186339
768 569.774764 569.774764 436.184764 436.184764
770 569.772728 569.772728 436.182728 436.182728
776 569.772233 569.772233 436.182233 436.182233
779 569.770823 569.770823 436.180823 436.180823
1561 468.798049 468.798049 335.208049 335.208049
1562 468.786486 468.786486 335.196486 335.196486
1576 468.785538 468.785538 335.195538 335.195538
1587 468.784656 468.784656 335.194656 335.194656
270000 58576139957075816082438852307978174395623997761982040896852459143357313672793012605759589881681810847031632378099747565828341734374647922763497472.000000 468.784656 58576139957075816082438852307978174395623997761982040896852459143357313672793012605759589881681810847031632378099747565828341734374647922763497472.000000 335.194656
