"function evaluation" "current f(x)" "best-so-far f(x)" "current af(x)+b"  "best af(x)+b"
1 2487840.336121 2487840.336121 2487916.606121 2487916.606121
4 2484731.948273 2484731.948273 2484808.218273 2484808.218273
6 2479515.091499 2479515.091499 2479591.361499 2479591.361499
81 1211851.176050 1211851.176050 1211927.446050 1211927.446050
82 1209895.882622 1209895.882622 1209972.152622 1209972.152622
83 1206895.745951 1206895.745951 1206972.015951 1206972.015951
85 1201842.003569 1201842.003569 1201918.273569 1201918.273569
121 1235.450178 1235.450178 1311.720178 1311.720178
124 1207.441275 1207.441275 1283.711275 1283.711275
126 1175.668327 1175.668327 1251.938327 1251.938327
2098 486.104698 486.104698 562.374698 562.374698
2105 373.389429 373.389429 449.659429 449.659429
2307 225.192579 225.192579 301.462579 301.462579
3572 222.462569 222.462569 298.732569 298.732569
3573 215.258244 215.258244 291.528244 291.528244
3575 202.339457 202.339457 278.609457 278.609457
5399 152.884973 152.884973 229.154973 229.154973
6981 149.551605 149.551605 225.821605 225.821605
6984 146.577827 146.577827 222.847827 222.847827
6986 140.815338 140.815338 217.085338 217.085338
285000 798052.296320 140.815338 798052.296320 217.085338
"function evaluation" "current f(x)" "best-so-far f(x)" "current af(x)+b"  "best af(x)+b"
1 21310696.128310 21310696.128310 21310772.398310 21310772.398310
4 21302914.293817 21302914.293817 21302990.563817 21302990.563817
6 21289785.443978 21289785.443978 21289861.713978 21289861.713978
41 3914537.723870 3914537.723870 3914613.993870 3914613.993870
42 3912810.899817 3912810.899817 3912887.169817 3912887.169817
43 3910159.416509 3910159.416509 3910235.686509 3910235.686509
45 3905688.228238 3905688.228238 3905764.498238 3905764.498238
81 1186285.053257 1186285.053257 1186361.323257 1186361.323257
84 1182419.291721 1182419.291721 1182495.561721 1182495.561721
86 1175903.395633 1175903.395633 1175979.665633 1175979.665633
121 440504.194802 440504.194802 440580.464802 440580.464802
122 439733.080906 439733.080906 439809.350906 439809.350906
123 438552.115392 438552.115392 438628.385392 438628.385392
125 436569.754310 436569.754310 436646.024310 436646.024310
441 382418.218701 382418.218701 382494.488701 382494.488701
442 381789.027795 381789.027795 381865.297795 381865.297795
443 380825.469015 380825.469015 380901.739015 380901.739015
445 379207.956502 379207.956502 379284.226502 379284.226502
1641 302481.060904 302481.060904 302557.330904 302557.330904
1642 302021.157245 302021.157245 302097.427245 302097.427245
1643 301316.133475 301316.133475 301392.403475 301392.403475
1645 300130.122655 300130.122655 300206.392655 300206.392655
1881 168172.502355 168172.502355 168248.772355 168248.772355
1884 167342.586990 167342.586990 167418.856990 167418.856990
1886 165966.253193 165966.253193 166042.523193 166042.523193
1961 18130.770360 18130.770360 18207.040360 18207.040360
1964 17905.521434 17905.521434 17981.791434 17981.791434
1966 17543.825322 17543.825322 17620.095322 17620.095322
2025 669.477264 669.477264 745.747264 745.747264
2090 447.471495 447.471495 523.741495 523.741495
2145 191.895465 191.895465 268.165465 268.165465
3172 189.919090 189.919090 266.189090 266.189090
3173 186.464696 186.464696 262.734696 262.734696
3175 184.123060 184.123060 260.393060 260.393060
285000 9481.020684 184.123060 9481.020684 260.393060
"function evaluation" "current f(x)" "best-so-far f(x)" "current af(x)+b"  "best af(x)+b"
1 1050027.009865 1050027.009865 1050103.279865 1050103.279865
2 1048219.083394 1048219.083394 1048295.353394 1048295.353394
3 1045445.526483 1045445.526483 1045521.796483 1045521.796483
5 1040776.395803 1040776.395803 1040852.665803 1040852.665803
121 509432.520748 509432.520748 509508.790748 509508.790748
122 508498.913723 508498.913723 508575.183723 508575.183723
123 507068.886978 507068.886978 507145.156978 507145.156978
125 504667.616290 504667.616290 504743.886290 504743.886290
161 140796.214701 140796.214701 140872.484701 140872.484701
162 140293.449742 140293.449742 140369.719742 140369.719742
163 139521.592778 139521.592778 139597.862778 139597.862778
165 138220.473079 138220.473079 138296.743079 138296.743079
761 112028.582918 112028.582918 112104.852918 112104.852918
764 111533.249964 111533.249964 111609.519964 111609.519964
766 110686.019719 110686.019719 110762.289719 110762.289719
881 38382.147595 38382.147595 38458.417595 38458.417595
882 38182.191312 38182.191312 38258.461312 38258.461312
883 37875.591868 37875.591868 37951.861868 37951.861868
885 37360.114404 37360.114404 37436.384404 37436.384404
2007 835.000645 835.000645 911.270645 911.270645
2124 775.422340 775.422340 851.692340 851.692340
2130 473.892338 473.892338 550.162338 550.162338
2137 173.492478 173.492478 249.762478 249.762478
3171 173.190701 173.190701 249.460701 249.460701
3178 173.132487 173.132487 249.402487 249.402487
3181 173.044001 173.044001 249.314001 249.314001
285000 3870830.187278 173.044001 3870830.187278 249.314001
"function evaluation" "current f(x)" "best-so-far f(x)" "current af(x)+b"  "best af(x)+b"
1 6132278.947350 6132278.947350 6132256.397350 6132256.397350
2 6121154.908541 6121154.908541 6121132.358541 6121132.358541
5 6120895.517576 6120895.517576 6120872.967576 6120872.967576
8 6118183.493964 6118183.493964 6118160.943964 6118160.943964
28 6117802.360351 6117802.360351 6117779.810351 6117779.810351
41 3146549.178596 3146549.178596 3146526.628596 3146526.628596
42 3139771.441845 3139771.441845 3139748.891845 3139748.891845
45 3139613.082793 3139613.082793 3139590.532793 3139590.532793
48 3137957.139751 3137957.139751 3137934.589751 3137934.589751
68 3137724.341018 3137724.341018 3137701.791018 3137701.791018
161 524524.395171 524524.395171 524501.845171 524501.845171
162 520783.600189 520783.600189 520761.050189 520761.050189
165 520696.733528 520696.733528 520674.183528 520674.183528
168 519788.595621 519788.595621 519766.045621 519766.045621
188 519661.082412 519661.082412 519638.532412 519638.532412
241 354868.122203 354868.122203 354845.572203 354845.572203
246 354766.933655 354766.933655 354744.383655 354744.383655
247 353707.874633 353707.874633 353685.324633 353685.324633
267 353558.822507 353558.822507 353536.272507 353536.272507
361 138083.316747 138083.316747 138060.766747 138060.766747
366 138057.393014 138057.393014 138034.843014 138034.843014
367 137788.144400 137788.144400 137765.594400 137765.594400
387 137750.439306 137750.439306 137727.889306 137727.889306
921 2963.519393 2963.519393 2940.969393 2940.969393
926 2954.664862 2954.664862 2932.114862 2932.114862
927 2860.029090 2860.029090 2837.479090 2837.479090
947 2846.547666 2846.547666 2823.997666 2823.997666
1561 375.262776 375.262776 352.712776 352.712776
1566 373.997910 373.997910 351.447910 351.447910
1567 362.303998 362.303998 339.753998 339.753998
1587 360.835826 360.835826 338.285826 338.285826
2337 142.136986 142.136986 119.586986 119.586986
3612 134.579553 134.579553 112.029553 112.029553
3615 134.367731 134.367731 111.817731 111.817731
3618 132.658374 132.658374 110.108374 110.108374
3638 132.434646 132.434646 109.884646 109.884646
285000 23687.534580 132.434646 23687.534580 109.884646
"function evaluation" "current f(x)" "best-so-far f(x)" "current af(x)+b"  "best af(x)+b"
1 12976501.648240 12976501.648240 12976479.098240 12976479.098240
2 12957735.440600 12957735.440600 12957712.890600 12957712.890600
5 12957297.324341 12957297.324341 12957274.774341 12957274.774341
8 12952716.919867 12952716.919867 12952694.369867 12952694.369867
28 12952073.197935 12952073.197935 12952050.647935 12952050.647935
41 3867899.688582 3867899.688582 3867877.138582 3867877.138582
42 3861248.745494 3861248.745494 3861226.195494 3861226.195494
45 3861093.582910 3861093.582910 3861071.032910 3861071.032910
48 3859470.858229 3859470.858229 3859448.308229 3859448.308229
68 3859242.746504 3859242.746504 3859220.196504 3859220.196504
81 3006478.876958 3006478.876958 3006456.326958 3006456.326958
86 3006201.318704 3006201.318704 3006178.768704 3006178.768704
87 3003302.364684 3003302.364684 3003279.814684 3003279.814684
107 3002895.319346 3002895.319346 3002872.769346 3002872.769346
241 383534.398451 383534.398451 383511.848451 383511.848451
242 381092.678304 381092.678304 381070.128304 381070.128304
245 381035.945450 381035.945450 381013.395450 381013.395450
248 380443.468824 380443.468824 380420.918824 380420.918824
268 380360.262872 380360.262872 380337.712872 380337.712872
281 35648.353958 35648.353958 35625.803958 35625.803958
282 34885.269368 34885.269368 34862.719368 34862.719368
285 34867.564983 34867.564983 34845.014983 34845.014983
288 34681.389218 34681.389218 34658.839218 34658.839218
308 34655.102037 34655.102037 34632.552037 34632.552037
401 4030.153372 4030.153372 4007.603372 4007.603372
402 3838.628676 3838.628676 3816.078676 3816.078676
405 3834.397770 3834.397770 3811.847770 3811.847770
408 3790.134188 3790.134188 3767.584188 3767.584188
428 3783.941478 3783.941478 3761.391478 3761.391478
2041 404.344005 404.344005 381.794005 381.794005
2143 253.784415 253.784415 231.234415 231.234415
2704 248.138065 248.138065 225.588065 225.588065
3171 230.766114 230.766114 208.216114 208.216114
3176 229.623074 229.623074 207.073074 207.073074
3177 218.430066 218.430066 195.880066 195.880066
3197 217.125251 217.125251 194.575251 194.575251
285000 3665.813812 217.125251 3665.813812 194.575251
"function evaluation" "current f(x)" "best-so-far f(x)" "current af(x)+b"  "best af(x)+b"
1 485087.997308 485087.997308 485065.447308 485065.447308
6 485064.177986 485064.177986 485041.627986 485041.627986
7 484815.048590 484815.048590 484792.498590 484792.498590
27 484779.869228 484779.869228 484757.319228 484757.319228
121 397716.544561 397716.544561 397693.994561 397693.994561
122 395140.388509 395140.388509 395117.838509 395117.838509
125 395080.514155 395080.514155 395057.964155 395057.964155
128 394455.435406 394455.435406 394432.885406 394432.885406
148 394367.689791 394367.689791 394345.139791 394345.139791
281 285.820383 285.820383 263.270383 263.270383
284 285.623005 285.623005 263.073005 263.073005
314 285.616309 285.616309 263.066309 263.066309
2796 210.153929 210.153929 187.603929 187.603929
4692 206.002622 206.002622 183.452622 183.452622
4695 205.869211 205.869211 183.319211 183.319211
4698 204.745251 204.745251 182.195251 182.195251
4718 204.642959 204.642959 182.092959 182.092959
5643 178.022715 178.022715 155.472715 155.472715
7542 175.612214 175.612214 153.062214 153.062214
7545 175.558521 175.558521 153.008521 153.008521
7548 175.396933 175.396933 152.846933 152.846933
7550 175.307478 175.307478 152.757478 152.757478
285000 1652.256023 175.307478 1652.256023 152.757478
"function evaluation" "current f(x)" "best-so-far f(x)" "current af(x)+b"  "best af(x)+b"
1 47735363.397189 47735363.397189 47735377.057189 47735377.057189
3 47718961.223464 47718961.223464 47718974.883464 47718974.883464
6 47716282.085902 47716282.085902 47716295.745902 47716295.745902
12 47712672.482916 47712672.482916 47712686.142916 47712686.142916
26 47708605.963032 47708605.963032 47708619.623032 47708619.623032
29 47691193.994051 47691193.994051 47691207.654051 47691207.654051
41 2138732.279289 2138732.279289 2138745.939289 2138745.939289
43 2137394.008092 2137394.008092 2137407.668092 2137407.668092
46 2137176.347638 2137176.347638 2137190.007638 2137190.007638
52 2136883.443091 2136883.443091 2136897.103091 2136897.103091
66 2136554.092497 2136554.092497 2136567.752497 2136567.752497
69 2135149.986606 2135149.986606 2135163.646606 2135163.646606
161 891.998990 891.998990 905.658990 905.658990
163 822.316667 822.316667 835.976667 835.976667
166 810.687888 810.687888 824.347888 824.347888
172 795.107268 795.107268 808.767268 808.767268
186 777.627121 777.627121 791.287121 791.287121
189 705.354536 705.354536 719.014536 719.014536
2166 517.740167 517.740167 531.400167 531.400167
2807 478.458618 478.458618 492.118618 492.118618
2811 307.455007 307.455007 321.115007 321.115007
4732 306.171267 306.171267 319.831267 319.831267
4734 281.261180 281.261180 294.921180 294.921180
4735 277.617178 277.617178 291.277178 291.277178
4741 272.758123 272.758123 286.418123 286.418123
4755 267.495481 267.495481 281.155481 281.155481
4760 248.186978 248.186978 261.846978 261.846978
285000 15000.108406 248.186978 15000.108406 261.846978
"function evaluation" "current f(x)" "best-so-far f(x)" "current af(x)+b"  "best af(x)+b"
1 15076045.930010 15076045.930010 15076059.590010 15076059.590010
2 15075320.165712 15075320.165712 15075333.825712 15075333.825712
4 15067679.105727 15067679.105727 15067692.765727 15067692.765727
5 15066431.214304 15066431.214304 15066444.874304 15066444.874304
11 15064749.740749 15064749.740749 15064763.400749 15064763.400749
25 15062855.569465 15062855.569465 15062869.229465 15062869.229465
30 15054745.864241 15054745.864241 15054759.524241 15054759.524241
41 7761297.778903 7761297.778903 7761311.438903 7761311.438903
42 7760766.062825 7760766.062825 7760779.722825 7760779.722825
44 7755168.887093 7755168.887093 7755182.547093 7755182.547093
45 7754255.076366 7754255.076366 7754268.736366 7754268.736366
51 7753023.963975 7753023.963975 7753037.623975 7753037.623975
65 7751637.255865 7751637.255865 7751650.915865 7751650.915865
70 7745702.700852 7745702.700852 7745716.360852 7745716.360852
81 4227871.589776 4227871.589776 4227885.249776 4227885.249776
82 4227602.820372 4227602.820372 4227616.480372 4227616.480372
84 4224774.183038 4224774.183038 4224787.843038 4224787.843038
85 4224312.419857 4224312.419857 4224326.079857 4224326.079857
91 4223690.233805 4223690.233805 4223703.893805 4223703.893805
105 4222989.464664 4222989.464664 4223003.124664 4223003.124664
110 4219990.518666 4219990.518666 4220004.178666 4220004.178666
241 2023390.464821 2023390.464821 2023404.124821 2023404.124821
243 2022885.043032 2022885.043032 2022898.703032 2022898.703032
246 2022802.665195 2022802.665195 2022816.325195 2022816.325195
252 2022691.756039 2022691.756039 2022705.416039 2022705.416039
266 2022566.841473 2022566.841473 2022580.501473 2022580.501473
269 2022033.451169 2022033.451169 2022047.111169 2022047.111169
481 28427.343039 28427.343039 28441.003039 28441.003039
483 28024.401065 28024.401065 28038.061065 28038.061065
486 27958.698216 27958.698216 27972.358216 27972.358216
492 27870.268318 27870.268318 27883.928318 27883.928318
506 27770.832890 27770.832890 27784.492890 27784.492890
509 27346.202560 27346.202560 27359.862560 27359.862560
641 340.263901 340.263901 353.923901 353.923901
642 338.124820 338.124820 351.784820 351.784820
644 317.700635 317.700635 331.360635 331.360635
645 314.885946 314.885946 328.545946 328.545946
651 311.104022 311.104022 324.764022 324.764022
665 307.169164 307.169164 320.829164 320.829164
670 293.199761 293.199761 306.859761 306.859761
2413 207.550635 207.550635 221.210635 221.210635
3814 202.548310 202.548310 216.208310 216.208310
3815 202.166205 202.166205 215.826205 215.826205
3821 201.492331 201.492331 215.152331 215.152331
3835 200.834626 200.834626 214.494626 214.494626
3840 199.185270 199.185270 212.845270 212.845270
285000 665809.283732 199.185270 665809.283732 212.845270
"function evaluation" "current f(x)" "best-so-far f(x)" "current af(x)+b"  "best af(x)+b"
1 297244.253324 297244.253324 297257.913324 297257.913324
2 297177.906838 297177.906838 297191.566838 297191.566838
4 296481.091128 296481.091128 296494.751128 296494.751128
5 296367.578176 296367.578176 296381.238176 296381.238176
11 296214.522422 296214.522422 296228.182422 296228.182422
25 296042.025028 296042.025028 296055.685028 296055.685028
30 295305.144878 295305.144878 295318.804878 295318.804878
361 295038.191639 295038.191639 295051.851639 295051.851639
363 293292.314117 293292.314117 293305.974117 293305.974117
366 293007.381021 293007.381021 293021.041021 293021.041021
372 292623.895736 292623.895736 292637.555736 292637.555736
386 292191.992491 292191.992491 292205.652491 292205.652491
389 290345.611235 290345.611235 290359.271235 290359.271235
1281 122275.542077 122275.542077 122289.202077 122289.202077
1282 122203.861836 122203.861836 122217.521836 122217.521836
1284 121450.936436 121450.936436 121464.596436 121464.596436
1285 121328.162065 121328.162065 121341.822065 121341.822065
1291 121162.621003 121162.621003 121176.281003 121176.281003
1305 120976.357490 120976.357490 120990.017490 120990.017490
1310 120179.772754 120179.772754 120193.432754 120193.432754
1521 50895.827240 50895.827240 50909.487240 50909.487240
1523 50499.234009 50499.234009 50512.894009 50512.894009
1526 50434.710750 50434.710750 50448.370750 50448.370750
1532 50348.090268 50348.090268 50361.750268 50361.750268
1546 50250.751723 50250.751723 50264.411723 50264.411723
1549 49836.151588 49836.151588 49849.811588 49849.811588
1641 604.252821 604.252821 617.912821 617.912821
1642 600.689120 600.689120 614.349120 614.349120
1644 565.607870 565.607870 579.267870 579.267870
1645 560.107942 560.107942 573.767942 573.767942
1651 552.768691 552.768691 566.428691 566.428691
1665 544.562134 544.562134 558.222134 558.222134
1670 510.733827 510.733827 524.393827 524.393827
2139 245.119659 245.119659 258.779659 258.779659
3172 244.832471 244.832471 258.492471 258.492471
3174 237.817120 237.817120 251.477120 251.477120
3175 236.523703 236.523703 250.183703 250.183703
3185 234.746508 234.746508 248.406508 248.406508
3195 232.416595 232.416595 246.076595 246.076595
3200 221.883070 221.883070 235.543070 235.543070
4905 219.075646 219.075646 232.735646 232.735646
5822 218.719139 218.719139 232.379139 232.379139
5824 211.604406 211.604406 225.264406 225.264406
5825 210.294950 210.294950 223.954950 223.954950
5831 208.314600 208.314600 221.974600 221.974600
5845 205.968482 205.968482 219.628482 219.628482
5850 195.541928 195.541928 209.201928 209.201928
285000 82284.217583 195.541928 82284.217583 209.201928
"function evaluation" "current f(x)" "best-so-far f(x)" "current af(x)+b"  "best af(x)+b"
1 8947486.721560 8947486.721560 8948424.561560 8948424.561560
81 8903254.829800 8903254.829800 8904192.669800 8904192.669800
121 3478.714305 3478.714305 4416.554305 4416.554305
1362 2786.210781 2786.210781 3724.050781 3724.050781
1561 380.033015 380.033015 1317.873015 1317.873015
2324 273.432678 273.432678 1211.272678 1211.272678
3611 253.803857 253.803857 1191.643857 1191.643857
4979 152.269041 152.269041 1090.109041 1090.109041
5981 151.754960 151.754960 1089.594960 1089.594960
5984 150.430620 150.430620 1088.270620 1088.270620
5990 150.056315 150.056315 1087.896315 1087.896315
6001 150.041834 150.041834 1087.881834 1087.881834
285000 3909177.372124 150.041834 3909177.372124 1087.881834
"function evaluation" "current f(x)" "best-so-far f(x)" "current af(x)+b"  "best af(x)+b"
1 5828135.967563 5828135.967563 5829073.807563 5829073.807563
41 3339234.259127 3339234.259127 3340172.099127 3340172.099127
81 834349.065399 834349.065399 835286.905399 835286.905399
82 816830.572425 816830.572425 817768.412425 817768.412425
641 624113.898592 624113.898592 625051.738592 625051.738592
881 146539.258267 146539.258267 147477.098267 147477.098267
921 50190.173998 50190.173998 51128.013998 51128.013998
922 47919.446271 47919.446271 48857.286271 48857.286271
1921 4104.911063 4104.911063 5042.751063 5042.751063
1922 3939.343617 3939.343617 4877.183617 4877.183617
2025 271.785383 271.785383 1209.625383 1209.625383
2570 212.572882 212.572882 1150.412882 1150.412882
4172 178.969511 178.969511 1116.809511 1116.809511
285000 126719.703759 178.969511 126719.703759 1116.809511
"function evaluation" "current f(x)" "best-so-far f(x)" "current af(x)+b"  "best af(x)+b"
1 2151235.137101 2151235.137101 2152172.977101 2152172.977101
201 13291.285720 13291.285720 14229.125720 14229.125720
1121 4024.534539 4024.534539 4962.374539 4962.374539
1122 3909.601832 3909.601832 4847.441832 4847.441832
1881 3525.212004 3525.212004 4463.052004 4463.052004
2014 1082.690546 1082.690546 2020.530546 2020.530546
2107 352.343872 352.343872 1290.183872 1290.183872
2709 330.413479 330.413479 1268.253479 1268.253479
3092 319.569488 319.569488 1257.409488 1257.409488
4491 273.916178 273.916178 1211.756178 1211.756178
4979 226.472373 226.472373 1164.312373 1164.312373
5981 203.706261 203.706261 1141.546261 1141.546261
285000 25169.329781 203.706261 25169.329781 1141.546261
"function evaluation" "current f(x)" "best-so-far f(x)" "current af(x)+b"  "best af(x)+b"
1 3673124.270981 3673124.270981 3673045.550981 3673045.550981
3 3671601.895554 3671601.895554 3671523.175554 3671523.175554
6 3671342.645452 3671342.645452 3671263.925452 3671263.925452
18 3668706.182157 3668706.182157 3668627.462157 3668627.462157
41 2819.733325 2819.733325 2741.013325 2741.013325
43 2778.590671 2778.590671 2699.870671 2699.870671
46 2771.546957 2771.546957 2692.826957 2692.826957
58 2698.687722 2698.687722 2619.967722 2619.967722
2010 474.566868 474.566868 395.846868 395.846868
2513 474.333779 474.333779 395.613779 395.613779
2602 181.602600 181.602600 102.882600 102.882600
4252 180.664545 180.664545 101.944545 101.944545
4254 177.207866 177.207866 98.487866 98.487866
4255 176.902932 176.902932 98.182932 98.182932
4267 175.266597 175.266597 96.546597 96.546597
285000 115386.065664 175.266597 115386.065664 96.546597
"function evaluation" "current f(x)" "best-so-far f(x)" "current af(x)+b"  "best af(x)+b"
1 8512275.711787 8512275.711787 8512196.991787 8512196.991787
3 8508740.421482 8508740.421482 8508661.701482 8508661.701482
6 8508138.459425 8508138.459425 8508059.739425 8508059.739425
18 8502018.264823 8502018.264823 8501939.544823 8501939.544823
41 8070109.966236 8070109.966236 8070031.246236 8070031.246236
42 8066578.341411 8066578.341411 8066499.621411 8066499.621411
44 8064712.776557 8064712.776557 8064634.056557 8064634.056557
45 8064395.057497 8064395.057497 8064316.337497 8064316.337497
57 8061165.916922 8061165.916922 8061087.196922 8061087.196922
81 6859326.197495 6859326.197495 6859247.477495 6859247.477495
82 6854757.884536 6854757.884536 6854679.164536 6854679.164536
84 6852339.562356 6852339.562356 6852260.842356 6852260.842356
85 6851927.447305 6851927.447305 6851848.727305 6851848.727305
97 6847732.394158 6847732.394158 6847653.674158 6847653.674158
121 4656106.237443 4656106.237443 4656027.517443 4656027.517443
122 4648848.208746 4648848.208746 4648769.488746 4648769.488746
124 4645011.834801 4645011.834801 4644933.114801 4644933.114801
125 4644358.433536 4644358.433536 4644279.713536 4644279.713536
137 4637713.890258 4637713.890258 4637635.170258 4637635.170258
241 182260.607012 182260.607012 182181.887012 182181.887012
243 181821.232248 181821.232248 181742.512248 181742.512248
246 181746.335753 181746.335753 181667.615753 181667.615753
258 180984.338764 180984.338764 180905.618764 180905.618764
841 92571.342183 92571.342183 92492.622183 92492.622183
842 91859.200540 91859.200540 91780.480540 91780.480540
844 91481.973581 91481.973581 91403.253581 91403.253581
845 91417.587870 91417.587870 91338.867870 91338.867870
857 90762.397646 90762.397646 90683.677646 90683.677646
1241 66346.446500 66346.446500 66267.726500 66267.726500
1243 66051.669775 66051.669775 65972.949775 65972.949775
1246 66001.674958 66001.674958 65922.954958 65922.954958
1258 65494.662337 65494.662337 65415.942337 65415.942337
1521 3735.201883 3735.201883 3656.481883 3656.481883
1523 3696.273994 3696.273994 3617.553994 3617.553994
1526 3689.705838 3689.705838 3610.985838 3610.985838
1538 3623.672283 3623.672283 3544.952283 3544.952283
2248 2897.617889 2897.617889 2818.897889 2818.897889
2256 1367.355890 1367.355890 1288.635890 1288.635890
2293 410.966236 410.966236 332.246236 332.246236
2302 296.938064 296.938064 218.218064 218.218064
2350 215.359795 215.359795 136.639795 136.639795
3651 209.756558 209.756558 131.036558 131.036558
3653 204.260842 204.260842 125.540842 125.540842
3656 203.500560 203.500560 124.780560 124.780560
3668 198.132228 198.132228 119.412228 119.412228
285000 54297.022358 198.132228 54297.022358 119.412228
"function evaluation" "current f(x)" "best-so-far f(x)" "current af(x)+b"  "best af(x)+b"
1 12109087.338114 12109087.338114 12109008.618114 12109008.618114
2 12100706.944994 12100706.944994 12100628.224994 12100628.224994
4 12096279.454381 12096279.454381 12096200.734381 12096200.734381
5 12095525.632993 12095525.632993 12095446.912993 12095446.912993
17 12087861.736408 12087861.736408 12087783.016408 12087783.016408
41 302.173451 302.173451 223.453451 223.453451
43 300.113957 300.113957 221.393957 221.393957
46 299.885473 299.885473 221.165473 221.165473
58 297.571059 297.571059 218.851059 218.851059
2437 229.914818 229.914818 151.194818 151.194818
3851 222.187189 222.187189 143.467189 143.467189
3853 215.369113 215.369113 136.649113 136.649113
3856 214.324664 214.324664 135.604664 135.604664
3868 205.556868 205.556868 126.836868 126.836868
285000 921.724378 205.556868 921.724378 126.836868
