"function evaluation" "current f(x)" "best-so-far f(x)" "current af(x)+b"  "best af(x)+b"
1 93.709614 93.709614 165.059614 165.059614
2 89.021087 89.021087 160.371087 160.371087
11 50.215946 50.215946 121.565946 121.565946
12 48.551217 48.551217 119.901217 119.901217
13 45.112922 45.112922 116.462922 116.462922
21 42.359945 42.359945 113.709945 113.709945
22 41.553645 41.553645 112.903645 112.903645
24 38.868837 38.868837 110.218837 110.218837
41 19.484880 19.484880 90.834880 90.834880
42 17.072176 17.072176 88.422176 88.422176
47 16.934626 16.934626 88.284626 88.284626
50 16.814461 16.814461 88.164461 88.164461
191 13.872972 13.872972 85.222972 85.222972
193 13.436244 13.436244 84.786244 84.786244
827 4.572370 4.572370 75.922370 75.922370
1541 3.737849 3.737849 75.087849 75.087849
9020 2.108048 2.108048 73.458048 73.458048
9695 2.031433 2.031433 73.381433 73.381433
9698 2.027280 2.027280 73.377280 73.377280
15511 1.795224 1.795224 73.145224 73.145224
16294 1.733381 1.733381 73.083381 73.083381
16298 1.690744 1.690744 73.040744 73.040744
99498 1.545001 1.545001 72.895001 72.895001
100168 1.459662 1.459662 72.809662 72.809662
135000 13.299555 1.459662 13.299555 72.809662
"function evaluation" "current f(x)" "best-so-far f(x)" "current af(x)+b"  "best af(x)+b"
1 73.667164 73.667164 145.017164 145.017164
3 71.374583 71.374583 142.724583 142.724583
11 69.421340 69.421340 140.771340 140.771340
12 68.491388 68.491388 139.841388 139.841388
14 67.542791 67.542791 138.892791 138.892791
16 67.150751 67.150751 138.500751 138.500751
31 51.937237 51.937237 123.287237 123.287237
32 50.091681 50.091681 121.441681 121.441681
101 36.101629 36.101629 107.451629 107.451629
103 33.812519 33.812519 105.162519 105.162519
351 14.035179 14.035179 85.385179 85.385179
411 11.411950 11.411950 82.761950 82.761950
415 10.484374 10.484374 81.834374 81.834374
560 10.353708 10.353708 81.703708 81.703708
1381 9.390185 9.390185 80.740185 80.740185
1383 9.328923 9.328923 80.678923 80.678923
1853 1.716224 1.716224 73.066224 73.066224
2701 1.638685 1.638685 72.988685 72.988685
2703 1.500416 1.500416 72.850416 72.850416
2705 1.479602 1.479602 72.829602 72.829602
59702 1.209922 1.209922 72.559922 72.559922
135000 36.038473 1.209922 36.038473 72.559922
"function evaluation" "current f(x)" "best-so-far f(x)" "current af(x)+b"  "best af(x)+b"
1 62.564587 62.564587 133.914587 133.914587
2 59.839167 59.839167 131.189167 131.189167
10 58.244909 58.244909 129.594909 129.594909
11 43.006674 43.006674 114.356674 114.356674
13 42.854098 42.854098 114.204098 114.204098
15 41.197124 41.197124 112.547124 112.547124
32 38.889255 38.889255 110.239255 110.239255
34 38.275746 38.275746 109.625746 109.625746
181 9.678793 9.678793 81.028793 81.028793
441 7.821166 7.821166 79.171166 79.171166
443 7.459240 7.459240 78.809240 78.809240
450 7.248278 7.248278 78.598278 78.598278
2024 4.431104 4.431104 75.781104 75.781104
2806 4.399575 4.399575 75.749575 75.749575
2810 4.393950 4.393950 75.743950 75.743950
13337 4.314888 4.314888 75.664888 75.664888
13902 4.260041 4.260041 75.610041 75.610041
13906 4.247685 4.247685 75.597685 75.597685
13910 3.996529 3.996529 75.346529 75.346529
18248 2.633458 2.633458 73.983458 73.983458
19012 2.227940 2.227940 73.577940 73.577940
135000 31.461718 2.227940 31.461718 73.577940
"function evaluation" "current f(x)" "best-so-far f(x)" "current af(x)+b"  "best af(x)+b"
1 53.246039 53.246039 -301.973961 -301.973961
2 53.095785 53.095785 -302.124215 -302.124215
4 50.723164 50.723164 -304.496836 -304.496836
5 50.587257 50.587257 -304.632743 -304.632743
9 50.130601 50.130601 -305.089399 -305.089399
181 44.704031 44.704031 -310.515969 -310.515969
182 42.053717 42.053717 -313.166283 -313.166283
184 41.770540 41.770540 -313.449460 -313.449460
188 41.353442 41.353442 -313.866558 -313.866558
241 22.071820 22.071820 -333.148180 -333.148180
243 21.402060 21.402060 -333.817940 -333.817940
249 21.195225 21.195225 -334.024775 -334.024775
546 17.424929 17.424929 -337.795071 -337.795071
641 16.217365 16.217365 -339.002635 -339.002635
684 14.315175 14.315175 -340.904825 -340.904825
852 13.332587 13.332587 -341.887413 -341.887413
983 10.201403 10.201403 -345.018597 -345.018597
1631 9.399023 9.399023 -345.820977 -345.820977
2227 8.366440 8.366440 -346.853560 -346.853560
2576 7.893962 7.893962 -347.326038 -347.326038
2924 7.731485 7.731485 -347.488515 -347.488515
2925 7.624460 7.624460 -347.595540 -347.595540
3125 7.438943 7.438943 -347.781057 -347.781057
3130 7.301776 7.301776 -347.918224 -347.918224
5106 4.735586 4.735586 -350.484414 -350.484414
5722 4.298828 4.298828 -350.921172 -350.921172
6365 3.977553 3.977553 -351.242447 -351.242447
7021 3.875462 3.875462 -351.344538 -351.344538
7022 3.839624 3.839624 -351.380376 -351.380376
7023 3.695186 3.695186 -351.524814 -351.524814
7030 3.286115 3.286115 -351.933885 -351.933885
22688 3.269246 3.269246 -351.950754 -351.950754
23296 3.228066 3.228066 -351.991934 -351.991934
36902 3.197354 3.197354 -352.022646 -352.022646
75652 2.705409 2.705409 -352.514591 -352.514591
91716 1.744656 1.744656 -353.475344 -353.475344
92252 1.559940 1.559940 -353.660060 -353.660060
92254 1.491783 1.491783 -353.728217 -353.728217
135000 39.879422 1.491783 39.879422 -353.728217
"function evaluation" "current f(x)" "best-so-far f(x)" "current af(x)+b"  "best af(x)+b"
1 117.296975 117.296975 -237.923025 -237.923025
3 115.895931 115.895931 -239.324069 -239.324069
7 115.685311 115.685311 -239.534689 -239.534689
10 114.671857 114.671857 -240.548143 -240.548143
11 93.932765 93.932765 -261.287235 -261.287235
15 93.581256 93.581256 -261.638744 -261.638744
18 92.499383 92.499383 -262.720617 -262.720617
20 88.391630 88.391630 -266.828370 -266.828370
21 63.585740 63.585740 -291.634260 -291.634260
22 53.839249 53.839249 -301.380751 -301.380751
51 9.412134 9.412134 -345.807866 -345.807866
52 7.792529 7.792529 -347.427471 -347.427471
2539 5.332928 5.332928 -349.887072 -349.887072
3101 4.833641 4.833641 -350.386359 -350.386359
3632 3.603316 3.603316 -351.616684 -351.616684
4306 3.537555 3.537555 -351.682445 -351.682445
7151 3.467855 3.467855 -351.752145 -351.752145
7158 3.392540 3.392540 -351.827460 -351.827460
11566 2.970098 2.970098 -352.249902 -352.249902
12302 2.621027 2.621027 -352.598973 -352.598973
70922 0.868899 0.868899 -354.351101 -354.351101
135000 15.030556 0.868899 15.030556 -354.351101
"function evaluation" "current f(x)" "best-so-far f(x)" "current af(x)+b"  "best af(x)+b"
1 138.805936 138.805936 -216.414064 -216.414064
2 136.601491 136.601491 -218.618509 -218.618509
4 130.267924 130.267924 -224.952076 -224.952076
21 121.025034 121.025034 -234.194966 -234.194966
23 117.935426 117.935426 -237.284574 -237.284574
31 40.137616 40.137616 -315.082384 -315.082384
41 36.436484 36.436484 -318.783516 -318.783516
71 32.779518 32.779518 -322.440482 -322.440482
73 32.087868 32.087868 -323.132132 -323.132132
171 22.574893 22.574893 -332.645107 -332.645107
172 18.270459 18.270459 -336.949541 -336.949541
174 18.154918 18.154918 -337.065082 -337.065082
271 11.926621 11.926621 -343.293379 -343.293379
272 9.411221 9.411221 -345.808779 -345.808779
1400 9.046650 9.046650 -346.173350 -346.173350
2339 8.503904 8.503904 -346.716096 -346.716096
2981 8.452634 8.452634 -346.767366 -346.767366
2983 8.415958 8.415958 -346.804042 -346.804042
2986 8.337207 8.337207 -346.882793 -346.882793
2989 8.234034 8.234034 -346.985966 -346.985966
6717 3.772830 3.772830 -351.447170 -351.447170
7236 3.573924 3.573924 -351.646076 -351.646076
27954 2.287660 2.287660 -352.932340 -352.932340
28611 1.773169 1.773169 -353.446831 -353.446831
39706 1.212184 1.212184 -354.007816 -354.007816
40538 1.194468 1.194468 -354.025532 -354.025532
135000 30.274486 1.194468 30.274486 -354.025532
"function evaluation" "current f(x)" "best-so-far f(x)" "current af(x)+b"  "best af(x)+b"
1 136.031236 136.031236 235.201236 235.201236
2 126.295585 126.295585 225.465585 225.465585
4 124.984688 124.984688 224.154688 224.154688
6 124.272714 124.272714 223.442714 223.442714
10 119.998776 119.998776 219.168776 219.168776
11 99.359317 99.359317 198.529317 198.529317
14 97.917852 97.917852 197.087852 197.087852
18 97.752184 97.752184 196.922184 196.922184
19 97.450602 97.450602 196.620602 196.620602
21 69.040999 69.040999 168.210999 168.210999
28 68.754874 68.754874 167.924874 167.924874
31 41.693418 41.693418 140.863418 140.863418
32 38.407424 38.407424 137.577424 137.577424
34 38.040300 38.040300 137.210300 137.210300
51 19.556639 19.556639 118.726639 118.726639
52 18.370574 18.370574 117.540574 117.540574
54 17.513279 17.513279 116.683279 116.683279
271 11.188765 11.188765 110.358765 110.358765
272 10.081985 10.081985 109.251985 109.251985
609 4.706078 4.706078 103.876078 103.876078
5362 4.070347 4.070347 103.240347 103.240347
5873 3.981226 3.981226 103.151226 103.151226
13151 3.965541 3.965541 103.135541 103.135541
13794 3.838534 3.838534 103.008534 103.008534
13798 3.719575 3.719575 102.889575 102.889575
43321 3.561336 3.561336 102.731336 102.731336
61342 2.618516 2.618516 101.788516 101.788516
62151 2.410214 2.410214 101.580214 101.580214
83371 1.073587 1.073587 100.243587 100.243587
84001 1.041984 1.041984 100.211984 100.211984
84003 1.009039 1.009039 100.179039 100.179039
84008 0.922274 0.922274 100.092274 100.092274
135000 22.998785 0.922274 22.998785 100.092274
"function evaluation" "current f(x)" "best-so-far f(x)" "current af(x)+b"  "best af(x)+b"
1 97.322466 97.322466 196.492466 196.492466
2 92.876886 92.876886 192.046886 192.046886
3 91.636286 91.636286 190.806286 190.806286
11 41.697123 41.697123 140.867123 140.867123
41 35.753853 35.753853 134.923853 134.923853
43 34.741545 34.741545 133.911545 133.911545
312 32.209558 32.209558 131.379558 131.379558
316 31.997963 31.997963 131.167963 131.167963
321 29.368356 29.368356 128.538356 128.538356
323 28.399440 28.399440 127.569440 127.569440
326 28.207778 28.207778 127.377778 127.377778
330 27.700051 27.700051 126.870051 126.870051
354 27.299128 27.299128 126.469128 126.469128
355 26.282506 26.282506 125.452506 125.452506
359 25.586271 25.586271 124.756271 124.756271
400 23.980669 23.980669 123.150669 123.150669
572 22.921989 22.921989 122.091989 122.091989
579 19.248348 19.248348 118.418348 118.418348
731 18.890953 18.890953 118.060953 118.060953
783 13.985798 13.985798 113.155798 113.155798
1252 9.158358 9.158358 108.328358 108.328358
1256 7.080608 7.080608 106.250608 106.250608
1273 5.416734 5.416734 104.586734 104.586734
1801 5.379547 5.379547 104.549547 104.549547
1802 5.316771 5.316771 104.486771 104.486771
1807 5.058762 5.058762 104.228762 104.228762
7484 3.804179 3.804179 102.974179 102.974179
8232 3.424277 3.424277 102.594277 102.594277
32492 3.392067 3.392067 102.562067 102.562067
65354 2.716391 2.716391 101.886391 101.886391
66182 2.623403 2.623403 101.793403 101.793403
66183 2.589431 2.589431 101.759431 101.759431
66186 2.517345 2.517345 101.687345 101.687345
66187 2.457386 2.457386 101.627386 101.627386
66190 2.210935 2.210935 101.380935 101.380935
135000 30.997300 2.210935 30.997300 101.380935
"function evaluation" "current f(x)" "best-so-far f(x)" "current af(x)+b"  "best af(x)+b"
1 133.947851 133.947851 233.117851 233.117851
5 132.462164 132.462164 231.632164 231.632164
11 68.822921 68.822921 167.992921 167.992921
31 33.983712 33.983712 133.153712 133.153712
32 31.359948 31.359948 130.529948 130.529948
261 15.195633 15.195633 114.365633 114.365633
667 13.279359 13.279359 112.449359 112.449359
1442 13.195040 13.195040 112.365040 112.365040
1450 12.753615 12.753615 111.923615 111.923615
1857 9.001533 9.001533 108.171533 108.171533
2701 8.164806 8.164806 107.334806 107.334806
2703 7.796197 7.796197 106.966197 106.966197
3750 7.402418 7.402418 106.572418 106.572418
4374 6.898436 6.898436 106.068436 106.068436
4376 6.846108 6.846108 106.016108 106.016108
7956 6.295387 6.295387 105.465387 105.465387
8516 5.675015 5.675015 104.845015 104.845015
9474 5.639707 5.639707 104.809707 104.809707
10500 3.965095 3.965095 103.135095 103.135095
11121 3.859120 3.859120 103.029120 103.029120
13999 3.656357 3.656357 102.826357 102.826357
15442 3.110126 3.110126 102.280126 102.280126
16253 2.723959 2.723959 101.893959 101.893959
16260 2.672141 2.672141 101.842141 101.842141
35089 1.904903 1.904903 101.074903 101.074903
35591 1.812604 1.812604 100.982604 100.982604
35599 1.771735 1.771735 100.941735 100.941735
135000 51.482702 1.771735 51.482702 100.941735
"function evaluation" "current f(x)" "best-so-far f(x)" "current af(x)+b"  "best af(x)+b"
1 82.394289 82.394289 -435.515711 -435.515711
3 81.025240 81.025240 -436.884760 -436.884760
21 34.121057 34.121057 -483.788943 -483.788943
281 29.723331 29.723331 -488.186669 -488.186669
282 28.113470 28.113470 -489.796530 -489.796530
283 27.932650 27.932650 -489.977350 -489.977350
381 26.751527 26.751527 -491.158473 -491.158473
382 25.337324 25.337324 -492.572676 -492.572676
530 11.598206 11.598206 -506.311794 -506.311794
641 6.528116 6.528116 -511.381884 -511.381884
1431 5.860311 5.860311 -512.049689 -512.049689
2645 5.754613 5.754613 -512.155387 -512.155387
3161 5.515696 5.515696 -512.394304 -512.394304
3164 5.468577 5.468577 -512.441423 -512.441423
3167 5.446814 5.446814 -512.463186 -512.463186
7423 3.851071 3.851071 -514.058929 -514.058929
8201 3.817565 3.817565 -514.092435 -514.092435
8203 3.543662 3.543662 -514.366338 -514.366338
35302 3.247513 3.247513 -514.662487 -514.662487
35309 3.101116 3.101116 -514.808884 -514.808884
47123 0.354052 0.354052 -517.555948 -517.555948
47674 0.302317 0.302317 -517.607683 -517.607683
47676 0.275608 0.275608 -517.634392 -517.634392
135000 49.912976 0.275608 49.912976 -517.634392
"function evaluation" "current f(x)" "best-so-far f(x)" "current af(x)+b"  "best af(x)+b"
1 101.997447 101.997447 -415.912553 -415.912553
4 99.465381 99.465381 -418.444619 -418.444619
11 31.779065 31.779065 -486.130935 -486.130935
12 31.253122 31.253122 -486.656878 -486.656878
13 29.996245 29.996245 -487.913755 -487.913755
31 13.241386 13.241386 -504.668614 -504.668614
34 12.344694 12.344694 -505.565306 -505.565306
36 12.093723 12.093723 -505.816277 -505.816277
38 11.620233 11.620233 -506.289767 -506.289767
521 4.411636 4.411636 -513.498364 -513.498364
1290 4.006040 4.006040 -513.903960 -513.903960
1812 3.512587 3.512587 -514.397413 -514.397413
1819 3.202367 3.202367 -514.707633 -514.707633
30703 2.275477 2.275477 -515.634523 -515.634523
31341 1.934638 1.934638 -515.975362 -515.975362
135000 19.151327 1.934638 19.151327 -515.975362
"function evaluation" "current f(x)" "best-so-far f(x)" "current af(x)+b"  "best af(x)+b"
1 85.923968 85.923968 -431.986032 -431.986032
11 66.734746 66.734746 -451.175254 -451.175254
20 66.606799 66.606799 -451.303201 -451.303201
31 40.503764 40.503764 -477.406236 -477.406236
32 38.845532 38.845532 -479.064468 -479.064468
33 36.093088 36.093088 -481.816912 -481.816912
121 20.026069 20.026069 -497.883931 -497.883931
122 19.564530 19.564530 -498.345470 -498.345470
123 19.457898 19.457898 -498.452102 -498.452102
124 19.289012 19.289012 -498.620988 -498.620988
710 15.479393 15.479393 -502.430607 -502.430607
783 14.610241 14.610241 -503.299759 -503.299759
989 11.453878 11.453878 -506.456122 -506.456122
1134 9.785290 9.785290 -508.124710 -508.124710
1143 8.457899 8.457899 -509.452101 -509.452101
1261 8.108132 8.108132 -509.801868 -509.801868
1721 7.985572 7.985572 -509.924428 -509.924428
1730 7.680016 7.680016 -510.229984 -510.229984
1792 7.586862 7.586862 -510.323138 -510.323138
2627 6.608115 6.608115 -511.301885 -511.301885
3151 6.445438 6.445438 -511.464562 -511.464562
3362 1.878057 1.878057 -516.031943 -516.031943
4144 1.722151 1.722151 -516.187849 -516.187849
4146 1.703351 1.703351 -516.206649 -516.206649
100391 1.512289 1.512289 -516.397711 -516.397711
135000 14.890551 1.512289 14.890551 -516.397711
"function evaluation" "current f(x)" "best-so-far f(x)" "current af(x)+b"  "best af(x)+b"
1 80.293955 80.293955 23.083955 23.083955
5 79.568258 79.568258 22.358258 22.358258
10 78.525019 78.525019 21.315019 21.315019
51 62.762255 62.762255 5.552255 5.552255
53 62.346728 62.346728 5.136728 5.136728
55 60.821274 60.821274 3.611274 3.611274
60 60.773625 60.773625 3.563625 3.563625
91 37.660567 37.660567 -19.549433 -19.549433
361 30.885227 30.885227 -26.324773 -26.324773
367 30.087205 30.087205 -27.122795 -27.122795
540 26.968155 26.968155 -30.241845 -30.241845
542 20.213045 20.213045 -36.996955 -36.996955
809 17.279515 17.279515 -39.930485 -39.930485
811 15.797482 15.797482 -41.412518 -41.412518
1531 14.949060 14.949060 -42.260940 -42.260940
1820 14.775220 14.775220 -42.434780 -42.434780
1942 12.787251 12.787251 -44.422749 -44.422749
1990 4.990614 4.990614 -52.219386 -52.219386
2781 4.907469 4.907469 -52.302531 -52.302531
2782 4.472769 4.472769 -52.737231 -52.737231
2783 4.133854 4.133854 -53.076146 -53.076146
23663 1.002792 1.002792 -56.207208 -56.207208
24430 0.931238 0.931238 -56.278762 -56.278762
135000 38.806027 0.931238 38.806027 -56.278762
"function evaluation" "current f(x)" "best-so-far f(x)" "current af(x)+b"  "best af(x)+b"
1 86.948811 86.948811 29.738811 29.738811
11 57.731779 57.731779 0.521779 0.521779
17 57.392289 57.392289 0.182289 0.182289
121 19.676220 19.676220 -37.533780 -37.533780
124 19.143533 19.143533 -38.066467 -38.066467
125 17.972077 17.972077 -39.237923 -39.237923
1181 13.971997 13.971997 -43.238003 -43.238003
1185 10.280527 10.280527 -46.929473 -46.929473
1752 10.049438 10.049438 -47.160562 -47.160562
1753 9.408943 9.408943 -47.801057 -47.801057
3226 9.064089 9.064089 -48.145911 -48.145911
4062 8.846671 8.846671 -48.363329 -48.363329
4063 8.461240 8.461240 -48.748760 -48.748760
4066 8.287434 8.287434 -48.922566 -48.922566
5186 7.845319 7.845319 -49.364681 -49.364681
5777 7.485036 7.485036 -49.724964 -49.724964
6141 7.313477 7.313477 -49.896523 -49.896523
6540 6.958318 6.958318 -50.251682 -50.251682
7122 6.345848 6.345848 -50.864152 -50.864152
7123 5.693823 5.693823 -51.516177 -51.516177
9935 5.691882 5.691882 -51.518118 -51.518118
9940 5.615771 5.615771 -51.594229 -51.594229
17131 4.864767 4.864767 -52.345233 -52.345233
17802 4.656961 4.656961 -52.553039 -52.553039
17803 4.384697 4.384697 -52.825303 -52.825303
27865 3.287614 3.287614 -53.922386 -53.922386
28561 3.283539 3.283539 -53.926461 -53.926461
28562 3.248926 3.248926 -53.961074 -53.961074
28563 2.790213 2.790213 -54.419787 -54.419787
135000 35.598501 2.790213 35.598501 -54.419787
"function evaluation" "current f(x)" "best-so-far f(x)" "current af(x)+b"  "best af(x)+b"
1 71.417294 71.417294 14.207294 14.207294
4 69.948524 69.948524 12.738524 12.738524
21 34.091267 34.091267 -23.118733 -23.118733
22 33.684141 33.684141 -23.525859 -23.525859
24 32.552627 32.552627 -24.657373 -24.657373
25 32.256273 32.256273 -24.953727 -24.953727
201 29.439479 29.439479 -27.770521 -27.770521
586 24.756794 24.756794 -32.453206 -32.453206
589 15.581897 15.581897 -41.628103 -41.628103
773 11.233730 11.233730 -45.976270 -45.976270
783 10.414119 10.414119 -46.795881 -46.795881
1511 10.118103 10.118103 -47.091897 -47.091897
1514 9.742567 9.742567 -47.467433 -47.467433
2355 8.867567 8.867567 -48.342433 -48.342433
2538 5.508677 5.508677 -51.701323 -51.701323
3102 5.123363 5.123363 -52.086637 -52.086637
3106 4.950885 4.950885 -52.259115 -52.259115
11711 3.621486 3.621486 -53.588514 -53.588514
12391 3.607600 3.607600 -53.602400 -53.602400
12392 3.474122 3.474122 -53.735878 -53.735878
12393 3.419779 3.419779 -53.790221 -53.790221
12397 3.331679 3.331679 -53.878321 -53.878321
90446 2.850292 2.850292 -54.359708 -54.359708
90941 2.626954 2.626954 -54.583046 -54.583046
90947 2.603194 2.603194 -54.606806 -54.606806
92763 2.285822 2.285822 -54.924178 -54.924178
93427 1.860186 1.860186 -55.349814 -55.349814
135000 45.326548 1.860186 45.326548 -55.349814
