"function evaluation" "current f(x)" "best-so-far f(x)" "current af(x)+b"  "best af(x)+b"
1 84.150119 84.150119 -915.849881 -915.849881
2 84.145204 84.145204 -915.854796 -915.854796
3 84.141436 84.141436 -915.858564 -915.858564
9 84.137147 84.137147 -915.862853 -915.862853
11 83.733615 83.733615 -916.266385 -916.266385
14 83.720997 83.720997 -916.279003 -916.279003
31 83.254113 83.254113 -916.745887 -916.745887
32 83.226817 83.226817 -916.773183 -916.773183
34 83.217041 83.217041 -916.782959 -916.782959
51 75.793578 75.793578 -924.206422 -924.206422
52 75.775903 75.775903 -924.224097 -924.224097
54 75.757551 75.757551 -924.242449 -924.242449
57 75.757093 75.757093 -924.242907 -924.242907
61 67.895195 67.895195 -932.104805 -932.104805
62 67.835315 67.835315 -932.164685 -932.164685
191 67.767893 67.767893 -932.232107 -932.232107
261 54.844300 54.844300 -945.155700 -945.155700
262 54.779203 54.779203 -945.220797 -945.220797
263 54.702201 54.702201 -945.297799 -945.297799
603 52.617184 52.617184 -947.382816 -947.382816
605 50.888634 50.888634 -949.111366 -949.111366
826 35.503950 35.503950 -964.496050 -964.496050
947 33.859212 33.859212 -966.140788 -966.140788
948 28.571828 28.571828 -971.428172 -971.428172
1159 25.640076 25.640076 -974.359924 -974.359924
1266 17.963544 17.963544 -982.036456 -982.036456
1802 17.870801 17.870801 -982.129199 -982.129199
1803 17.717719 17.717719 -982.282281 -982.282281
2106 15.484173 15.484173 -984.515827 -984.515827
2250 14.415897 14.415897 -985.584103 -985.584103
2321 12.246715 12.246715 -987.753285 -987.753285
2323 9.654461 9.654461 -990.345539 -990.345539
2348 0.525303 0.525303 -999.474697 -999.474697
2352 0.499654 0.499654 -999.500346 -999.500346
2991 0.498528 0.498528 -999.501472 -999.501472
2994 0.498330 0.498330 -999.501670 -999.501670
2997 0.497522 0.497522 -999.502478 -999.502478
3000 0.496746 0.496746 -999.503254 -999.503254
9104 0.459624 0.459624 -999.540376 -999.540376
9742 0.457468 0.457468 -999.542532 -999.542532
10452 0.452812 0.452812 -999.547188 -999.547188
11091 0.448307 0.448307 -999.551693 -999.551693
11094 0.447890 0.447890 -999.552110 -999.552110
11097 0.445452 0.445452 -999.554548 -999.554548
11100 0.443201 0.443201 -999.556799 -999.556799
85920 0.241778 0.241778 -999.758222 -999.758222
86612 0.236353 0.236353 -999.763647 -999.763647
86613 0.228525 0.228525 -999.771475 -999.771475
86619 0.228341 0.228341 -999.771659 -999.771659
135000 1.954999 0.228341 1.954999 -999.771659
"function evaluation" "current f(x)" "best-so-far f(x)" "current af(x)+b"  "best af(x)+b"
1 86.014763 86.014763 -913.985237 -913.985237
2 86.013710 86.013710 -913.986290 -913.986290
4 86.013074 86.013074 -913.986926 -913.986926
6 86.012418 86.012418 -913.987582 -913.987582
10 86.011595 86.011595 -913.988405 -913.988405
11 73.235050 73.235050 -926.764950 -926.764950
14 73.227105 73.227105 -926.772895 -926.772895
17 73.225832 73.225832 -926.774168 -926.774168
41 67.481385 67.481385 -932.518615 -932.518615
42 67.298422 67.298422 -932.701578 -932.701578
111 61.934122 61.934122 -938.065878 -938.065878
131 31.531674 31.531674 -968.468326 -968.468326
134 31.424984 31.424984 -968.575016 -968.575016
136 31.405775 31.405775 -968.594225 -968.594225
137 31.335167 31.335167 -968.664833 -968.664833
140 31.203982 31.203982 -968.796018 -968.796018
688 30.312869 30.312869 -969.687131 -969.687131
692 24.987107 24.987107 -975.012893 -975.012893
726 13.564313 13.564313 -986.435687 -986.435687
826 10.326025 10.326025 -989.673975 -989.673975
827 9.253404 9.253404 -990.746596 -990.746596
1344 7.655641 7.655641 -992.344359 -992.344359
1841 7.615989 7.615989 -992.384011 -992.384011
1844 7.591066 7.591066 -992.408934 -992.408934
3631 2.627640 2.627640 -997.372360 -997.372360
3977 2.566186 2.566186 -997.433814 -997.433814
4501 2.557037 2.557037 -997.442963 -997.442963
4504 2.551055 2.551055 -997.448945 -997.448945
4978 1.998479 1.998479 -998.001521 -998.001521
5651 1.998041 1.998041 -998.001959 -998.001959
5653 1.997547 1.997547 -998.002453 -998.002453
6326 1.977038 1.977038 -998.022962 -998.022962
6328 1.973802 1.973802 -998.026198 -998.026198
6330 1.970835 1.970835 -998.029165 -998.029165
6332 1.970264 1.970264 -998.029736 -998.029736
6335 1.967210 1.967210 -998.032790 -998.032790
7001 1.967128 1.967128 -998.032872 -998.032872
7004 1.967090 1.967090 -998.032910 -998.032910
7005 1.966827 1.966827 -998.033173 -998.033173
7008 1.966493 1.966493 -998.033507 -998.033507
7676 1.962995 1.962995 -998.037005 -998.037005
7684 1.962779 1.962779 -998.037221 -998.037221
7686 1.961383 1.961383 -998.038617 -998.038617
8354 1.961250 1.961250 -998.038750 -998.038750
8358 1.960813 1.960813 -998.039187 -998.039187
9026 1.958876 1.958876 -998.041124 -998.041124
9028 1.958260 1.958260 -998.041740 -998.041740
9029 1.957655 1.957655 -998.042345 -998.042345
9031 1.956119 1.956119 -998.043881 -998.043881
9702 1.956087 1.956087 -998.043913 -998.043913
9704 1.955892 1.955892 -998.044108 -998.044108
10376 1.955809 1.955809 -998.044191 -998.044191
10381 1.955760 1.955760 -998.044240 -998.044240
10716 1.955641 1.955641 -998.044359 -998.044359
11054 1.955542 1.955542 -998.044458 -998.044458
11260 1.955460 1.955460 -998.044540 -998.044540
11726 1.955301 1.955301 -998.044699 -998.044699
11733 1.955271 1.955271 -998.044729 -998.044729
11738 1.955212 1.955212 -998.044788 -998.044788
12068 1.955115 1.955115 -998.044885 -998.044885
12076 1.955108 1.955108 -998.044892 -998.044892
12602 1.955047 1.955047 -998.044953 -998.044953
13754 1.955038 1.955038 -998.044962 -998.044962
13952 1.955015 1.955015 -998.044985 -998.044985
14562 1.927143 1.927143 -998.072857 -998.072857
14564 1.901623 1.901623 -998.098377 -998.098377
14566 1.293589 1.293589 -998.706411 -998.706411
15182 1.292430 1.292430 -998.707570 -998.707570
15183 1.278921 1.278921 -998.721079 -998.721079
19969 1.227837 1.227837 -998.772163 -998.772163
20581 1.221589 1.221589 -998.778411 -998.778411
20585 1.221507 1.221507 -998.778493 -998.778493
21314 0.957366 0.957366 -999.042634 -999.042634
21324 0.829502 0.829502 -999.170498 -999.170498
21931 0.825086 0.825086 -999.174914 -999.174914
26718 0.815394 0.815394 -999.184606 -999.184606
27331 0.812673 0.812673 -999.187327 -999.187327
27339 0.810368 0.810368 -999.189632 -999.189632
29416 0.755736 0.755736 -999.244264 -999.244264
30032 0.754698 0.754698 -999.245302 -999.245302
30035 0.752196 0.752196 -999.247804 -999.247804
36168 0.738406 0.738406 -999.261594 -999.261594
36169 0.726344 0.726344 -999.273656 -999.273656
36781 0.726104 0.726104 -999.273896 -999.273896
36785 0.724265 0.724265 -999.275735 -999.275735
38862 0.711906 0.711906 -999.288094 -999.288094
39483 0.711184 0.711184 -999.288816 -999.288816
39485 0.710816 0.710816 -999.289184 -999.289184
40833 0.710272 0.710272 -999.289728 -999.289728
41562 0.703708 0.703708 -999.296292 -999.296292
41566 0.702810 0.702810 -999.297190 -999.297190
41567 0.695502 0.695502 -999.304498 -999.304498
42181 0.695042 0.695042 -999.304958 -999.304958
42915 0.694693 0.694693 -999.305307 -999.305307
43531 0.694278 0.694278 -999.305722 -999.305722
44881 0.693928 0.693928 -999.306072 -999.306072
50283 0.693288 0.693288 -999.306712 -999.306712
51016 0.692719 0.692719 -999.307281 -999.307281
51017 0.692692 0.692692 -999.307308 -999.307308
51018 0.692484 0.692484 -999.307516 -999.307516
51631 0.692320 0.692320 -999.307680 -999.307680
57765 0.692221 0.692221 -999.307779 -999.307779
58381 0.692204 0.692204 -999.307796 -999.307796
58383 0.692155 0.692155 -999.307845 -999.307845
63781 0.692121 0.692121 -999.307879 -999.307879
63785 0.692048 0.692048 -999.307952 -999.307952
70894 0.578794 0.578794 -999.421206 -999.421206
71662 0.564106 0.564106 -999.435894 -999.435894
71663 0.561282 0.561282 -999.438718 -999.438718
71668 0.558390 0.558390 -999.441610 -999.441610
71669 0.546890 0.546890 -999.453110 -999.453110
108694 0.514269 0.514269 -999.485731 -999.485731
109461 0.509334 0.509334 -999.490666 -999.490666
109467 0.509197 0.509197 -999.490803 -999.490803
109470 0.504862 0.504862 -999.495138 -999.495138
123730 0.499237 0.499237 -999.500763 -999.500763
124421 0.495619 0.495619 -999.504381 -999.504381
124424 0.494636 0.494636 -999.505364 -999.505364
124430 0.492469 0.492469 -999.507531 -999.507531
127778 0.033106 0.033106 -999.966894 -999.966894
128472 0.031951 0.031951 -999.968049 -999.968049
128478 0.031875 0.031875 -999.968125 -999.968125
128479 0.030189 0.030189 -999.969811 -999.969811
132524 0.029787 0.029787 -999.970213 -999.970213
133183 0.027179 0.027179 -999.972821 -999.972821
133872 0.026717 0.026717 -999.973283 -999.973283
133875 0.026500 0.026500 -999.973500 -999.973500
133879 0.025344 0.025344 -999.974656 -999.974656
135000 75.707370 0.025344 75.707370 -999.974656
"function evaluation" "current f(x)" "best-so-far f(x)" "current af(x)+b"  "best af(x)+b"
1 75.054182 75.054182 -924.945818 -924.945818
2 75.050767 75.050767 -924.949233 -924.949233
4 75.025940 75.025940 -924.974060 -924.974060
21 74.797028 74.797028 -925.202972 -925.202972
81 69.922483 69.922483 -930.077517 -930.077517
82 69.922368 69.922368 -930.077632 -930.077632
84 69.895051 69.895051 -930.104949 -930.104949
85 69.890874 69.890874 -930.109126 -930.109126
101 66.079660 66.079660 -933.920340 -933.920340
104 66.068709 66.068709 -933.931291 -933.931291
151 63.731800 63.731800 -936.268200 -936.268200
152 63.621561 63.621561 -936.378439 -936.378439
153 63.614478 63.614478 -936.385522 -936.385522
158 63.610930 63.610930 -936.389070 -936.389070
159 63.555378 63.555378 -936.444622 -936.444622
311 27.090550 27.090550 -972.909450 -972.909450
312 27.076908 27.076908 -972.923092 -972.923092
315 27.038643 27.038643 -972.961357 -972.961357
317 27.036826 27.036826 -972.963174 -972.963174
741 22.584579 22.584579 -977.415421 -977.415421
897 21.858060 21.858060 -978.141940 -978.141940
1031 20.657517 20.657517 -979.342483 -979.342483
1661 20.650127 20.650127 -979.349873 -979.349873
1665 20.627949 20.627949 -979.372051 -979.372051
1943 18.119803 18.119803 -981.880197 -981.880197
2009 9.099761 9.099761 -990.900239 -990.900239
2792 9.006824 9.006824 -990.993176 -990.993176
3684 7.232726 7.232726 -992.767274 -992.767274
4331 7.184961 7.184961 -992.815039 -992.815039
4334 7.178859 7.178859 -992.821141 -992.821141
4335 7.171276 7.171276 -992.828724 -992.828724
4811 4.270340 4.270340 -995.729660 -995.729660
4817 3.250012 3.250012 -996.749988 -996.749988
5552 3.239331 3.239331 -996.760669 -996.760669
5553 3.229009 3.229009 -996.770991 -996.770991
6746 3.058498 3.058498 -996.941502 -996.941502
7242 3.056903 3.056903 -996.943097 -996.943097
7243 3.054492 3.054492 -996.945508 -996.945508
7245 3.037320 3.037320 -996.962680 -996.962680
8092 2.187290 2.187290 -997.812710 -997.812710
8592 2.185601 2.185601 -997.814399 -997.814399
8594 2.179941 2.179941 -997.820059 -997.820059
9437 2.110720 2.110720 -997.889280 -997.889280
9438 2.050962 2.050962 -997.949038 -997.949038
9941 2.049492 2.049492 -997.950508 -997.950508
9946 2.049472 2.049472 -997.950528 -997.950528
10784 1.988444 1.988444 -998.011556 -998.011556
10786 1.974547 1.974547 -998.025453 -998.025453
11291 1.974210 1.974210 -998.025790 -998.025790
11293 1.974054 1.974054 -998.025946 -998.025946
11298 1.973861 1.973861 -998.026139 -998.026139
12134 1.967867 1.967867 -998.032133 -998.032133
12137 1.964819 1.964819 -998.035181 -998.035181
12142 1.963092 1.963092 -998.036908 -998.036908
12642 1.962943 1.962943 -998.037057 -998.037057
12643 1.962727 1.962727 -998.037273 -998.037273
12648 1.962498 1.962498 -998.037502 -998.037502
13484 1.957211 1.957211 -998.042789 -998.042789
13486 1.956902 1.956902 -998.043098 -998.043098
13487 1.956641 1.956641 -998.043359 -998.043359
13490 1.956429 1.956429 -998.043571 -998.043571
13491 1.955677 1.955677 -998.044323 -998.044323
13497 1.955562 1.955562 -998.044438 -998.044438
13992 1.955502 1.955502 -998.044498 -998.044498
13995 1.955441 1.955441 -998.044559 -998.044559
14836 1.955416 1.955416 -998.044584 -998.044584
14837 1.955335 1.955335 -998.044665 -998.044665
15342 1.955309 1.955309 -998.044691 -998.044691
15345 1.955214 1.955214 -998.044786 -998.044786
16695 1.955213 1.955213 -998.044787 -998.044787
17534 1.955049 1.955049 -998.044951 -998.044951
18042 1.955014 1.955014 -998.044986 -998.044986
18887 1.955013 1.955013 -998.044987 -998.044987
18891 1.955006 1.955006 -998.044994 -998.044994
18895 1.955005 1.955005 -998.044995 -998.044995
20234 1.955002 1.955002 -998.044998 -998.044998
20238 1.955001 1.955001 -998.044999 -998.044999
20240 1.955000 1.955000 -998.045000 -998.045000
20241 1.955000 1.955000 -998.045000 -998.045000
20753 1.673033 1.673033 -998.326967 -998.326967
21602 1.664432 1.664432 -998.335568 -998.335568
21605 1.664105 1.664105 -998.335895 -998.335895
23460 0.913971 0.913971 -999.086029 -999.086029
24302 0.909294 0.909294 -999.090706 -999.090706
24310 0.906769 0.906769 -999.093231 -999.093231
32903 0.858926 0.858926 -999.141074 -999.141074
32908 0.834956 0.834956 -999.165044 -999.165044
32913 0.798368 0.798368 -999.201632 -999.201632
33752 0.797557 0.797557 -999.202443 -999.202443
33754 0.796496 0.796496 -999.203504 -999.203504
33757 0.796254 0.796254 -999.203746 -999.203746
33760 0.794940 0.794940 -999.205060 -999.205060
36951 0.763120 0.763120 -999.236880 -999.236880
37802 0.761028 0.761028 -999.238972 -999.238972
37803 0.758694 0.758694 -999.241306 -999.241306
38301 0.714575 0.714575 -999.285425 -999.285425
38303 0.713752 0.713752 -999.286248 -999.286248
38309 0.712045 0.712045 -999.287955 -999.287955
39152 0.711161 0.711161 -999.288839 -999.288839
39153 0.709872 0.709872 -999.290128 -999.290128
45056 0.708389 0.708389 -999.291611 -999.291611
45902 0.707512 0.707512 -999.292488 -999.292488
45905 0.706866 0.706866 -999.293134 -999.293134
45909 0.706700 0.706700 -999.293300 -999.293300
51301 0.706406 0.706406 -999.293594 -999.293594
52652 0.706014 0.706014 -999.293986 -999.293986
52653 0.705421 0.705421 -999.294579 -999.294579
54003 0.705367 0.705367 -999.294633 -999.294633
68211 0.700376 0.700376 -999.299624 -999.299624
68972 0.699845 0.699845 -999.300155 -999.300155
68973 0.698815 0.698815 -999.301185 -999.301185
70705 0.697782 0.697782 -999.302218 -999.302218
70909 0.696901 0.696901 -999.303099 -999.303099
71555 0.696701 0.696701 -999.303299 -999.303299
71673 0.696391 0.696391 -999.303609 -999.303609
73615 0.695164 0.695164 -999.304836 -999.304836
74371 0.694643 0.694643 -999.305357 -999.305357
74374 0.694351 0.694351 -999.305649 -999.305649
77460 0.692813 0.692813 -999.307187 -999.307187
78302 0.692811 0.692811 -999.307189 -999.307189
78303 0.692791 0.692791 -999.307209 -999.307209
78305 0.692775 0.692775 -999.307225 -999.307225
78307 0.692610 0.692610 -999.307390 -999.307390
80155 0.692439 0.692439 -999.307561 -999.307561
80157 0.692091 0.692091 -999.307909 -999.307909
81004 0.692039 0.692039 -999.307961 -999.307961
81010 0.692015 0.692015 -999.307985 -999.307985
83702 0.691923 0.691923 -999.308077 -999.308077
90955 0.691913 0.691913 -999.308087 -999.308087
91802 0.691875 0.691875 -999.308125 -999.308125
101758 0.691869 0.691869 -999.308131 -999.308131
103105 0.691860 0.691860 -999.308140 -999.308140
105811 0.691859 0.691859 -999.308141 -999.308141
109857 0.691859 0.691859 -999.308141 -999.308141
115263 0.691858 0.691858 -999.308142 -999.308142
116604 0.691858 0.691858 -999.308142 -999.308142
122011 0.691858 0.691858 -999.308142 -999.308142
122013 0.691858 0.691858 -999.308142 -999.308142
126058 0.691857 0.691857 -999.308143 -999.308143
127407 0.691857 0.691857 -999.308143 -999.308143
132804 0.691857 0.691857 -999.308143 -999.308143
135000 1.954999 0.691857 1.954999 -999.308143
"function evaluation" "current f(x)" "best-so-far f(x)" "current af(x)+b"  "best af(x)+b"
1 85.753873 85.753873 1085.753873 1085.753873
7 85.753763 85.753763 1085.753763 1085.753763
11 74.847034 74.847034 1074.847034 1074.847034
12 74.813526 74.813526 1074.813526 1074.813526
16 74.805955 74.805955 1074.805955 1074.805955
41 69.883139 69.883139 1069.883139 1069.883139
42 69.872707 69.872707 1069.872707 1069.872707
45 69.827975 69.827975 1069.827975 1069.827975
51 25.144268 25.144268 1025.144268 1025.144268
586 22.787185 22.787185 1022.787185 1022.787185
588 18.872792 18.872792 1018.872792 1018.872792
591 13.660650 13.660650 1013.660650 1013.660650
807 11.500582 11.500582 1011.500582 1011.500582
809 2.233101 2.233101 1002.233101 1002.233101
1532 2.232310 2.232310 1002.232310 1002.232310
1533 2.229197 2.229197 1002.229197 1002.229197
1535 2.225860 2.225860 1002.225860 1002.225860
1540 2.215117 2.215117 1002.215117 1002.215117
2157 1.692935 1.692935 1001.692935 1001.692935
2159 1.337117 1.337117 1001.337117 1001.337117
2169 1.263725 1.263725 1001.263725 1001.263725
2882 1.258033 1.258033 1001.258033 1001.258033
2888 1.256950 1.256950 1001.256950 1001.256950
3507 0.938087 0.938087 1000.938087 1000.938087
4232 0.933740 0.933740 1000.933740 1000.933740
4239 0.928879 0.928879 1000.928879 1000.928879
10266 0.840981 0.840981 1000.840981 1000.840981
10982 0.835745 0.835745 1000.835745 1000.835745
10988 0.833820 0.833820 1000.833820 1000.833820
62914 0.812606 0.812606 1000.812606 1000.812606
63631 0.811135 0.811135 1000.811135 1000.811135
63633 0.808303 0.808303 1000.808303 1000.808303
63635 0.805965 0.805965 1000.805965 1000.805965
66964 0.750827 0.750827 1000.750827 1000.750827
67682 0.747003 0.747003 1000.747003 1000.747003
68309 0.717991 0.717991 1000.717991 1000.717991
68313 0.696898 0.696898 1000.696898 1000.696898
69032 0.696154 0.696154 1000.696154 1000.696154
77764 0.695219 0.695219 1000.695219 1000.695219
78481 0.694876 0.694876 1000.694876 1000.694876
78483 0.694726 0.694726 1000.694726 1000.694726
78485 0.694356 0.694356 1000.694356 1000.694356
93339 0.694348 0.694348 1000.694348 1000.694348
135000 56.794586 0.694348 56.794586 1000.694348
"function evaluation" "current f(x)" "best-so-far f(x)" "current af(x)+b"  "best af(x)+b"
1 29.473523 29.473523 1029.473523 1029.473523
501 16.965958 16.965958 1016.965958 1016.965958
503 13.506818 13.506818 1013.506818 1013.506818
507 11.407174 11.407174 1011.407174 1011.407174
1351 11.353388 11.353388 1011.353388 1011.353388
1957 5.683990 5.683990 1005.683990 1005.683990
2414 2.424886 2.424886 1002.424886 1002.424886
3031 2.422126 2.422126 1002.422126 1002.422126
3034 2.418428 2.418428 1002.418428 1002.418428
3038 2.416245 2.416245 1002.416245 1002.416245
3039 2.415789 2.415789 1002.415789 1002.415789
4944 2.158340 2.158340 1002.158340 1002.158340
4946 1.989821 1.989821 1001.989821 1001.989821
4951 1.981419 1.981419 1001.981419 1001.981419
5631 1.981348 1.981348 1001.981348 1001.981348
5636 1.980911 1.980911 1001.980911 1001.980911
5637 1.980665 1.980665 1001.980665 1001.980665
6292 1.974304 1.974304 1001.974304 1001.974304
6297 1.973953 1.973953 1001.973953 1001.973953
6300 1.971165 1.971165 1001.971165 1001.971165
6301 1.969334 1.969334 1001.969334 1001.969334
6981 1.969313 1.969313 1001.969313 1001.969313
6983 1.968828 1.968828 1001.968828 1001.968828
6990 1.968572 1.968572 1001.968572 1001.968572
7642 1.966595 1.966595 1001.966595 1001.966595
7644 1.960683 1.960683 1001.960683 1001.960683
7647 1.959687 1.959687 1001.959687 1001.959687
7655 1.959606 1.959606 1001.959606 1001.959606
8331 1.959475 1.959475 1001.959475 1001.959475
8333 1.959047 1.959047 1001.959047 1001.959047
8731 1.394946 1.394946 1001.394946 1001.394946
9522 1.386182 1.386182 1001.386182 1001.386182
9524 1.380271 1.380271 1001.380271 1001.380271
9529 1.378889 1.378889 1001.378889 1001.378889
41800 1.268364 1.268364 1001.268364 1001.268364
41802 1.047585 1.047585 1001.047585 1001.047585
41804 0.927259 0.927259 1000.927259 1000.927259
42321 0.920859 0.920859 1000.920859 1000.920859
42323 0.919938 0.919938 1000.919938 1000.919938
64750 0.908250 0.908250 1000.908250 1000.908250
65272 0.904833 0.904833 1000.904833 1000.904833
65274 0.904442 0.904442 1000.904442 1000.904442
65276 0.896410 0.896410 1000.896410 1000.896410
84261 0.853913 0.853913 1000.853913 1000.853913
85081 0.852985 0.852985 1000.852985 1000.852985
85083 0.851839 0.851839 1000.851839 1000.851839
85086 0.849750 0.849750 1000.849750 1000.849750
89659 0.826676 0.826676 1000.826676 1000.826676
90481 0.825693 0.825693 1000.825693 1000.825693
90483 0.822670 0.822670 1000.822670 1000.822670
91002 0.814691 0.814691 1000.814691 1000.814691
91013 0.781444 0.781444 1000.781444 1000.781444
91832 0.778343 0.778343 1000.778343 1000.778343
91836 0.776968 0.776968 1000.776968 1000.776968
95060 0.773160 0.773160 1000.773160 1000.773160
95881 0.771097 0.771097 1000.771097 1000.771097
95883 0.768867 0.768867 1000.768867 1000.768867
96409 0.749841 0.749841 1000.749841 1000.749841
97232 0.749548 0.749548 1000.749548 1000.749548
97233 0.747857 0.747857 1000.747857 1000.747857
97759 0.743344 0.743344 1000.743344 1000.743344
98581 0.743015 0.743015 1000.743015 1000.743015
98583 0.741106 0.741106 1000.741106 1000.741106
99102 0.726741 0.726741 1000.726741 1000.726741
99931 0.725875 0.725875 1000.725875 1000.725875
99933 0.724254 0.724254 1000.724254 1000.724254
101812 0.717826 0.717826 1000.717826 1000.717826
102633 0.716605 0.716605 1000.716605 1000.716605
103152 0.715153 0.715153 1000.715153 1000.715153
103154 0.705032 0.705032 1000.705032 1000.705032
103157 0.701374 0.701374 1000.701374 1000.701374
103982 0.701111 0.701111 1000.701111 1000.701111
103983 0.700897 0.700897 1000.700897 1000.700897
104509 0.699800 0.699800 1000.699800 1000.699800
104510 0.696971 0.696971 1000.696971 1000.696971
105332 0.696684 0.696684 1000.696684 1000.696684
105334 0.696449 0.696449 1000.696449 1000.696449
105336 0.696068 0.696068 1000.696068 1000.696068
105338 0.695948 0.695948 1000.695948 1000.695948
109913 0.694712 0.694712 1000.694712 1000.694712
110731 0.694049 0.694049 1000.694049 1000.694049
115302 0.692600 0.692600 1000.692600 1000.692600
116131 0.692543 0.692543 1000.692543 1000.692543
116133 0.692459 0.692459 1000.692459 1000.692459
116139 0.692455 0.692455 1000.692455 1000.692455
118009 0.692434 0.692434 1000.692434 1000.692434
118838 0.692417 0.692417 1000.692417 1000.692417
118839 0.692230 0.692230 1000.692230 1000.692230
125581 0.692213 0.692213 1000.692213 1000.692213
125583 0.692205 0.692205 1000.692205 1000.692205
125585 0.692200 0.692200 1000.692200 1000.692200
135000 80.166366 0.692200 80.166366 1000.692200
"function evaluation" "current f(x)" "best-so-far f(x)" "current af(x)+b"  "best af(x)+b"
1 67.557186 67.557186 1067.557186 1067.557186
2 67.537587 67.537587 1067.537587 1067.537587
5 67.516874 67.516874 1067.516874 1067.516874
7 67.502409 67.502409 1067.502409 1067.502409
21 15.539027 15.539027 1015.539027 1015.539027
23 15.504159 15.504159 1015.504159 1015.504159
26 15.473456 15.473456 1015.473456 1015.473456
535 6.681167 6.681167 1006.681167 1006.681167
538 3.339486 3.339486 1003.339486 1003.339486
1371 3.332478 3.332478 1003.332478 1003.332478
1373 3.327845 3.327845 1003.327845 1003.327845
1376 3.310013 3.310013 1003.310013 1003.310013
4587 2.244991 2.244991 1002.244991 1002.244991
5269 2.056553 2.056553 1002.056553 1002.056553
5822 2.051674 2.051674 1002.051674 1002.051674
5824 2.043894 2.043894 1002.043894 1002.043894
5827 2.038386 2.038386 1002.038386 1002.038386
7285 2.033497 2.033497 1002.033497 1002.033497
7291 2.032177 2.032177 1002.032177 1002.032177
7296 2.029532 2.029532 1002.029532 1002.029532
7506 1.997771 1.997771 1001.997771 1001.997771
7515 1.995589 1.995589 1001.995589 1001.995589
8251 1.995302 1.995302 1001.995302 1001.995302
8254 1.994779 1.994779 1001.994779 1001.994779
8635 1.975756 1.975756 1001.975756 1001.975756
8645 1.975626 1.975626 1001.975626 1001.975626
9472 1.974936 1.974936 1001.974936 1001.974936
9992 1.974574 1.974574 1001.974574 1001.974574
10206 1.962775 1.962775 1001.962775 1001.962775
10209 1.962124 1.962124 1001.962124 1001.962124
10952 1.962076 1.962076 1001.962076 1001.962076
10954 1.961628 1.961628 1001.961628 1001.961628
11556 1.959952 1.959952 1001.959952 1001.959952
11559 1.958358 1.958358 1001.958358 1001.958358
11560 1.957054 1.957054 1001.957054 1001.957054
11568 1.956187 1.956187 1001.956187 1001.956187
12023 0.754041 0.754041 1000.754041 1000.754041
12571 0.752513 0.752513 1000.752513 1000.752513
12575 0.747245 0.747245 1000.747245 1000.747245
16065 0.581779 0.581779 1000.581779 1000.581779
16067 0.516327 0.516327 1000.516327 1000.516327
16621 0.516064 0.516064 1000.516064 1000.516064
16625 0.515898 0.515898 1000.515898 1000.515898
16627 0.515015 0.515015 1000.515015 1000.515015
17415 0.503118 0.503118 1000.503118 1000.503118
17420 0.502204 0.502204 1000.502204 1000.502204
17428 0.501303 0.501303 1000.501303 1000.501303
17971 0.500555 0.500555 1000.500555 1000.500555
17973 0.500379 0.500379 1000.500379 1000.500379
18773 0.499695 0.499695 1000.499695 1000.499695
18775 0.497182 0.497182 1000.497182 1000.497182
19321 0.496615 0.496615 1000.496615 1000.496615
19327 0.496278 0.496278 1000.496278 1000.496278
24173 0.493408 0.493408 1000.493408 1000.493408
24723 0.492808 0.492808 1000.492808 1000.492808
25520 0.490469 0.490469 1000.490469 1000.490469
25527 0.489958 0.489958 1000.489958 1000.489958
26071 0.489888 0.489888 1000.489888 1000.489888
26074 0.489799 0.489799 1000.489799 1000.489799
26077 0.488664 0.488664 1000.488664 1000.488664
26875 0.488449 0.488449 1000.488449 1000.488449
27425 0.488275 0.488275 1000.488275 1000.488275
27427 0.487417 0.487417 1000.487417 1000.487417
28773 0.486711 0.486711 1000.486711 1000.486711
28775 0.486644 0.486644 1000.486644 1000.486644
29575 0.485964 0.485964 1000.485964 1000.485964
30121 0.485734 0.485734 1000.485734 1000.485734
30127 0.484760 0.484760 1000.484760 1000.484760
30917 0.481828 0.481828 1000.481828 1000.481828
30923 0.481459 0.481459 1000.481459 1000.481459
31471 0.481318 0.481318 1000.481318 1000.481318
31473 0.480229 0.480229 1000.480229 1000.480229
61975 0.478496 0.478496 1000.478496 1000.478496
62521 0.478353 0.478353 1000.478353 1000.478353
62527 0.476861 0.476861 1000.476861 1000.476861
63317 0.472324 0.472324 1000.472324 1000.472324
63318 0.471923 0.471923 1000.471923 1000.471923
63326 0.470388 0.470388 1000.470388 1000.470388
63871 0.469415 0.469415 1000.469415 1000.469415
63873 0.467826 0.467826 1000.467826 1000.467826
67371 0.458679 0.458679 1000.458679 1000.458679
67922 0.457830 0.457830 1000.457830 1000.457830
67924 0.457689 0.457689 1000.457689 1000.457689
67927 0.453748 0.453748 1000.453748 1000.453748
72777 0.441831 0.441831 1000.441831 1000.441831
73321 0.441795 0.441795 1000.441795 1000.441795
73323 0.438020 0.438020 1000.438020 1000.438020
78171 0.430083 0.430083 1000.430083 1000.430083
78721 0.429615 0.429615 1000.429615 1000.429615
78723 0.426431 0.426431 1000.426431 1000.426431
135000 72.342726 0.426431 72.342726 1000.426431
"function evaluation" "current f(x)" "best-so-far f(x)" "current af(x)+b"  "best af(x)+b"
1 74.554045 74.554045 25.424045 25.424045
6 74.534440 74.534440 25.404440 25.404440
31 70.372570 70.372570 21.242570 21.242570
39 70.361736 70.361736 21.231736 21.231736
141 46.964110 46.964110 -2.165890 -2.165890
143 46.957738 46.957738 -2.172262 -2.172262
146 46.847649 46.847649 -2.282351 -2.282351
352 46.695759 46.695759 -2.434241 -2.434241
354 46.675002 46.675002 -2.454998 -2.454998
739 30.849758 30.849758 -18.280242 -18.280242
743 27.813360 27.813360 -21.316640 -21.316640
744 26.114849 26.114849 -23.015151 -23.015151
745 20.160157 20.160157 -28.969843 -28.969843
751 18.348309 18.348309 -30.781691 -30.781691
1300 5.797988 5.797988 -43.332012 -43.332012
1305 2.968212 2.968212 -46.161788 -46.161788
1307 2.674040 2.674040 -46.455960 -46.455960
1308 2.030223 2.030223 -47.099777 -47.099777
1821 2.023040 2.023040 -47.106960 -47.106960
1826 2.018892 2.018892 -47.111108 -47.111108
1830 2.014218 2.014218 -47.115782 -47.115782
4828 1.592844 1.592844 -47.537156 -47.537156
5561 1.582347 1.582347 -47.547653 -47.547653
6173 1.351405 1.351405 -47.778595 -47.778595
6181 1.277970 1.277970 -47.852030 -47.852030
6263 1.132053 1.132053 -47.997947 -47.997947
6962 1.128261 1.128261 -48.001739 -48.001739
6963 1.125683 1.125683 -48.004317 -48.004317
6968 1.120551 1.120551 -48.009449 -48.009449
7612 0.829473 0.829473 -48.300527 -48.300527
8311 0.828279 0.828279 -48.301721 -48.301721
8314 0.824819 0.824819 -48.305181 -48.305181
8873 0.811843 0.811843 -48.318157 -48.318157
8878 0.783467 0.783467 -48.346533 -48.346533
8882 0.777576 0.777576 -48.352424 -48.352424
8886 0.724218 0.724218 -48.405782 -48.405782
9612 0.723911 0.723911 -48.406089 -48.406089
9614 0.722704 0.722704 -48.407296 -48.407296
9617 0.722224 0.722224 -48.407776 -48.407776
10223 0.700098 0.700098 -48.429902 -48.429902
10228 0.694952 0.694952 -48.435048 -48.435048
10962 0.694732 0.694732 -48.435268 -48.435268
10964 0.694579 0.694579 -48.435421 -48.435421
10968 0.694430 0.694430 -48.435570 -48.435570
11579 0.694411 0.694411 -48.435589 -48.435589
11580 0.693789 0.693789 -48.436211 -48.436211
11582 0.693522 0.693522 -48.436478 -48.436478
12312 0.693373 0.693373 -48.436627 -48.436627
12318 0.693083 0.693083 -48.436917 -48.436917
12925 0.692894 0.692894 -48.437106 -48.437106
12927 0.692808 0.692808 -48.437192 -48.437192
12930 0.692573 0.692573 -48.437427 -48.437427
13662 0.692475 0.692475 -48.437525 -48.437525
13666 0.692440 0.692440 -48.437560 -48.437560
13668 0.692344 0.692344 -48.437656 -48.437656
14275 0.692277 0.692277 -48.437723 -48.437723
14279 0.692160 0.692160 -48.437840 -48.437840
14283 0.692009 0.692009 -48.437991 -48.437991
14285 0.691913 0.691913 -48.438087 -48.438087
15018 0.691870 0.691870 -48.438130 -48.438130
16976 0.691869 0.691869 -48.438131 -48.438131
16980 0.691867 0.691867 -48.438133 -48.438133
16983 0.691858 0.691858 -48.438142 -48.438142
18323 0.691857 0.691857 -48.438143 -48.438143
19679 0.691857 0.691857 -48.438143 -48.438143
21029 0.691857 0.691857 -48.438143 -48.438143
21510 0.531917 0.531917 -48.598083 -48.598083
22042 0.531191 0.531191 -48.598809 -48.598809
22045 0.529335 0.529335 -48.600665 -48.600665
22049 0.523898 0.523898 -48.606102 -48.606102
24199 0.450516 0.450516 -48.679484 -48.679484
24741 0.440725 0.440725 -48.689275 -48.689275
91022 0.088174 0.088174 -49.041826 -49.041826
91842 0.084875 0.084875 -49.045125 -49.045125
91849 0.079506 0.079506 -49.050494 -49.050494
95069 0.032973 0.032973 -49.097027 -49.097027
95075 0.026451 0.026451 -49.103549 -49.103549
95892 0.025683 0.025683 -49.104317 -49.104317
95895 0.025159 0.025159 -49.104841 -49.104841
95899 0.023687 0.023687 -49.106313 -49.106313
98599 0.023382 0.023382 -49.106618 -49.106618
99124 0.020801 0.020801 -49.109199 -49.109199
99128 0.019365 0.019365 -49.110635 -49.110635
99941 0.018490 0.018490 -49.111510 -49.111510
103169 0.017525 0.017525 -49.112475 -49.112475
103991 0.017380 0.017380 -49.112620 -49.112620
103999 0.017057 0.017057 -49.112943 -49.112943
104519 0.016055 0.016055 -49.113945 -49.113945
104521 0.015682 0.015682 -49.114318 -49.114318
104524 0.015277 0.015277 -49.114723 -49.114723
104525 0.014742 0.014742 -49.115258 -49.115258
105341 0.014600 0.014600 -49.115400 -49.115400
105873 0.014551 0.014551 -49.115449 -49.115449
105875 0.014527 0.014527 -49.115473 -49.115473
105876 0.014400 0.014400 -49.115600 -49.115600
105877 0.014355 0.014355 -49.115645 -49.115645
105878 0.014325 0.014325 -49.115675 -49.115675
106691 0.014157 0.014157 -49.115843 -49.115843
108569 0.014096 0.014096 -49.115904 -49.115904
108572 0.014049 0.014049 -49.115951 -49.115951
109391 0.013838 0.013838 -49.116162 -49.116162
111273 0.013837 0.013837 -49.116163 -49.116163
112091 0.013733 0.013733 -49.116267 -49.116267
112099 0.013722 0.013722 -49.116278 -49.116278
112619 0.013493 0.013493 -49.116507 -49.116507
113441 0.013306 0.013306 -49.116694 -49.116694
114791 0.013209 0.013209 -49.116791 -49.116791
116141 0.013160 0.013160 -49.116840 -49.116840
118022 0.013147 0.013147 -49.116853 -49.116853
118024 0.013130 0.013130 -49.116870 -49.116870
118841 0.013011 0.013011 -49.116989 -49.116989
118849 0.013004 0.013004 -49.116996 -49.116996
120723 0.011172 0.011172 -49.118828 -49.118828
121541 0.010562 0.010562 -49.119438 -49.119438
126942 0.010391 0.010391 -49.119609 -49.119609
126945 0.010362 0.010362 -49.119638 -49.119638
126949 0.009743 0.009743 -49.120257 -49.120257
128291 0.009290 0.009290 -49.120710 -49.120710
135000 78.494549 0.009290 78.494549 -49.120710
"function evaluation" "current f(x)" "best-so-far f(x)" "current af(x)+b"  "best af(x)+b"
1 74.161573 74.161573 25.031573 25.031573
7 74.136555 74.136555 25.006555 25.006555
21 64.447008 64.447008 15.317008 15.317008
22 64.384416 64.384416 15.254416 15.254416
26 64.372647 64.372647 15.242647 15.242647
27 64.367120 64.367120 15.237120 15.237120
71 57.420315 57.420315 8.290315 8.290315
72 57.416069 57.416069 8.286069 8.286069
74 57.414944 57.414944 8.284944 8.284944
76 57.322409 57.322409 8.192409 8.192409
131 50.261853 50.261853 1.131853 1.131853
132 49.813567 49.813567 0.683567 0.683567
491 45.737648 45.737648 -3.392352 -3.392352
492 45.646266 45.646266 -3.483734 -3.483734
494 45.499142 45.499142 -3.630858 -3.630858
535 40.806817 40.806817 -8.323183 -8.323183
539 38.389443 38.389443 -10.740557 -10.740557
542 37.747024 37.747024 -11.382976 -11.382976
620 31.581138 31.581138 -17.548862 -17.548862
647 27.124101 27.124101 -22.005899 -22.005899
724 25.173255 25.173255 -23.956745 -23.956745
1045 15.144131 15.144131 -33.985869 -33.985869
1047 9.146760 9.146760 -39.983240 -39.983240
1048 5.604212 5.604212 -43.525788 -43.525788
1671 5.588653 5.588653 -43.541347 -43.541347
1674 5.571678 5.571678 -43.558322 -43.558322
1675 5.535177 5.535177 -43.594823 -43.594823
1679 5.521641 5.521641 -43.608359 -43.608359
3941 2.098406 2.098406 -47.031594 -47.031594
4482 2.096441 2.096441 -47.033559 -47.033559
4483 2.093165 2.093165 -47.036835 -47.036835
5282 1.477806 1.477806 -47.652194 -47.652194
5286 1.003085 1.003085 -48.126915 -48.126915
5289 0.957350 0.957350 -48.172650 -48.172650
5832 0.952879 0.952879 -48.177121 -48.177121
5835 0.951041 0.951041 -48.178959 -48.178959
6643 0.823011 0.823011 -48.306989 -48.306989
7181 0.820441 0.820441 -48.309559 -48.309559
7189 0.817569 0.817569 -48.312431 -48.312431
7986 0.762437 0.762437 -48.367563 -48.367563
8532 0.758535 0.758535 -48.371465 -48.371465
9332 0.706673 0.706673 -48.423327 -48.423327
9882 0.705319 0.705319 -48.424681 -48.424681
10682 0.701990 0.701990 -48.428010 -48.428010
10684 0.699666 0.699666 -48.430334 -48.430334
10685 0.695672 0.695672 -48.434328 -48.434328
10686 0.692908 0.692908 -48.437092 -48.437092
11231 0.692873 0.692873 -48.437127 -48.437127
11235 0.692638 0.692638 -48.437362 -48.437362
12039 0.692153 0.692153 -48.437847 -48.437847
12581 0.692019 0.692019 -48.437981 -48.437981
12993 0.213797 0.213797 -48.916203 -48.916203
13702 0.198030 0.198030 -48.931970 -48.931970
13709 0.192736 0.192736 -48.937264 -48.937264
46748 0.152378 0.152378 -48.977622 -48.977622
47451 0.146214 0.146214 -48.983786 -48.983786
47460 0.141932 0.141932 -48.988068 -48.988068
69691 0.116103 0.116103 -49.013897 -49.013897
70402 0.114845 0.114845 -49.015155 -49.015155
70405 0.112194 0.112194 -49.017806 -49.017806
71041 0.106532 0.106532 -49.023468 -49.023468
71047 0.099685 0.099685 -49.030315 -49.030315
71751 0.099147 0.099147 -49.030853 -49.030853
71754 0.097680 0.097680 -49.032320 -49.032320
71755 0.096238 0.096238 -49.033762 -49.033762
72401 0.079803 0.079803 -49.050197 -49.050197
73101 0.077104 0.077104 -49.052896 -49.052896
73110 0.073795 0.073795 -49.056205 -49.056205
73743 0.053534 0.053534 -49.076466 -49.076466
74451 0.051902 0.051902 -49.078098 -49.078098
74456 0.051606 0.051606 -49.078394 -49.078394
74460 0.050221 0.050221 -49.079779 -49.079779
79144 0.047162 0.047162 -49.082838 -49.082838
79146 0.030946 0.030946 -49.099054 -49.099054
79852 0.030121 0.030121 -49.099879 -49.099879
79855 0.029867 0.029867 -49.100133 -49.100133
80491 0.028675 0.028675 -49.101325 -49.101325
81202 0.028045 0.028045 -49.101955 -49.101955
83193 0.025428 0.025428 -49.104572 -49.104572
83197 0.024988 0.024988 -49.105012 -49.105012
83901 0.024960 0.024960 -49.105040 -49.105040
83904 0.024893 0.024893 -49.105107 -49.105107
83906 0.024795 0.024795 -49.105205 -49.105205
83907 0.024599 0.024599 -49.105401 -49.105401
83910 0.023794 0.023794 -49.106206 -49.106206
85252 0.023596 0.023596 -49.106404 -49.106404
87246 0.023078 0.023078 -49.106922 -49.106922
87954 0.023018 0.023018 -49.106982 -49.106982
87956 0.022906 0.022906 -49.107094 -49.107094
87957 0.022689 0.022689 -49.107311 -49.107311
87960 0.022140 0.022140 -49.107860 -49.107860
88593 0.021216 0.021216 -49.108784 -49.108784
88594 0.020880 0.020880 -49.109120 -49.109120
89302 0.020716 0.020716 -49.109284 -49.109284
89304 0.020714 0.020714 -49.109286 -49.109286
89305 0.020603 0.020603 -49.109397 -49.109397
89310 0.020339 0.020339 -49.109661 -49.109661
89948 0.019740 0.019740 -49.110260 -49.110260
90651 0.019629 0.019629 -49.110371 -49.110371
90656 0.019535 0.019535 -49.110465 -49.110465
90657 0.019459 0.019459 -49.110541 -49.110541
90660 0.018783 0.018783 -49.111217 -49.111217
92002 0.018376 0.018376 -49.111624 -49.111624
96700 0.017511 0.017511 -49.112489 -49.112489
97402 0.017328 0.017328 -49.112672 -49.112672
98041 0.017318 0.017318 -49.112682 -49.112682
98043 0.016627 0.016627 -49.113373 -49.113373
98044 0.016301 0.016301 -49.113699 -49.113699
98754 0.016268 0.016268 -49.113732 -49.113732
98757 0.016153 0.016153 -49.113847 -49.113847
98760 0.016020 0.016020 -49.113980 -49.113980
99391 0.015882 0.015882 -49.114118 -49.114118
99403 0.015726 0.015726 -49.114274 -49.114274
100102 0.015559 0.015559 -49.114441 -49.114441
100743 0.015535 0.015535 -49.114465 -49.114465
100744 0.015454 0.015454 -49.114546 -49.114546
100745 0.015394 0.015394 -49.114606 -49.114606
100747 0.015389 0.015389 -49.114611 -49.114611
100752 0.015335 0.015335 -49.114665 -49.114665
101452 0.015217 0.015217 -49.114783 -49.114783
102095 0.015067 0.015067 -49.114933 -49.114933
102099 0.014920 0.014920 -49.115080 -49.115080
102801 0.014855 0.014855 -49.115145 -49.115145
102806 0.014832 0.014832 -49.115168 -49.115168
102807 0.014780 0.014780 -49.115220 -49.115220
102810 0.014672 0.014672 -49.115328 -49.115328
103441 0.014464 0.014464 -49.115536 -49.115536
103451 0.014094 0.014094 -49.115906 -49.115906
104152 0.013970 0.013970 -49.116030 -49.116030
104791 0.013816 0.013816 -49.116184 -49.116184
104793 0.013477 0.013477 -49.116523 -49.116523
105502 0.013344 0.013344 -49.116656 -49.116656
106141 0.013251 0.013251 -49.116749 -49.116749
106149 0.013218 0.013218 -49.116782 -49.116782
106150 0.012871 0.012871 -49.117129 -49.117129
106852 0.012678 0.012678 -49.117322 -49.117322
107496 0.012393 0.012393 -49.117607 -49.117607
108204 0.012321 0.012321 -49.117679 -49.117679
108207 0.012265 0.012265 -49.117735 -49.117735
108210 0.012132 0.012132 -49.117868 -49.117868
108846 0.012051 0.012051 -49.117949 -49.117949
108848 0.011745 0.011745 -49.118255 -49.118255
109552 0.011724 0.011724 -49.118276 -49.118276
109554 0.011635 0.011635 -49.118365 -49.118365
109560 0.011523 0.011523 -49.118477 -49.118477
110191 0.010565 0.010565 -49.119435 -49.119435
110202 0.010542 0.010542 -49.119458 -49.119458
110902 0.010307 0.010307 -49.119693 -49.119693
111541 0.009839 0.009839 -49.120161 -49.120161
111543 0.009485 0.009485 -49.120515 -49.120515
111544 0.009239 0.009239 -49.120761 -49.120761
112252 0.009077 0.009077 -49.120923 -49.120923
112257 0.009036 0.009036 -49.120964 -49.120964
112891 0.008711 0.008711 -49.121289 -49.121289
112895 0.008148 0.008148 -49.121852 -49.121852
112899 0.007889 0.007889 -49.122111 -49.122111
113602 0.007870 0.007870 -49.122130 -49.122130
113604 0.007832 0.007832 -49.122168 -49.122168
113607 0.007671 0.007671 -49.122329 -49.122329
114241 0.007560 0.007560 -49.122440 -49.122440
114247 0.006930 0.006930 -49.123070 -49.123070
114250 0.006737 0.006737 -49.123263 -49.123263
114952 0.006585 0.006585 -49.123415 -49.123415
114955 0.006539 0.006539 -49.123461 -49.123461
115591 0.005974 0.005974 -49.124026 -49.124026
115594 0.005777 0.005777 -49.124223 -49.124223
116302 0.005719 0.005719 -49.124281 -49.124281
116304 0.005685 0.005685 -49.124315 -49.124315
116305 0.005682 0.005682 -49.124318 -49.124318
116946 0.005628 0.005628 -49.124372 -49.124372
116952 0.005621 0.005621 -49.124379 -49.124379
117654 0.005550 0.005550 -49.124450 -49.124450
117657 0.005469 0.005469 -49.124531 -49.124531
118297 0.005315 0.005315 -49.124685 -49.124685
119002 0.005243 0.005243 -49.124757 -49.124757
119007 0.005215 0.005215 -49.124785 -49.124785
119641 0.005138 0.005138 -49.124862 -49.124862
119645 0.005123 0.005123 -49.124877 -49.124877
120352 0.004994 0.004994 -49.125006 -49.125006
120996 0.004837 0.004837 -49.125163 -49.125163
121702 0.004765 0.004765 -49.125235 -49.125235
121705 0.004747 0.004747 -49.125253 -49.125253
122341 0.004747 0.004747 -49.125253 -49.125253
122344 0.004537 0.004537 -49.125463 -49.125463
122348 0.004440 0.004440 -49.125560 -49.125560
122351 0.004431 0.004431 -49.125569 -49.125569
122353 0.004410 0.004410 -49.125590 -49.125590
123054 0.004364 0.004364 -49.125636 -49.125636
123057 0.004361 0.004361 -49.125639 -49.125639
123691 0.004310 0.004310 -49.125690 -49.125690
123693 0.004294 0.004294 -49.125706 -49.125706
123703 0.004261 0.004261 -49.125739 -49.125739
124402 0.004179 0.004179 -49.125821 -49.125821
125043 0.004172 0.004172 -49.125828 -49.125828
125045 0.004156 0.004156 -49.125844 -49.125844
125053 0.004095 0.004095 -49.125905 -49.125905
125752 0.004064 0.004064 -49.125936 -49.125936
126391 0.003995 0.003995 -49.126005 -49.126005
126393 0.003969 0.003969 -49.126031 -49.126031
126397 0.003962 0.003962 -49.126038 -49.126038
126401 0.003959 0.003959 -49.126041 -49.126041
126402 0.003943 0.003943 -49.126057 -49.126057
127102 0.003918 0.003918 -49.126082 -49.126082
127741 0.003908 0.003908 -49.126092 -49.126092
127743 0.003907 0.003907 -49.126093 -49.126093
127752 0.003904 0.003904 -49.126096 -49.126096
128452 0.003893 0.003893 -49.126107 -49.126107
128454 0.003886 0.003886 -49.126114 -49.126114
128457 0.003879 0.003879 -49.126121 -49.126121
129091 0.003835 0.003835 -49.126165 -49.126165
129094 0.003812 0.003812 -49.126188 -49.126188
129802 0.003809 0.003809 -49.126191 -49.126191
129804 0.003797 0.003797 -49.126203 -49.126203
129807 0.003795 0.003795 -49.126205 -49.126205
130443 0.003793 0.003793 -49.126207 -49.126207
130450 0.003792 0.003792 -49.126208 -49.126208
130451 0.003789 0.003789 -49.126211 -49.126211
131152 0.003782 0.003782 -49.126218 -49.126218
131154 0.003775 0.003775 -49.126225 -49.126225
131793 0.003766 0.003766 -49.126234 -49.126234
131799 0.003763 0.003763 -49.126237 -49.126237
132502 0.003754 0.003754 -49.126246 -49.126246
132504 0.003749 0.003749 -49.126251 -49.126251
133141 0.003749 0.003749 -49.126251 -49.126251
133143 0.003747 0.003747 -49.126253 -49.126253
133149 0.003740 0.003740 -49.126260 -49.126260
133854 0.003726 0.003726 -49.126274 -49.126274
134491 0.003721 0.003721 -49.126279 -49.126279
134493 0.003717 0.003717 -49.126283 -49.126283
135000 0.092959 0.003717 0.092959 -49.126283
"function evaluation" "current f(x)" "best-so-far f(x)" "current af(x)+b"  "best af(x)+b"
1 80.946812 80.946812 31.816812 31.816812
11 80.769758 80.769758 31.639758 31.639758
13 80.761464 80.761464 31.631464 31.631464
16 80.756964 80.756964 31.626964 31.626964
21 73.175323 73.175323 24.045323 24.045323
24 73.171036 73.171036 24.041036 24.041036
30 73.160573 73.160573 24.030573 24.030573
61 72.912208 72.912208 23.782208 23.782208
67 72.893908 72.893908 23.763908 23.763908
101 69.230036 69.230036 20.100036 20.100036
102 69.227918 69.227918 20.097918 20.097918
104 69.200670 69.200670 20.070670 20.070670
191 66.307420 66.307420 17.177420 17.177420
193 66.279206 66.279206 17.149206 17.149206
197 66.260521 66.260521 17.130521 17.130521
271 42.071775 42.071775 -7.058225 -7.058225
321 30.601947 30.601947 -18.528053 -18.528053
323 30.591210 30.591210 -18.538790 -18.538790
330 30.567356 30.567356 -18.562644 -18.562644
960 19.516147 19.516147 -29.613853 -29.613853
968 18.952345 18.952345 -30.177655 -30.177655
971 17.982403 17.982403 -31.147597 -31.147597
1051 16.939310 16.939310 -32.190690 -32.190690
1052 9.653226 9.653226 -39.476774 -39.476774
1671 9.642354 9.642354 -39.487646 -39.487646
1673 9.632935 9.632935 -39.497065 -39.497065
1680 9.612467 9.612467 -39.517533 -39.517533
1925 8.369185 8.369185 -40.760815 -40.760815
2742 8.282431 8.282431 -40.847569 -40.847569
2745 8.272094 8.272094 -40.857906 -40.857906
2749 8.217170 8.217170 -40.912830 -40.912830
3239 7.915290 7.915290 -41.214710 -41.214710
3306 4.080567 4.080567 -45.049433 -45.049433
4111 4.072223 4.072223 -45.057777 -45.057777
4114 4.065125 4.065125 -45.064875 -45.064875
4117 4.061429 4.061429 -45.068571 -45.068571
4673 2.762959 2.762959 -46.367041 -46.367041
4674 1.576721 1.576721 -47.553279 -47.553279
4683 1.005701 1.005701 -48.124299 -48.124299
5471 1.002504 1.002504 -48.127496 -48.127496
5474 1.000091 1.000091 -48.129909 -48.129909
5476 0.996763 0.996763 -48.133237 -48.133237
6020 0.852005 0.852005 -48.277995 -48.277995
6821 0.850584 0.850584 -48.279416 -48.279416
6823 0.848357 0.848357 -48.281643 -48.281643
6825 0.846128 0.846128 -48.283872 -48.283872
7373 0.774565 0.774565 -48.355435 -48.355435
7377 0.718834 0.718834 -48.411166 -48.411166
8172 0.717458 0.717458 -48.412542 -48.412542
8175 0.717154 0.717154 -48.412846 -48.412846
9522 0.716956 0.716956 -48.413044 -48.413044
9526 0.716044 0.716044 -48.413956 -48.413956
10070 0.710523 0.710523 -48.419477 -48.419477
10073 0.709946 0.709946 -48.420054 -48.420054
10074 0.709911 0.709911 -48.420089 -48.420089
10077 0.707269 0.707269 -48.422731 -48.422731
10081 0.705951 0.705951 -48.424049 -48.424049
10876 0.704298 0.704298 -48.425702 -48.425702
11420 0.698282 0.698282 -48.431718 -48.431718
11423 0.696648 0.696648 -48.433352 -48.433352
11427 0.694183 0.694183 -48.435817 -48.435817
11428 0.694034 0.694034 -48.435966 -48.435966
11431 0.693763 0.693763 -48.436237 -48.436237
12226 0.693256 0.693256 -48.436744 -48.436744
12770 0.692631 0.692631 -48.437369 -48.437369
12772 0.692377 0.692377 -48.437623 -48.437623
13576 0.692160 0.692160 -48.437840 -48.437840
14125 0.691876 0.691876 -48.438124 -48.438124
16824 0.691867 0.691867 -48.438133 -48.438133
18170 0.691859 0.691859 -48.438141 -48.438141
18172 0.691858 0.691858 -48.438142 -48.438142
18181 0.691858 0.691858 -48.438142 -48.438142
19524 0.691857 0.691857 -48.438143 -48.438143
19525 0.691857 0.691857 -48.438143 -48.438143
19526 0.691857 0.691857 -48.438143 -48.438143
20877 0.691857 0.691857 -48.438143 -48.438143
20879 0.691857 0.691857 -48.438143 -48.438143
22220 0.691857 0.691857 -48.438143 -48.438143
22223 0.691857 0.691857 -48.438143 -48.438143
22227 0.691857 0.691857 -48.438143 -48.438143
23574 0.691857 0.691857 -48.438143 -48.438143
24922 0.691857 0.691857 -48.438143 -48.438143
24931 0.691857 0.691857 -48.438143 -48.438143
26277 0.691857 0.691857 -48.438143 -48.438143
27622 0.691857 0.691857 -48.438143 -48.438143
30329 0.691857 0.691857 -48.438143 -48.438143
31679 0.691857 0.691857 -48.438143 -48.438143
31681 0.691857 0.691857 -48.438143 -48.438143
33020 0.691857 0.691857 -48.438143 -48.438143
33025 0.691857 0.691857 -48.438143 -48.438143
34370 0.691857 0.691857 -48.438143 -48.438143
34382 0.691857 0.691857 -48.438143 -48.438143
35720 0.691857 0.691857 -48.438143 -48.438143
42473 0.691857 0.691857 -48.438143 -48.438143
135000 0.691857 0.691857 0.691857 -48.438143
"function evaluation" "current f(x)" "best-so-far f(x)" "current af(x)+b"  "best af(x)+b"
1 83.068475 83.068475 380.798475 380.798475
2 83.065934 83.065934 380.795934 380.795934
3 83.062357 83.062357 380.792357 380.792357
6 83.054299 83.054299 380.784299 380.784299
10 83.053684 83.053684 380.783684 380.783684
11 60.014023 60.014023 357.744023 357.744023
12 60.010097 60.010097 357.740097 357.740097
13 59.926810 59.926810 357.656810 357.656810
15 59.901684 59.901684 357.631684 357.631684
17 59.790865 59.790865 357.520865 357.520865
151 28.406141 28.406141 326.136141 326.136141
156 28.400782 28.400782 326.130782 326.130782
158 28.373871 28.373871 326.103871 326.103871
361 23.455139 23.455139 321.185139 321.185139
362 23.434723 23.434723 321.164723 321.164723
363 23.427682 23.427682 321.157682 321.157682
366 23.332999 23.332999 321.062999 321.062999
756 15.966436 15.966436 313.696436 313.696436
758 6.877998 6.877998 304.607998 304.607998
761 5.806949 5.806949 303.536949 303.536949
1501 5.766690 5.766690 303.496690 303.496690
2616 4.481792 4.481792 302.211792 302.211792
3151 4.474170 4.474170 302.204170 302.204170
3156 4.433458 4.433458 302.163458 302.163458
3354 2.171679 2.171679 299.901679 299.901679
3360 1.968372 1.968372 299.698372 299.698372
4142 1.967753 1.967753 299.697753 299.697753
4143 1.965454 1.965454 299.695454 299.695454
4146 1.965064 1.965064 299.695064 299.695064
4704 0.985229 0.985229 298.715229 298.715229
4707 0.814080 0.814080 298.544080 298.544080
5492 0.813754 0.813754 298.543754 298.543754
5493 0.809478 0.809478 298.539478 298.539478
7406 0.789338 0.789338 298.519338 298.519338
7407 0.757456 0.757456 298.487456 298.487456
7417 0.756242 0.756242 298.486242 298.486242
8194 0.753368 0.753368 298.483368 298.483368
8759 0.750112 0.750112 298.480112 298.480112
9541 0.750095 0.750095 298.480095 298.480095
9544 0.749276 0.749276 298.479276 298.479276
9546 0.748589 0.748589 298.478589 298.478589
9548 0.747993 0.747993 298.477993 298.477993
9549 0.746905 0.746905 298.476905 298.476905
10725 0.742058 0.742058 298.472058 298.472058
11252 0.741459 0.741459 298.471459 298.471459
11253 0.741450 0.741450 298.471450 298.471450
11255 0.738763 0.738763 298.468763 298.468763
11454 0.727102 0.727102 298.457102 298.457102
11465 0.722526 0.722526 298.452526 298.452526
12073 0.695282 0.695282 298.425282 298.425282
12602 0.695027 0.695027 298.425027 298.425027
12608 0.694677 0.694677 298.424677 298.424677
14766 0.694043 0.694043 298.424043 298.424043
14768 0.694030 0.694030 298.424030 298.424030
14769 0.693588 0.693588 298.423588 298.423588
14771 0.693482 0.693482 298.423482 298.423482
14773 0.692965 0.692965 298.422965 298.422965
15301 0.692740 0.692740 298.422740 298.422740
15308 0.692707 0.692707 298.422707 298.422707
15507 0.692641 0.692641 298.422641 298.422641
15513 0.692593 0.692593 298.422593 298.422593
16126 0.692435 0.692435 298.422435 298.422435
16293 0.692385 0.692385 298.422385 298.422385
16657 0.692127 0.692127 298.422127 298.422127
16854 0.691964 0.691964 298.421964 298.421964
16856 0.691942 0.691942 298.421942 298.421942
17643 0.691899 0.691899 298.421899 298.421899
18204 0.691893 0.691893 298.421893 298.421893
18209 0.691882 0.691882 298.421882 298.421882
18998 0.691872 0.691872 298.421872 298.421872
19558 0.691870 0.691870 298.421870 298.421870
20173 0.691864 0.691864 298.421864 298.421864
20909 0.691863 0.691863 298.421863 298.421863
20915 0.691863 0.691863 298.421863 298.421863
22260 0.691862 0.691862 298.421862 298.421862
22262 0.691862 0.691862 298.421862 298.421862
23604 0.691861 0.691861 298.421861 298.421861
23606 0.691860 0.691860 298.421860 298.421860
23608 0.691859 0.691859 298.421859 298.421859
23614 0.691859 0.691859 298.421859 298.421859
24221 0.691859 0.691859 298.421859 298.421859
24222 0.691857 0.691857 298.421857 298.421857
25573 0.691857 0.691857 298.421857 298.421857
26916 0.691857 0.691857 298.421857 298.421857
26921 0.691857 0.691857 298.421857 298.421857
28269 0.691857 0.691857 298.421857 298.421857
28274 0.691857 0.691857 298.421857 298.421857
28277 0.691857 0.691857 298.421857 298.421857
29628 0.691857 0.691857 298.421857 298.421857
32323 0.691857 0.691857 298.421857 298.421857
33671 0.691857 0.691857 298.421857 298.421857
33675 0.691857 0.691857 298.421857 298.421857
33678 0.691857 0.691857 298.421857 298.421857
36374 0.691857 0.691857 298.421857 298.421857
36375 0.691857 0.691857 298.421857 298.421857
37728 0.691857 0.691857 298.421857 298.421857
39066 0.691857 0.691857 298.421857 298.421857
39069 0.691857 0.691857 298.421857 298.421857
39071 0.691857 0.691857 298.421857 298.421857
39079 0.691857 0.691857 298.421857 298.421857
40418 0.691857 0.691857 298.421857 298.421857
40424 0.691857 0.691857 298.421857 298.421857
43118 0.691857 0.691857 298.421857 298.421857
43119 0.691857 0.691857 298.421857 298.421857
43120 0.691857 0.691857 298.421857 298.421857
45819 0.691857 0.691857 298.421857 298.421857
47168 0.691857 0.691857 298.421857 298.421857
47173 0.691857 0.691857 298.421857 298.421857
48520 0.691857 0.691857 298.421857 298.421857
83310 0.496861 0.496861 298.226861 298.226861
83971 0.496758 0.496758 298.226758 298.226758
83974 0.494385 0.494385 298.224385 298.224385
84662 0.462540 0.462540 298.192540 298.192540
84668 0.437709 0.437709 298.167709 298.167709
85321 0.436228 0.436228 298.166228 298.166228
85324 0.420701 0.420701 298.150701 298.150701
110321 0.415794 0.415794 298.145794 298.145794
110971 0.415279 0.415279 298.145279 298.145279
110973 0.403939 0.403939 298.133939 298.133939
110979 0.403089 0.403089 298.133089 298.133089
129569 0.140548 0.140548 297.870548 297.870548
130082 0.140240 0.140240 297.870240 297.870240
130083 0.133019 0.133019 297.863019 297.863019
134970 0.128726 0.128726 297.858726 297.858726
135000 21.625159 0.128726 21.625159 297.858726
"function evaluation" "current f(x)" "best-so-far f(x)" "current af(x)+b"  "best af(x)+b"
1 83.050490 83.050490 380.780490 380.780490
2 83.035196 83.035196 380.765196 380.765196
6 83.023148 83.023148 380.753148 380.753148
11 80.454577 80.454577 378.184577 378.184577
12 80.432851 80.432851 378.162851 378.162851
16 80.415728 80.415728 378.145728 378.145728
31 53.168397 53.168397 350.898397 350.898397
34 53.118726 53.118726 350.848726 350.848726
37 53.097258 53.097258 350.827258 350.827258
141 52.123669 52.123669 349.853669 349.853669
142 51.941397 51.941397 349.671397 349.671397
149 51.936143 51.936143 349.666143 349.666143
301 33.189857 33.189857 330.919857 330.919857
304 33.176962 33.176962 330.906962 330.906962
309 33.150345 33.150345 330.880345 330.880345
441 10.774776 10.774776 308.504776 308.504776
445 10.702463 10.702463 308.432463 308.432463
1257 8.500425 8.500425 306.230425 306.230425
1792 8.488452 8.488452 306.218452 306.218452
1795 8.487313 8.487313 306.217313 306.217313
1797 8.484145 8.484145 306.214145 306.214145
2094 6.715530 6.715530 304.445530 304.445530
2606 6.640575 6.640575 304.370575 304.370575
3141 6.617178 6.617178 304.347178 304.347178
3145 6.611957 6.611957 304.341957 304.341957
3451 6.067419 6.067419 303.797419 303.797419
3790 2.665583 2.665583 300.395583 300.395583
3909 2.375201 2.375201 300.105201 300.105201
4461 2.361230 2.361230 300.091230 300.091230
4757 2.106216 2.106216 299.836216 299.836216
4945 2.013493 2.013493 299.743493 299.743493
5256 1.800794 1.800794 299.530794 299.530794
5812 1.800241 1.800241 299.530241 299.530241
5813 1.798025 1.798025 299.528025 299.528025
5815 1.797839 1.797839 299.527839 299.527839
5817 1.787702 1.787702 299.517702 299.517702
6105 1.308511 1.308511 299.038511 299.038511
6112 0.904672 0.904672 298.634672 298.634672
6872 0.901783 0.901783 298.631783 298.631783
6874 0.901612 0.901612 298.631612 298.631612
6875 0.901340 0.901340 298.631340 298.631340
6879 0.898026 0.898026 298.628026 298.628026
7642 0.817766 0.817766 298.547766 298.547766
7649 0.802196 0.802196 298.532196 298.532196
7832 0.800650 0.800650 298.530650 298.530650
8336 0.796821 0.796821 298.526821 298.526821
8448 0.795966 0.795966 298.525966 298.525966
8814 0.769172 0.769172 298.499172 298.499172
8992 0.724861 0.724861 298.454861 298.454861
8996 0.708461 0.708461 298.438461 298.438461
9002 0.699889 0.699889 298.429889 298.429889
9681 0.699488 0.699488 298.429488 298.429488
9684 0.699041 0.699041 298.429041 298.429041
10342 0.695924 0.695924 298.425924 298.425924
10347 0.695034 0.695034 298.425034 298.425034
10352 0.694214 0.694214 298.424214 298.424214
11031 0.693894 0.693894 298.423894 298.423894
11036 0.693875 0.693875 298.423875 298.423875
11704 0.693703 0.693703 298.423703 298.423703
11883 0.693439 0.693439 298.423439 298.423439
11887 0.693017 0.693017 298.423017 298.423017
11892 0.692907 0.692907 298.422907 298.422907
12491 0.692860 0.692860 298.422860 298.422860
12493 0.692747 0.692747 298.422747 298.422747
12500 0.692558 0.692558 298.422558 298.422558
13240 0.692364 0.692364 298.422364 298.422364
13841 0.692358 0.692358 298.422358 298.422358
13844 0.692329 0.692329 298.422329 298.422329
13846 0.692312 0.692312 298.422312 298.422312
13850 0.692149 0.692149 298.422149 298.422149
15200 0.692089 0.692089 298.422089 298.422089
16544 0.692004 0.692004 298.422004 298.422004
17094 0.691988 0.691988 298.421988 298.421988
17104 0.691915 0.691915 298.421915 298.421915
17786 0.691878 0.691878 298.421878 298.421878
18446 0.691870 0.691870 298.421870 298.421870
19243 0.691869 0.691869 298.421869 298.421869
19979 0.691862 0.691862 298.421862 298.421862
20035 0.691862 0.691862 298.421862 298.421862
20040 0.691861 0.691861 298.421861 298.421861
21145 0.691859 0.691859 298.421859 298.421859
21333 0.691858 0.691858 298.421858 298.421858
21340 0.691858 0.691858 298.421858 298.421858
22681 0.691857 0.691857 298.421857 298.421857
22687 0.691857 0.691857 298.421857 298.421857
22691 0.691857 0.691857 298.421857 298.421857
25379 0.691857 0.691857 298.421857 298.421857
25388 0.691857 0.691857 298.421857 298.421857
25390 0.691857 0.691857 298.421857 298.421857
26733 0.691857 0.691857 298.421857 298.421857
28082 0.691857 0.691857 298.421857 298.421857
28083 0.691857 0.691857 298.421857 298.421857
28092 0.691857 0.691857 298.421857 298.421857
28134 0.691857 0.691857 298.421857 298.421857
29486 0.691857 0.691857 298.421857 298.421857
29487 0.691857 0.691857 298.421857 298.421857
30832 0.691857 0.691857 298.421857 298.421857
30833 0.691857 0.691857 298.421857 298.421857
32186 0.691857 0.691857 298.421857 298.421857
33542 0.691857 0.691857 298.421857 298.421857
34880 0.691857 0.691857 298.421857 298.421857
34887 0.691857 0.691857 298.421857 298.421857
34960 0.691857 0.691857 298.421857 298.421857
37580 0.691857 0.691857 298.421857 298.421857
37586 0.691857 0.691857 298.421857 298.421857
38615 0.507249 0.507249 298.237249 298.237249
39332 0.506650 0.506650 298.236650 298.236650
39333 0.498877 0.498877 298.228877 298.228877
56157 0.473451 0.473451 298.203451 298.203451
56881 0.472889 0.472889 298.202889 298.202889
56884 0.472125 0.472125 298.202125 298.202125
56885 0.467065 0.467065 298.197065 298.197065
56887 0.464278 0.464278 298.194278 298.194278
64265 0.403869 0.403869 298.133869 298.133869
64982 0.402847 0.402847 298.132847 298.132847
64983 0.369349 0.369349 298.099349 298.099349
66962 0.125715 0.125715 297.855715 297.855715
67681 0.125386 0.125386 297.855386 297.855386
67684 0.118030 0.118030 297.848030 297.848030
69657 0.007312 0.007312 297.737312 297.737312
70382 0.007249 0.007249 297.737249 297.737249
70383 0.007103 0.007103 297.737103 297.737103
70388 0.006847 0.006847 297.736847 297.736847
71017 0.005746 0.005746 297.735746 297.735746
71732 0.005691 0.005691 297.735691 297.735691
71733 0.005215 0.005215 297.735215 297.735215
75067 0.005105 0.005105 297.735105 297.735105
75782 0.005070 0.005070 297.735070 297.735070
75783 0.004912 0.004912 297.734912 297.734912
75785 0.004899 0.004899 297.734899 297.734899
76407 0.004737 0.004737 297.734737 297.734737
76411 0.004653 0.004653 297.734653 297.734653
76418 0.004636 0.004636 297.734636 297.734636
77132 0.004614 0.004614 297.734614 297.734614
77135 0.004455 0.004455 297.734455 297.734455
79107 0.004398 0.004398 297.734398 297.734398
79111 0.004394 0.004394 297.734394 297.734394
79112 0.004385 0.004385 297.734385 297.734385
79118 0.004367 0.004367 297.734367 297.734367
79832 0.004347 0.004347 297.734347 297.734347
79835 0.004233 0.004233 297.734233 297.734233
80457 0.004079 0.004079 297.734079 297.734079
80459 0.004075 0.004075 297.734075 297.734075
80460 0.004043 0.004043 297.734043 297.734043
80463 0.004029 0.004029 297.734029 297.734029
81182 0.004005 0.004005 297.734005 297.734005
81183 0.003925 0.003925 297.733925 297.733925
83169 0.003913 0.003913 297.733913 297.733913
83882 0.003897 0.003897 297.733897 297.733897
83883 0.003882 0.003882 297.733882 297.733882
83885 0.003879 0.003879 297.733879 297.733879
84507 0.003857 0.003857 297.733857 297.733857
84512 0.003836 0.003836 297.733836 297.733836
84513 0.003805 0.003805 297.733805 297.733805
85232 0.003797 0.003797 297.733797 297.733797
85235 0.003757 0.003757 297.733757 297.733757
85240 0.003754 0.003754 297.733754 297.733754
85857 0.003742 0.003742 297.733742 297.733742
86582 0.003735 0.003735 297.733735 297.733735
86585 0.003715 0.003715 297.733715 297.733715
87209 0.003707 0.003707 297.733707 297.733707
87932 0.003701 0.003701 297.733701 297.733701
87935 0.003691 0.003691 297.733691 297.733691
89282 0.003686 0.003686 297.733686 297.733686
89283 0.003684 0.003684 297.733684 297.733684
89285 0.003683 0.003683 297.733683 297.733683
89907 0.003675 0.003675 297.733675 297.733675
89914 0.003672 0.003672 297.733672 297.733672
90632 0.003666 0.003666 297.733666 297.733666
90633 0.003665 0.003665 297.733665 297.733665
90635 0.003664 0.003664 297.733664 297.733664
91257 0.003661 0.003661 297.733661 297.733661
91259 0.003660 0.003660 297.733660 297.733660
91982 0.003656 0.003656 297.733656 297.733656
91985 0.003652 0.003652 297.733652 297.733652
92612 0.003649 0.003649 297.733649 297.733649
93332 0.003645 0.003645 297.733645 297.733645
93335 0.003642 0.003642 297.733642 297.733642
93959 0.003642 0.003642 297.733642 297.733642
93964 0.003640 0.003640 297.733640 297.733640
93968 0.003640 0.003640 297.733640 297.733640
94682 0.003636 0.003636 297.733636 297.733636
94685 0.003634 0.003634 297.733634 297.733634
95310 0.003633 0.003633 297.733633 297.733633
95311 0.003633 0.003633 297.733633 297.733633
95313 0.003631 0.003631 297.733631 297.733631
96032 0.003626 0.003626 297.733626 297.733626
96035 0.003625 0.003625 297.733625 297.733625
96038 0.003624 0.003624 297.733624 297.733624
97382 0.003621 0.003621 297.733621 297.733621
97385 0.003618 0.003618 297.733618 297.733618
97390 0.003617 0.003617 297.733617 297.733617
98735 0.003614 0.003614 297.733614 297.733614
98740 0.003614 0.003614 297.733614 297.733614
99362 0.003614 0.003614 297.733614 297.733614
99366 0.003613 0.003613 297.733613 297.733613
100082 0.003609 0.003609 297.733609 297.733609
100085 0.003606 0.003606 297.733606 297.733606
100712 0.003603 0.003603 297.733603 297.733603
100713 0.003603 0.003603 297.733603 297.733603
101432 0.003598 0.003598 297.733598 297.733598
101435 0.003595 0.003595 297.733595 297.733595
102057 0.003594 0.003594 297.733594 297.733594
102059 0.003590 0.003590 297.733590 297.733590
102061 0.003588 0.003588 297.733588 297.733588
102782 0.003582 0.003582 297.733582 297.733582
102785 0.003579 0.003579 297.733579 297.733579
103409 0.003578 0.003578 297.733578 297.733578
104132 0.003571 0.003571 297.733571 297.733571
104138 0.003568 0.003568 297.733568 297.733568
105483 0.003561 0.003561 297.733561 297.733561
106832 0.003554 0.003554 297.733554 297.733554
106838 0.003552 0.003552 297.733552 297.733552
107460 0.003551 0.003551 297.733551 297.733551
108182 0.003542 0.003542 297.733542 297.733542
108185 0.003542 0.003542 297.733542 297.733542
108188 0.003537 0.003537 297.733537 297.733537
108807 0.003533 0.003533 297.733533 297.733533
108812 0.003532 0.003532 297.733532 297.733532
108813 0.003524 0.003524 297.733524 297.733524
108817 0.003521 0.003521 297.733521 297.733521
109532 0.003509 0.003509 297.733509 297.733509
109538 0.003499 0.003499 297.733499 297.733499
110161 0.003496 0.003496 297.733496 297.733496
110162 0.003489 0.003489 297.733489 297.733489
110882 0.003475 0.003475 297.733475 297.733475
110888 0.003458 0.003458 297.733458 297.733458
112232 0.003439 0.003439 297.733439 297.733439
112233 0.003421 0.003421 297.733421 297.733421
113583 0.003411 0.003411 297.733411 297.733411
114214 0.003406 0.003406 297.733406 297.733406
114932 0.003386 0.003386 297.733386 297.733386
114938 0.003364 0.003364 297.733364 297.733364
115561 0.003361 0.003361 297.733361 297.733361
115566 0.003359 0.003359 297.733359 297.733359
116282 0.003342 0.003342 297.733342 297.733342
116285 0.003309 0.003309 297.733309 297.733309
116290 0.003276 0.003276 297.733276 297.733276
118985 0.003260 0.003260 297.733260 297.733260
119615 0.003251 0.003251 297.733251 297.733251
120332 0.003219 0.003219 297.733219 297.733219
120333 0.003170 0.003170 297.733170 297.733170
120966 0.003126 0.003126 297.733126 297.733126
120968 0.003120 0.003120 297.733120 297.733120
121682 0.003086 0.003086 297.733086 297.733086
123032 0.003066 0.003066 297.733066 297.733066
123035 0.003045 0.003045 297.733045 297.733045
123040 0.003003 0.003003 297.733003 297.733003
124382 0.002984 0.002984 297.732984 297.732984
124385 0.002944 0.002944 297.732944 297.732944
124390 0.002925 0.002925 297.732925 297.732925
125010 0.002918 0.002918 297.732918 297.732918
125011 0.002890 0.002890 297.732890 297.732890
125732 0.002848 0.002848 297.732848 297.732848
125733 0.002847 0.002847 297.732847 297.732847
126360 0.002839 0.002839 297.732839 297.732839
127082 0.002788 0.002788 297.732788 297.732788
127083 0.002693 0.002693 297.732693 297.732693
128433 0.002645 0.002645 297.732645 297.732645
129057 0.002543 0.002543 297.732543 297.732543
129062 0.002533 0.002533 297.732533 297.732533
129066 0.002531 0.002531 297.732531 297.732531
129067 0.002531 0.002531 297.732531 297.732531
129782 0.002492 0.002492 297.732492 297.732492
129785 0.002457 0.002457 297.732457 297.732457
129790 0.002398 0.002398 297.732398 297.732398
131132 0.002376 0.002376 297.732376 297.732376
131135 0.002350 0.002350 297.732350 297.732350
131140 0.002326 0.002326 297.732326 297.732326
132482 0.002294 0.002294 297.732294 297.732294
132485 0.002252 0.002252 297.732252 297.732252
132490 0.002229 0.002229 297.732229 297.732229
133107 0.002192 0.002192 297.732192 297.732192
133116 0.002189 0.002189 297.732189 297.732189
133832 0.002136 0.002136 297.732136 297.732136
133833 0.002093 0.002093 297.732093 297.732093
134457 0.002092 0.002092 297.732092 297.732092
134459 0.002080 0.002080 297.732080 297.732080
135000 0.691857 0.002080 0.691857 297.732080
"function evaluation" "current f(x)" "best-so-far f(x)" "current af(x)+b"  "best af(x)+b"
1 71.508835 71.508835 369.238835 369.238835
9 71.473819 71.473819 369.203819 369.203819
41 39.866603 39.866603 337.596603 337.596603
44 39.864844 39.864844 337.594844 337.594844
46 39.604309 39.604309 337.334309 337.334309
151 31.200142 31.200142 328.930142 328.930142
569 18.924124 18.924124 316.654124 316.654124
572 15.444086 15.444086 313.174086 313.174086
573 13.198672 13.198672 310.928672 310.928672
756 12.463350 12.463350 310.193350 310.193350
761 12.343211 12.343211 310.073211 310.073211
1045 12.342212 12.342212 310.072212 310.072212
1050 11.260074 11.260074 308.990074 308.990074
1053 8.734027 8.734027 306.464027 306.464027
1671 8.726883 8.726883 306.456883 306.456883
1675 8.705924 8.705924 306.435924 306.435924
1679 8.702532 8.702532 306.432532 306.432532
1928 3.956897 3.956897 301.686897 301.686897
2742 3.950285 3.950285 301.680285 301.680285
2744 3.950230 3.950230 301.680230 301.680230
2746 3.914622 3.914622 301.644622 301.644622
3288 3.512404 3.512404 301.242404 301.242404
3291 3.185100 3.185100 300.915100 300.915100
3755 2.199584 2.199584 299.929584 299.929584
3881 1.058921 1.058921 298.788921 298.788921
3884 0.903583 0.903583 298.633583 298.633583
3887 0.775252 0.775252 298.505252 298.505252
4451 0.773998 0.773998 298.503998 298.503998
4454 0.771691 0.771691 298.501691 298.501691
5231 0.729109 0.729109 298.459109 298.459109
5802 0.727293 0.727293 298.457293 298.457293
6589 0.697613 0.697613 298.427613 298.427613
7152 0.697612 0.697612 298.427612 298.427612
7153 0.697590 0.697590 298.427590 298.427590
7155 0.697544 0.697544 298.427544 298.427544
7157 0.696520 0.696520 298.426520 298.426520
7933 0.696369 0.696369 298.426369 298.426369
7936 0.694736 0.694736 298.424736 298.424736
8501 0.694544 0.694544 298.424544 298.424544
8504 0.694466 0.694466 298.424466 298.424466
8509 0.694079 0.694079 298.424079 298.424079
9852 0.693725 0.693725 298.423725 298.423725
10637 0.693052 0.693052 298.423052 298.423052
11202 0.692842 0.692842 298.422842 298.422842
11203 0.692769 0.692769 298.422769 298.422769
11755 0.692718 0.692718 298.422718 298.422718
11981 0.692333 0.692333 298.422333 298.422333
12552 0.692260 0.692260 298.422260 298.422260
12553 0.692220 0.692220 298.422220 298.422220
12557 0.692159 0.692159 298.422159 298.422159
13098 0.692127 0.692127 298.422127 298.422127
13103 0.692006 0.692006 298.422006 298.422006
13762 0.691954 0.691954 298.421954 298.421954
13770 0.691916 0.691916 298.421916 298.421916
15111 0.691868 0.691868 298.421868 298.421868
18493 0.691862 0.691862 298.421862 298.421862
18497 0.691860 0.691860 298.421860 298.421860
18502 0.691860 0.691860 298.421860 298.421860
18506 0.691859 0.691859 298.421859 298.421859
19845 0.691858 0.691858 298.421858 298.421858
19846 0.691857 0.691857 298.421857 298.421857
22549 0.691857 0.691857 298.421857 298.421857
22554 0.691857 0.691857 298.421857 298.421857
23896 0.691857 0.691857 298.421857 298.421857
23903 0.691857 0.691857 298.421857 298.421857
25243 0.691857 0.691857 298.421857 298.421857
25245 0.691857 0.691857 298.421857 298.421857
25246 0.691857 0.691857 298.421857 298.421857
25249 0.691857 0.691857 298.421857 298.421857
25250 0.691857 0.691857 298.421857 298.421857
25251 0.691857 0.691857 298.421857 298.421857
26596 0.691857 0.691857 298.421857 298.421857
26602 0.691857 0.691857 298.421857 298.421857
29293 0.691857 0.691857 298.421857 298.421857
29295 0.691857 0.691857 298.421857 298.421857
29300 0.691857 0.691857 298.421857 298.421857
30652 0.691857 0.691857 298.421857 298.421857
31993 0.691857 0.691857 298.421857 298.421857
33343 0.691857 0.691857 298.421857 298.421857
33349 0.691857 0.691857 298.421857 298.421857
33350 0.691857 0.691857 298.421857 298.421857
34851 0.691857 0.691857 298.421857 298.421857
36043 0.691857 0.691857 298.421857 298.421857
36047 0.691857 0.691857 298.421857 298.421857
37393 0.691857 0.691857 298.421857 298.421857
37395 0.691857 0.691857 298.421857 298.421857
40100 0.691857 0.691857 298.421857 298.421857
40103 0.691857 0.691857 298.421857 298.421857
41445 0.691857 0.691857 298.421857 298.421857
42799 0.691857 0.691857 298.421857 298.421857
64607 0.047477 0.047477 297.777477 297.777477
65181 0.047091 0.047091 297.777091 297.777091
65184 0.046241 0.046241 297.776241 297.776241
65185 0.044959 0.044959 297.774959 297.774959
65947 0.037524 0.037524 297.767524 297.767524
65954 0.026077 0.026077 297.756077 297.756077
66531 0.025940 0.025940 297.755940 297.755940
66533 0.024287 0.024287 297.754287 297.754287
67302 0.011011 0.011011 297.741011 297.741011
67881 0.010960 0.010960 297.740960 297.740960
67884 0.010143 0.010143 297.740143 297.740143
67888 0.009773 0.009773 297.739773 297.739773
69233 0.009647 0.009647 297.739647 297.739647
69236 0.009503 0.009503 297.739503 297.739503
69238 0.008558 0.008558 297.738558 297.738558
70588 0.008362 0.008362 297.738362 297.738362
71934 0.006915 0.006915 297.736915 297.736915
75401 0.005369 0.005369 297.735369 297.735369
75982 0.005247 0.005247 297.735247 297.735247
75983 0.004048 0.004048 297.734048 297.734048
76750 0.002394 0.002394 297.732394 297.732394
76759 0.000741 0.000741 297.730741 297.730741
77332 0.000738 0.000738 297.730738 297.730738
77333 0.000692 0.000692 297.730692 297.730692
77339 0.000648 0.000648 297.730648 297.730648
78101 0.000641 0.000641 297.730641 297.730641
78681 0.000637 0.000637 297.730637 297.730637
78684 0.000624 0.000624 297.730624 297.730624
78685 0.000589 0.000589 297.730589 297.730589
80035 0.000556 0.000556 297.730556 297.730556
80039 0.000556 0.000556 297.730556 297.730556
81381 0.000553 0.000553 297.730553 297.730553
81385 0.000503 0.000503 297.730503 297.730503
82155 0.000495 0.000495 297.730495 297.730495
82731 0.000493 0.000493 297.730493 297.730493
82735 0.000458 0.000458 297.730458 297.730458
84085 0.000442 0.000442 297.730442 297.730442
84089 0.000434 0.000434 297.730434 297.730434
84849 0.000433 0.000433 297.730433 297.730433
84851 0.000425 0.000425 297.730425 297.730425
85431 0.000423 0.000423 297.730423 297.730423
85435 0.000394 0.000394 297.730394 297.730394
86784 0.000392 0.000392 297.730392 297.730392
86785 0.000375 0.000375 297.730375 297.730375
88135 0.000358 0.000358 297.730358 297.730358
88902 0.000349 0.000349 297.730349 297.730349
89482 0.000348 0.000348 297.730348 297.730348
89485 0.000341 0.000341 297.730341 297.730341
89489 0.000324 0.000324 297.730324 297.730324
92185 0.000319 0.000319 297.730319 297.730319
93535 0.000310 0.000310 297.730310 297.730310
94885 0.000308 0.000308 297.730308 297.730308
96239 0.000303 0.000303 297.730303 297.730303
96997 0.000297 0.000297 297.730297 297.730297
97582 0.000296 0.000296 297.730296 297.730296
97585 0.000290 0.000290 297.730290 297.730290
97589 0.000286 0.000286 297.730286 297.730286
98935 0.000280 0.000280 297.730280 297.730280
99701 0.000279 0.000279 297.730279 297.730279
100282 0.000278 0.000278 297.730278 297.730278
100285 0.000273 0.000273 297.730273 297.730273
101635 0.000271 0.000271 297.730271 297.730271
101639 0.000269 0.000269 297.730269 297.730269
102989 0.000265 0.000265 297.730265 297.730265
104335 0.000263 0.000263 297.730263 297.730263
105685 0.000262 0.000262 297.730262 297.730262
105689 0.000260 0.000260 297.730260 297.730260
107035 0.000259 0.000259 297.730259 297.730259
107039 0.000259 0.000259 297.730259 297.730259
109735 0.000257 0.000257 297.730257 297.730257
109739 0.000256 0.000256 297.730256 297.730256
110506 0.000256 0.000256 297.730256 297.730256
110508 0.000256 0.000256 297.730256 297.730256
111082 0.000256 0.000256 297.730256 297.730256
111085 0.000251 0.000251 297.730251 297.730251
112435 0.000250 0.000250 297.730250 297.730250
112439 0.000248 0.000248 297.730248 297.730248
113789 0.000246 0.000246 297.730246 297.730246
115139 0.000245 0.000245 297.730245 297.730245
116489 0.000243 0.000243 297.730243 297.730243
119185 0.000240 0.000240 297.730240 297.730240
120535 0.000239 0.000239 297.730239 297.730239
121885 0.000238 0.000238 297.730238 297.730238
121889 0.000236 0.000236 297.730236 297.730236
124006 0.000236 0.000236 297.730236 297.730236
124582 0.000235 0.000235 297.730235 297.730235
124585 0.000232 0.000232 297.730232 297.730232
125935 0.000231 0.000231 297.730231 297.730231
127285 0.000231 0.000231 297.730231 297.730231
128632 0.000231 0.000231 297.730231 297.730231
128635 0.000229 0.000229 297.730229 297.730229
128639 0.000228 0.000228 297.730228 297.730228
129985 0.000226 0.000226 297.730226 297.730226
131335 0.000224 0.000224 297.730224 297.730224
131339 0.000224 0.000224 297.730224 297.730224
132099 0.000223 0.000223 297.730223 297.730223
132682 0.000222 0.000222 297.730222 297.730222
132685 0.000220 0.000220 297.730220 297.730220
134035 0.000218 0.000218 297.730218 297.730218
135000 66.222986 0.000218 66.222986 297.730218
"function evaluation" "current f(x)" "best-so-far f(x)" "current af(x)+b"  "best af(x)+b"
1 86.451411 86.451411 138.021411 138.021411
5 86.451357 86.451357 138.021357 138.021357
9 86.450215 86.450215 138.020215 138.020215
11 61.241052 61.241052 112.811052 112.811052
12 61.148499 61.148499 112.718499 112.718499
15 61.138525 61.138525 112.708525 112.708525
17 61.088872 61.088872 112.658872 112.658872
61 51.527470 51.527470 103.097470 103.097470
63 51.483411 51.483411 103.053411 103.053411
69 51.447688 51.447688 103.017688 103.017688
151 36.465918 36.465918 88.035918 88.035918
154 36.426760 36.426760 87.996760 87.996760
155 36.391211 36.391211 87.961211 87.961211
160 36.294757 36.294757 87.864757 87.864757
221 12.442461 12.442461 64.012461 64.012461
222 12.120405 12.120405 63.690405 63.690405
229 11.997063 11.997063 63.567063 63.567063
1302 11.771765 11.771765 63.341765 63.341765
1822 11.765970 11.765970 63.335970 63.335970
1824 11.741715 11.741715 63.311715 63.311715
1826 11.708995 11.708995 63.278995 63.278995
2083 6.940155 6.940155 58.510155 58.510155
2831 6.936227 6.936227 58.506227 58.506227
2834 6.926045 6.926045 58.496045 58.496045
2837 6.912265 6.912265 58.482265 58.482265
3834 6.714127 6.714127 58.284127 58.284127
4007 3.824706 3.824706 55.394706 55.394706
4521 3.807647 3.807647 55.377647 55.377647
4524 3.806216 3.806216 55.376216 55.376216
4525 3.795512 3.795512 55.365512 55.365512
4527 3.770442 3.770442 55.340442 55.340442
6721 0.560973 0.560973 52.130973 52.130973
7231 0.541643 0.541643 52.111643 52.111643
59378 0.487045 0.487045 52.057045 52.057045
59881 0.485380 0.485380 52.055380 52.055380
59889 0.482353 0.482353 52.052353 52.052353
60717 0.269576 0.269576 51.839576 51.839576
61232 0.267781 0.267781 51.837781 51.837781
61236 0.260785 0.260785 51.830785 51.830785
61239 0.249728 0.249728 51.819728 51.819728
74222 0.208428 0.208428 51.778428 51.778428
74731 0.198379 0.198379 51.768379 51.768379
75576 0.075075 0.075075 51.645075 51.645075
76082 0.069800 0.069800 51.639800 51.639800
76924 0.064489 0.064489 51.634489 51.634489
77432 0.061238 0.061238 51.631238 51.631238
77437 0.061211 0.061211 51.631211 51.631211
89071 0.059717 0.059717 51.629717 51.629717
89581 0.055340 0.055340 51.625340 51.625340
135000 5.062818 0.055340 5.062818 51.625340
"function evaluation" "current f(x)" "best-so-far f(x)" "current af(x)+b"  "best af(x)+b"
1 82.315589 82.315589 133.885589 133.885589
3 82.287293 82.287293 133.857293 133.857293
9 82.277571 82.277571 133.847571 133.847571
21 77.208629 77.208629 128.778629 128.778629
22 77.192877 77.192877 128.762877 128.762877
23 77.167193 77.167193 128.737193 128.737193
31 66.014471 66.014471 117.584471 117.584471
32 65.807612 65.807612 117.377612 117.377612
51 64.797076 64.797076 116.367076 116.367076
52 64.498491 64.498491 116.068491 116.068491
121 58.827230 58.827230 110.397230 110.397230
123 58.782703 58.782703 110.352703 110.352703
131 29.638188 29.638188 81.208188 81.208188
181 28.535932 28.535932 80.105932 80.105932
182 28.393804 28.393804 79.963804 79.963804
552 26.932337 26.932337 78.502337 78.502337
557 24.041920 24.041920 75.611920 75.611920
637 20.971270 20.971270 72.541270 72.541270
642 15.755015 15.755015 67.325015 67.325015
722 11.989175 11.989175 63.559175 63.559175
816 10.317265 10.317265 61.887265 61.887265
1532 10.287857 10.287857 61.857857 61.857857
1943 7.635293 7.635293 59.205293 59.205293
2661 4.727591 4.727591 56.297591 56.297591
3172 4.723908 4.723908 56.293908 56.293908
3173 4.702768 4.702768 56.272768 56.272768
3175 4.700862 4.700862 56.270862 56.270862
3177 4.675149 4.675149 56.245149 56.245149
5996 4.603466 4.603466 56.173466 56.173466
6709 2.380128 2.380128 53.950128 53.950128
7222 2.379209 2.379209 53.949209 53.949209
7223 2.372230 2.372230 53.942230 53.942230
7226 2.369785 2.369785 53.939785 53.939785
7227 2.367912 2.367912 53.937912 53.937912
9054 2.160173 2.160173 53.730173 53.730173
9711 2.148755 2.148755 53.718755 53.718755
9719 2.145465 2.145465 53.715465 53.715465
11753 2.121634 2.121634 53.691634 53.691634
12104 2.016115 2.016115 53.586115 53.586115
12621 2.016082 2.016082 53.586082 53.586082
12624 2.014402 2.014402 53.584402 53.584402
13450 1.872407 1.872407 53.442407 53.442407
13972 1.872202 1.872202 53.442202 53.442202
13974 1.864066 1.864066 53.434066 53.434066
14810 1.828824 1.828824 53.398824 53.398824
15322 1.828474 1.828474 53.398474 53.398474
15324 1.818592 1.818592 53.388592 53.388592
19996 1.588170 1.588170 53.158170 53.158170
20000 1.344865 1.344865 52.914865 52.914865
20203 1.318780 1.318780 52.888780 52.888780
20209 0.836661 0.836661 52.406661 52.406661
20722 0.833546 0.833546 52.403546 52.403546
20726 0.832628 0.832628 52.402628 52.402628
21552 0.745936 0.745936 52.315936 52.315936
22072 0.745561 0.745561 52.315561 52.315561
22074 0.744714 0.744714 52.314714 52.314714
22076 0.742875 0.742875 52.312875 52.312875
22905 0.728671 0.728671 52.298671 52.298671
22911 0.726133 0.726133 52.296133 52.296133
23422 0.725583 0.725583 52.295583 52.295583
23423 0.725187 0.725187 52.295187 52.295187
23427 0.723841 0.723841 52.293841 52.293841
24253 0.721615 0.721615 52.291615 52.291615
24257 0.720044 0.720044 52.290044 52.290044
24260 0.717300 0.717300 52.287300 52.287300
24772 0.717132 0.717132 52.287132 52.287132
24773 0.716577 0.716577 52.286577 52.286577
24777 0.714675 0.714675 52.284675 52.284675
26952 0.705415 0.705415 52.275415 52.275415
26958 0.701605 0.701605 52.271605 52.271605
27472 0.701337 0.701337 52.271337 52.271337
27473 0.701284 0.701284 52.271284 52.271284
27476 0.700935 0.700935 52.270935 52.270935
27477 0.700761 0.700761 52.270761 52.270761
28300 0.696616 0.696616 52.266616 52.266616
28821 0.696558 0.696558 52.266558 52.266558
28826 0.696172 0.696172 52.266172 52.266172
28827 0.695871 0.695871 52.265871 52.265871
31000 0.695013 0.695013 52.265013 52.265013
31004 0.694870 0.694870 52.264870 52.264870
31008 0.694639 0.694639 52.264639 52.264639
31010 0.693852 0.693852 52.263852 52.263852
31011 0.693289 0.693289 52.263289 52.263289
31013 0.693140 0.693140 52.263140 52.263140
31522 0.692840 0.692840 52.262840 52.262840
32354 0.692536 0.692536 52.262536 52.262536
32358 0.692405 0.692405 52.262405 52.262405
32360 0.692321 0.692321 52.262321 52.262321
32872 0.692195 0.692195 52.262195 52.262195
33702 0.692035 0.692035 52.262035 52.262035
34222 0.692031 0.692031 52.262031 52.262031
34223 0.692024 0.692024 52.262024 52.262024
34229 0.691960 0.691960 52.261960 52.261960
35052 0.691879 0.691879 52.261879 52.261879
35579 0.691863 0.691863 52.261863 52.261863
39105 0.691861 0.691861 52.261861 52.261861
40462 0.691860 0.691860 52.261860 52.261860
41802 0.691860 0.691860 52.261860 52.261860
41805 0.691860 0.691860 52.261860 52.261860
43152 0.691858 0.691858 52.261858 52.261858
44500 0.691857 0.691857 52.261857 52.261857
44503 0.691857 0.691857 52.261857 52.261857
44506 0.691857 0.691857 52.261857 52.261857
44509 0.691857 0.691857 52.261857 52.261857
48559 0.691857 0.691857 52.261857 52.261857
51048 0.691857 0.691857 52.261857 52.261857
51051 0.691857 0.691857 52.261857 52.261857
51254 0.691857 0.691857 52.261857 52.261857
52611 0.691857 0.691857 52.261857 52.261857
53950 0.691857 0.691857 52.261857 52.261857
55300 0.691857 0.691857 52.261857 52.261857
55306 0.691857 0.691857 52.261857 52.261857
55309 0.691857 0.691857 52.261857 52.261857
55311 0.691857 0.691857 52.261857 52.261857
56653 0.691857 0.691857 52.261857 52.261857
56659 0.691857 0.691857 52.261857 52.261857
58002 0.691857 0.691857 52.261857 52.261857
58009 0.691857 0.691857 52.261857 52.261857
59354 0.691857 0.691857 52.261857 52.261857
60702 0.691857 0.691857 52.261857 52.261857
62053 0.691857 0.691857 52.261857 52.261857
62059 0.691857 0.691857 52.261857 52.261857
63400 0.691857 0.691857 52.261857 52.261857
63404 0.691857 0.691857 52.261857 52.261857
64754 0.691857 0.691857 52.261857 52.261857
64755 0.691857 0.691857 52.261857 52.261857
65749 0.396698 0.396698 51.966698 51.966698
66411 0.394692 0.394692 51.964692 51.964692
66417 0.392651 0.392651 51.962651 51.962651
66419 0.384055 0.384055 51.954055 51.954055
67097 0.260610 0.260610 51.830610 51.830610
67761 0.253761 0.253761 51.823761 51.823761
67765 0.251722 0.251722 51.821722 51.821722
67770 0.242724 0.242724 51.812724 51.812724
75198 0.233571 0.233571 51.803571 51.803571
75862 0.221953 0.221953 51.791953 51.791953
75867 0.220994 0.220994 51.790994 51.790994
97875 0.192032 0.192032 51.762032 51.762032
98652 0.188148 0.188148 51.758148 51.758148
98654 0.187851 0.187851 51.757851 51.757851
98656 0.185498 0.185498 51.755498 51.755498
99227 0.160604 0.160604 51.730604 51.730604
99497 0.149233 0.149233 51.719233 51.719233
100162 0.147938 0.147938 51.717938 51.717938
100164 0.147710 0.147710 51.717710 51.717710
100167 0.146216 0.146216 51.716216 51.716216
103277 0.143625 0.143625 51.713625 51.713625
104051 0.138274 0.138274 51.708274 51.708274
104631 0.124854 0.124854 51.694854 51.694854
105401 0.123263 0.123263 51.693263 51.693263
105410 0.122814 0.122814 51.692814 51.692814
107325 0.100165 0.100165 51.670165 51.670165
107331 0.092099 0.092099 51.662099 51.662099
108101 0.091243 0.091243 51.661243 51.661243
108106 0.090659 0.090659 51.660659 51.660659
108675 0.062058 0.062058 51.632058 51.632058
108682 0.058171 0.058171 51.628171 51.628171
109451 0.056595 0.056595 51.626595 51.626595
116206 0.056148 0.056148 51.626148 51.626148
134595 0.044756 0.044756 51.614756 51.614756
134598 0.044443 0.044443 51.614443 51.614443
134605 0.043761 0.043761 51.613761 51.613761
135000 57.412598 0.043761 57.412598 51.613761
"function evaluation" "current f(x)" "best-so-far f(x)" "current af(x)+b"  "best af(x)+b"
1 85.722426 85.722426 137.292426 137.292426
2 85.715840 85.715840 137.285840 137.285840
7 85.715381 85.715381 137.285381 137.285381
21 85.308085 85.308085 136.878085 136.878085
31 75.252436 75.252436 126.822436 126.822436
33 75.230628 75.230628 126.800628 126.800628
41 72.663956 72.663956 124.233956 124.233956
42 72.662846 72.662846 124.232846 124.232846
44 72.655942 72.655942 124.225942 124.225942
46 72.613365 72.613365 124.183365 124.183365
121 70.637599 70.637599 122.207599 122.207599
122 70.600605 70.600605 122.170605 122.170605
130 70.581952 70.581952 122.151952 122.151952
151 62.465365 62.465365 114.035365 114.035365
251 55.094632 55.094632 106.664632 106.664632
574 49.265238 49.265238 100.835238 100.835238
681 41.514744 41.514744 93.084744 93.084744
714 21.992035 21.992035 73.562035 73.562035
1472 21.874359 21.874359 73.444359 73.444359
1480 21.840323 21.840323 73.410323 73.410323
1926 14.686330 14.686330 66.256330 66.256330
2742 14.680849 14.680849 66.250849 66.250849
2743 14.646035 14.646035 66.216035 66.216035
2745 14.599185 14.599185 66.169185 66.169185
3320 12.150628 12.150628 63.720628 63.720628
3405 9.553245 9.553245 61.123245 61.123245
3478 7.745185 7.745185 59.315185 59.315185
3480 6.723037 6.723037 58.293037 58.293037
3514 2.563876 2.563876 54.133876 54.133876
4232 2.529502 2.529502 54.099502 54.099502
4236 2.526894 2.526894 54.096894 54.096894
9958 0.916591 0.916591 52.486591 52.486591
10802 0.875378 0.875378 52.445378 52.445378
15540 0.851312 0.851312 52.421312 52.421312
15545 0.843402 0.843402 52.413402 52.413402
16311 0.840983 0.840983 52.410983 52.410983
16315 0.837210 0.837210 52.407210 52.407210
21138 0.780518 0.780518 52.350518 52.350518
21821 0.777667 0.777667 52.347667 52.347667
21826 0.777059 0.777059 52.347059 52.347059
22300 0.776480 0.776480 52.346480 52.346480
22477 0.712846 0.712846 52.282846 52.282846
22478 0.710777 0.710777 52.280777 52.280777
23171 0.709135 0.709135 52.279135 52.279135
23828 0.693387 0.693387 52.263387 52.263387
24521 0.693009 0.693009 52.263009 52.263009
26532 0.692401 0.692401 52.262401 52.262401
27221 0.692328 0.692328 52.262328 52.262328
27225 0.692165 0.692165 52.262165 52.262165
27884 0.692078 0.692078 52.262078 52.262078
28575 0.692013 0.692013 52.262013 52.262013
29230 0.692010 0.692010 52.262010 52.262010
29231 0.692003 0.692003 52.262003 52.262003
29928 0.691974 0.691974 52.261974 52.261974
29930 0.691914 0.691914 52.261914 52.261914
31278 0.691910 0.691910 52.261910 52.261910
32567 0.691908 0.691908 52.261908 52.261908
33184 0.691887 0.691887 52.261887 52.261887
33920 0.691863 0.691863 52.261863 52.261863
35877 0.691859 0.691859 52.261859 52.261859
37223 0.691859 0.691859 52.261859 52.261859
37225 0.691858 0.691858 52.261858 52.261858
37230 0.691858 0.691858 52.261858 52.261858
37233 0.691858 0.691858 52.261858 52.261858
37235 0.691857 0.691857 52.261857 52.261857
41275 0.691857 0.691857 52.261857 52.261857
41277 0.691857 0.691857 52.261857 52.261857
42623 0.691857 0.691857 52.261857 52.261857
42625 0.691857 0.691857 52.261857 52.261857
42626 0.691857 0.691857 52.261857 52.261857
42629 0.691857 0.691857 52.261857 52.261857
42632 0.691857 0.691857 52.261857 52.261857
43977 0.691857 0.691857 52.261857 52.261857
43978 0.691857 0.691857 52.261857 52.261857
44731 0.664598 0.664598 52.234598 52.234598
124712 0.479484 0.479484 52.049484 52.049484
125551 0.479254 0.479254 52.049254 52.049254
125554 0.477132 0.477132 52.047132 52.047132
125560 0.471961 0.471961 52.041961 52.041961
127405 0.238841 0.238841 51.808841 51.808841
127411 0.131244 0.131244 51.701244 51.701244
128252 0.130676 0.130676 51.700676 51.700676
128254 0.129793 0.129793 51.699793 51.699793
128260 0.129634 0.129634 51.699634 51.699634
128751 0.103078 0.103078 51.673078 51.673078
128757 0.092516 0.092516 51.662516 51.662516
128758 0.084545 0.084545 51.654545 51.654545
128760 0.083838 0.083838 51.653838 51.653838
128762 0.059357 0.059357 51.629357 51.629357
129602 0.057685 0.057685 51.627685 51.627685
129604 0.057437 0.057437 51.627437 51.627437
129607 0.057200 0.057200 51.627200 51.627200
131462 0.051834 0.051834 51.621834 51.621834
132301 0.049285 0.049285 51.619285 51.619285
132809 0.043025 0.043025 51.613025 51.613025
133652 0.041112 0.041112 51.611112 51.611112
133657 0.041060 0.041060 51.611060 51.611060
135000 5.063328 0.041060 5.063328 51.611060
