"function evaluation" "current f(x)" "best-so-far f(x)" "current af(x)+b"  "best af(x)+b"
1 330.029300 330.029300 313.089300 313.089300
6 329.905934 329.905934 312.965934 312.965934
8 329.437080 329.437080 312.497080 312.497080
11 329.322036 329.322036 312.382036 312.382036
29 329.065215 329.065215 312.125215 312.125215
81 192.044230 192.044230 175.104230 175.104230
82 190.660548 190.660548 173.720548 173.720548
85 189.791742 189.791742 172.851742 172.851742
99 189.614258 189.614258 172.674258 172.674258
107 189.512750 189.512750 172.572750 172.572750
110 189.436492 189.436492 172.496492 172.496492
161 160.257561 160.257561 143.317561 143.317561
165 160.181250 160.181250 143.241250 143.241250
170 159.717242 159.717242 142.777242 142.777242
361 158.035713 158.035713 141.095713 141.095713
365 157.793828 157.793828 140.853828 140.853828
372 157.336472 157.336472 140.396472 140.396472
382 157.291392 157.291392 140.351392 140.351392
521 136.537873 136.537873 119.597873 119.597873
524 136.518572 136.518572 119.578572 119.578572
527 136.308292 136.308292 119.368292 119.368292
535 136.216464 136.216464 119.276464 119.276464
538 136.203374 136.203374 119.263374 119.263374
761 121.107591 121.107591 104.167591 104.167591
762 120.782830 120.782830 103.842830 103.842830
768 120.674212 120.674212 103.734212 103.734212
776 120.668036 120.668036 103.728036 103.728036
785 120.452426 120.452426 103.512426 103.512426
794 120.361618 120.361618 103.421618 103.421618
796 120.185935 120.185935 103.245935 103.245935
1161 75.901768 75.901768 58.961768 58.961768
1181 75.838477 75.838477 58.898477 58.898477
2275 73.134146 73.134146 56.194146 56.194146
3493 73.008185 73.008185 56.068185 56.068185
3496 72.954271 72.954271 56.014271 56.014271
3497 72.505539 72.505539 55.565539 55.565539
5472 68.010872 68.010872 51.070872 51.070872
7141 66.511383 66.511383 49.571383 49.571383
11187 58.475633 58.475633 41.535633 41.535633
12882 58.428361 58.428361 41.488361 41.488361
12890 58.234568 58.234568 41.294568 41.294568
13919 52.385962 52.385962 35.445962 35.445962
15452 52.263371 52.263371 35.323371 35.323371
15453 52.220285 52.220285 35.280285 35.280285
15461 52.140038 52.140038 35.200038 35.200038
15470 52.090988 52.090988 35.150988 35.150988
19266 48.988635 48.988635 32.048635 32.048635
20311 48.832095 48.832095 31.892095 31.892095
20323 48.742056 48.742056 31.802056 31.802056
25209 34.888293 34.888293 17.948293 17.948293
26612 34.744980 34.744980 17.804980 17.804980
26618 34.710888 34.710888 17.770888 17.770888
26638 34.695751 34.695751 17.755751 17.755751
127680 28.364239 28.364239 11.424239 11.424239
128892 28.167169 28.167169 11.227169 11.227169
128902 28.140162 28.140162 11.200162 11.200162
128918 28.122545 28.122545 11.182545 11.182545
285000 94.367035 28.122545 94.367035 11.182545
"function evaluation" "current f(x)" "best-so-far f(x)" "current af(x)+b"  "best af(x)+b"
1 191.500276 191.500276 174.560276 174.560276
6 191.048228 191.048228 174.108228 174.108228
8 190.897489 190.897489 173.957489 173.957489
29 190.715662 190.715662 173.775662 173.775662
81 148.716929 148.716929 131.776929 131.776929
82 147.961938 147.961938 131.021938 131.021938
84 146.776219 146.776219 129.836219 129.836219
121 74.794771 74.794771 57.854771 57.854771
123 74.748344 74.748344 57.808344 57.808344
125 74.555436 74.555436 57.615436 57.615436
129 74.221764 74.221764 57.281764 57.281764
133 74.195943 74.195943 57.255943 57.255943
2613 60.223256 60.223256 43.283256 43.283256
4291 60.081863 60.081863 43.141863 43.141863
4298 60.009991 60.009991 43.069991 43.069991
4311 59.803712 59.803712 42.863712 42.863712
4912 57.847081 57.847081 40.907081 40.907081
4961 52.587895 52.587895 35.647895 35.647895
5686 43.358321 43.358321 26.418321 26.418321
7661 43.283860 43.283860 26.343860 26.343860
7663 43.277461 43.277461 26.337461 26.337461
7667 43.238317 43.238317 26.298317 26.298317
7674 43.187050 43.187050 26.247050 26.247050
8502 37.746018 37.746018 20.806018 20.806018
8509 35.889765 35.889765 18.949765 18.949765
10431 35.882111 35.882111 18.942111 18.942111
10433 35.852776 35.852776 18.912776 18.912776
10437 35.838942 35.838942 18.898942 18.898942
10446 35.807568 35.807568 18.867568 18.867568
10452 35.754355 35.754355 18.814355 18.814355
10459 35.637310 35.637310 18.697310 18.697310
104603 35.543142 35.543142 18.603142 18.603142
105452 35.431073 35.431073 18.491073 18.491073
105458 35.397445 35.397445 18.457445 18.457445
105484 35.364137 35.364137 18.424137 18.424137
178849 34.075470 34.075470 17.135470 17.135470
179872 34.020535 34.020535 17.080535 17.080535
179873 34.016995 34.016995 17.076995 17.076995
179875 33.973568 33.973568 17.033568 17.033568
179880 33.945260 33.945260 17.005260 17.005260
179885 33.942200 33.942200 17.002200 17.002200
179908 33.859606 33.859606 16.919606 16.919606
285000 63.855459 33.859606 63.855459 16.919606
"function evaluation" "current f(x)" "best-so-far f(x)" "current af(x)+b"  "best af(x)+b"
1 179.718481 179.718481 162.778481 162.778481
2 179.170529 179.170529 162.230529 162.230529
4 179.078804 179.078804 162.138804 162.138804
5 178.865463 178.865463 161.925463 161.925463
10 178.813662 178.813662 161.873662 161.873662
22 178.728906 178.728906 161.788906 161.788906
40 178.659875 178.659875 161.719875 161.719875
321 69.823777 69.823777 52.883777 52.883777
322 69.817971 69.817971 52.877971 52.877971
323 69.762496 69.762496 52.822496 52.822496
325 69.622542 69.622542 52.682542 52.682542
330 69.187710 69.187710 52.247710 52.247710
2137 49.245054 49.245054 32.305054 32.305054
2139 46.744020 46.744020 29.804020 29.804020
2141 45.034357 45.034357 28.094357 28.094357
2143 37.764022 37.764022 20.824022 20.824022
3171 37.605785 37.605785 20.665785 20.665785
3174 37.511539 37.511539 20.571539 20.571539
3176 37.481469 37.481469 20.541469 20.541469
3199 37.480039 37.480039 20.540039 20.540039
3205 37.282411 37.282411 20.342411 20.342411
70862 36.080825 36.080825 19.140825 19.140825
72334 35.983107 35.983107 19.043107 19.043107
72336 35.974887 35.974887 19.034887 19.034887
72339 35.908524 35.908524 18.968524 18.968524
72369 35.903165 35.903165 18.963165 18.963165
285000 140.327832 35.903165 140.327832 18.963165
"function evaluation" "current f(x)" "best-so-far f(x)" "current af(x)+b"  "best af(x)+b"
1 328.454335 328.454335 347.264335 347.264335
2 327.753094 327.753094 346.563094 346.563094
6 326.982887 326.982887 345.792887 345.792887
8 326.668841 326.668841 345.478841 345.478841
19 326.474500 326.474500 345.284500 345.284500
41 81.342684 81.342684 100.152684 100.152684
42 80.832891 80.832891 99.642891 99.642891
47 80.825747 80.825747 99.635747 99.635747
401 75.262131 75.262131 94.072131 94.072131
403 75.094914 75.094914 93.904914 93.904914
406 74.983820 74.983820 93.793820 93.793820
414 74.815876 74.815876 93.625876 93.625876
440 74.753446 74.753446 93.563446 93.563446
1521 73.864369 73.864369 92.674369 92.674369
1526 73.726209 73.726209 92.536209 92.536209
1540 73.507874 73.507874 92.317874 92.317874
1556 73.503452 73.503452 92.313452 92.313452
1561 65.651347 65.651347 84.461347 84.461347
1570 65.517653 65.517653 84.327653 84.327653
1571 65.506230 65.506230 84.316230 84.316230
1574 65.457437 65.457437 84.267437 84.267437
1596 65.249036 65.249036 84.059036 84.059036
2020 62.726356 62.726356 81.536356 81.536356
2021 60.354832 60.354832 79.164832 79.164832
2022 53.211032 53.211032 72.021032 72.021032
2023 53.036469 53.036469 71.846469 71.846469
2025 50.795139 50.795139 69.605139 69.605139
2043 50.759670 50.759670 69.569670 69.569670
2649 46.002169 46.002169 64.812169 64.812169
4372 45.979340 45.979340 64.789340 64.789340
4374 45.960268 45.960268 64.770268 64.770268
4376 45.867563 45.867563 64.677563 64.677563
4382 45.734601 45.734601 64.544601 64.544601
5523 38.962289 38.962289 57.772289 57.772289
7261 38.865325 38.865325 57.675325 57.675325
7291 38.857683 38.857683 57.667683 57.667683
56818 36.743024 36.743024 55.553024 55.553024
58562 36.707092 36.707092 55.517092 55.517092
58565 36.620856 36.620856 55.430856 55.430856
58569 36.556506 36.556506 55.366506 55.366506
58582 36.523967 36.523967 55.333967 55.333967
58595 36.408661 36.408661 55.218661 55.218661
90748 33.949823 33.949823 52.759823 52.759823
92121 33.876195 33.876195 52.686195 52.686195
92127 33.784771 33.784771 52.594771 52.594771
92133 33.772171 33.772171 52.582171 52.582171
285000 80.937464 33.772171 80.937464 52.582171
"function evaluation" "current f(x)" "best-so-far f(x)" "current af(x)+b"  "best af(x)+b"
1 332.514854 332.514854 351.324854 351.324854
6 328.648031 328.648031 347.458031 347.458031
14 328.501645 328.501645 347.311645 347.311645
36 327.121126 327.121126 345.931126 345.931126
41 235.384541 235.384541 254.194541 254.194541
42 234.703957 234.703957 253.513957 253.513957
69 234.703158 234.703158 253.513158 253.513158
73 234.570936 234.570936 253.380936 253.380936
76 234.506843 234.506843 253.316843 253.316843
81 162.637248 162.637248 181.447248 181.447248
82 162.531031 162.531031 181.341031 181.341031
83 162.400812 162.400812 181.210812 181.210812
85 162.265044 162.265044 181.075044 181.075044
100 162.206706 162.206706 181.016706 181.016706
101 161.893129 161.893129 180.703129 180.703129
120 161.868449 161.868449 180.678449 180.678449
121 141.101666 141.101666 159.911666 159.911666
142 140.894967 140.894967 159.704967 159.704967
156 140.878405 140.878405 159.688405 159.688405
161 67.924992 67.924992 86.734992 86.734992
162 67.813497 67.813497 86.623497 86.623497
164 67.784467 67.784467 86.594467 86.594467
165 67.731166 67.731166 86.541166 86.541166
177 67.667693 67.667693 86.477693 86.477693
195 67.557879 67.557879 86.367879 86.367879
1241 65.283037 65.283037 84.093037 84.093037
1242 65.274644 65.274644 84.084644 84.084644
1244 65.254241 65.254241 84.064241 84.064241
1249 65.217982 65.217982 84.027982 84.027982
1252 64.933373 64.933373 83.743373 83.743373
1321 61.384372 61.384372 80.194372 80.194372
1323 61.316554 61.316554 80.126554 80.126554
1326 61.217683 61.217683 80.027683 80.027683
1331 61.037535 61.037535 79.847535 79.847535
2362 59.132178 59.132178 77.942178 77.942178
2368 53.212182 53.212182 72.022182 72.022182
2562 49.799713 49.799713 68.609713 68.609713
2569 49.640024 49.640024 68.450024 68.450024
2574 44.921126 44.921126 63.731126 63.731126
4172 44.606142 44.606142 63.416142 63.416142
13989 41.525380 41.525380 60.335380 60.335380
15612 41.366632 41.366632 60.176632 60.176632
15634 41.304626 41.304626 60.114626 60.114626
19685 34.956453 34.956453 53.766453 53.766453
21312 34.893336 34.893336 53.703336 53.703336
21314 34.709771 34.709771 53.519771 53.519771
48199 34.654689 34.654689 53.464689 53.464689
48204 33.800082 33.800082 52.610082 52.610082
49852 33.679587 33.679587 52.489587 52.489587
49856 33.666503 33.666503 52.476503 52.476503
49862 33.652326 33.652326 52.462326 52.462326
49876 33.626350 33.626350 52.436350 52.436350
97650 33.608088 33.608088 52.418088 52.418088
127530 33.055558 33.055558 51.865558 51.865558
128531 32.990997 32.990997 51.800997 51.800997
128536 32.916854 32.916854 51.726854 51.726854
128555 32.876907 32.876907 51.686907 51.686907
136074 31.893424 31.893424 50.703424 50.703424
137083 31.819126 31.819126 50.629126 50.629126
137086 31.743642 31.743642 50.553642 50.553642
137088 31.732154 31.732154 50.542154 50.542154
137118 31.727071 31.727071 50.537071 50.537071
285000 137.518254 31.727071 137.518254 50.537071
"function evaluation" "current f(x)" "best-so-far f(x)" "current af(x)+b"  "best af(x)+b"
1 409.211256 409.211256 428.021256 428.021256
6 408.483372 408.483372 427.293372 427.293372
32 408.325726 408.325726 427.135726 427.135726
40 408.225404 408.225404 427.035404 427.035404
41 158.068818 158.068818 176.878818 176.878818
56 158.007996 158.007996 176.817996 176.817996
60 157.827671 157.827671 176.637671 176.637671
72 157.817599 157.817599 176.627599 176.627599
75 157.751586 157.751586 176.561586 176.561586
81 101.851526 101.851526 120.661526 120.661526
82 101.814871 101.814871 120.624871 120.624871
84 101.792735 101.792735 120.602735 120.602735
86 101.357847 101.357847 120.167847 120.167847
116 101.053021 101.053021 119.863021 119.863021
1041 92.086429 92.086429 110.896429 110.896429
1241 91.837245 91.837245 110.647245 110.647245
1243 91.640021 91.640021 110.450021 110.450021
1260 91.584731 91.584731 110.394731 110.394731
1321 55.123240 55.123240 73.933240 73.933240
1322 54.652946 54.652946 73.462946 73.462946
1356 54.611393 54.611393 73.421393 73.421393
1361 53.306039 53.306039 72.116039 72.116039
1370 53.233767 53.233767 72.043767 72.043767
1391 53.149246 53.149246 71.959246 71.959246
1441 47.260374 47.260374 66.070374 66.070374
1445 47.220365 47.220365 66.030365 66.030365
1469 47.101764 47.101764 65.911764 65.911764
2582 39.093812 39.093812 57.903812 57.903812
2584 35.928287 35.928287 54.738287 54.738287
4212 35.795199 35.795199 54.605199 54.605199
4244 35.648093 35.648093 54.458093 54.458093
56244 29.426247 29.426247 48.236247 48.236247
57201 29.291741 29.291741 48.101741 48.101741
57205 29.225870 29.225870 48.035870 48.035870
57207 29.150048 29.150048 47.960048 47.960048
57211 29.138744 29.138744 47.948744 47.948744
57231 29.078651 29.078651 47.888651 47.888651
205039 26.861161 26.861161 45.671161 45.671161
206802 26.839974 26.839974 45.649974 45.649974
206804 26.770104 26.770104 45.580104 45.580104
206807 26.706847 26.706847 45.516847 45.516847
206811 26.678846 26.678846 45.488846 45.488846
285000 100.525083 26.678846 100.525083 45.488846
"function evaluation" "current f(x)" "best-so-far f(x)" "current af(x)+b"  "best af(x)+b"
1 423.139479 423.139479 696.289479 696.289479
4 422.528837 422.528837 695.678837 695.678837
10 421.759547 421.759547 694.909547 694.909547
31 420.253403 420.253403 693.403403 693.403403
41 99.626537 99.626537 372.776537 372.776537
42 98.909541 98.909541 372.059541 372.059541
48 98.721630 98.721630 371.871630 371.871630
49 98.233834 98.233834 371.383834 371.383834
1041 94.606809 94.606809 367.756809 367.756809
1047 94.500580 94.500580 367.650580 367.650580
1071 94.213330 94.213330 367.363330 367.363330
1161 63.809648 63.809648 336.959648 336.959648
1162 63.517204 63.517204 336.667204 336.667204
1164 63.337445 63.337445 336.487445 336.487445
1169 63.137563 63.137563 336.287563 336.287563
1175 62.964891 62.964891 336.114891 336.114891
8060 52.369759 52.369759 325.519759 325.519759
9392 52.329970 52.329970 325.479970 325.479970
9394 52.265697 52.265697 325.415697 325.415697
9396 52.237045 52.237045 325.387045 325.387045
9416 52.224177 52.224177 325.374177 325.374177
9419 52.222179 52.222179 325.372179 325.372179
37011 42.535762 42.535762 315.685762 315.685762
38932 42.503348 42.503348 315.653348 315.653348
38934 42.457003 42.457003 315.607003 315.607003
38938 42.450020 42.450020 315.600020 315.600020
38939 42.437327 42.437327 315.587327 315.587327
38948 42.413320 42.413320 315.563320 315.563320
74028 41.637758 41.637758 314.787758 314.787758
75902 41.544995 41.544995 314.694995 314.694995
75904 41.483216 41.483216 314.633216 314.633216
75906 41.397382 41.397382 314.547382 314.547382
75912 41.362705 41.362705 314.512705 314.512705
165236 39.402265 39.402265 312.552265 312.552265
167141 39.354592 39.354592 312.504592 312.504592
167143 39.294896 39.294896 312.444896 312.444896
167145 39.285079 39.285079 312.435079 312.435079
167150 39.199482 39.199482 312.349482 312.349482
167158 39.018293 39.018293 312.168293 312.168293
167165 38.923373 38.923373 312.073373 312.073373
285000 141.293626 38.923373 141.293626 312.073373
"function evaluation" "current f(x)" "best-so-far f(x)" "current af(x)+b"  "best af(x)+b"
1 834.755424 834.755424 1107.905424 1107.905424
2 830.308849 830.308849 1103.458849 1103.458849
5 829.976056 829.976056 1103.126056 1103.126056
41 594.901660 594.901660 868.051660 868.051660
50 593.426983 593.426983 866.576983 866.576983
71 591.877248 591.877248 865.027248 865.027248
112 591.021395 591.021395 864.171395 864.171395
121 397.072763 397.072763 670.222763 670.222763
122 396.876867 396.876867 670.026867 670.026867
124 395.879889 395.879889 669.029889 669.029889
138 395.505505 395.505505 668.655505 668.655505
151 395.118559 395.118559 668.268559 668.268559
159 395.066578 395.066578 668.216578 668.216578
201 303.594574 303.594574 576.744574 576.744574
210 302.836084 302.836084 575.986084 575.986084
281 179.229025 179.229025 452.379025 452.379025
290 179.062273 179.062273 452.212273 452.212273
298 178.996812 178.996812 452.146812 452.146812
300 178.938826 178.938826 452.088826 452.088826
305 178.767495 178.767495 451.917495 451.917495
319 178.529822 178.529822 451.679822 451.679822
1001 172.477964 172.477964 445.627964 445.627964
1008 172.392173 172.392173 445.542173 445.542173
1009 172.303517 172.303517 445.453517 445.453517
1011 172.254596 172.254596 445.404596 445.404596
1021 172.218155 172.218155 445.368155 445.368155
1441 152.383425 152.383425 425.533425 425.533425
1444 151.568009 151.568009 424.718009 424.718009
1448 151.456579 151.456579 424.606579 424.606579
1449 151.432546 151.432546 424.582546 424.582546
1453 151.363253 151.363253 424.513253 424.513253
1455 150.684973 150.684973 423.834973 423.834973
1479 150.531608 150.531608 423.681608 423.681608
1841 146.619834 146.619834 419.769834 419.769834
1842 145.147042 145.147042 418.297042 418.297042
1855 144.303109 144.303109 417.453109 417.453109
2124 130.117822 130.117822 403.267822 403.267822
2414 120.549035 120.549035 393.699035 393.699035
2415 112.285288 112.285288 385.435288 385.435288
2615 90.700799 90.700799 363.850799 363.850799
2783 71.929505 71.929505 345.079505 345.079505
2794 69.289265 69.289265 342.439265 342.439265
4691 69.269310 69.269310 342.419310 342.419310
4696 69.057878 69.057878 342.207878 342.207878
4698 69.033781 69.033781 342.183781 342.183781
4703 68.956293 68.956293 342.106293 342.106293
4710 68.936355 68.936355 342.086355 342.086355
4716 68.923379 68.923379 342.073379 342.073379
4729 68.757684 68.757684 341.907684 341.907684
7769 63.035458 63.035458 336.185458 336.185458
8712 62.992974 62.992974 336.142974 336.142974
8713 62.889396 62.889396 336.039396 336.039396
8715 62.559341 62.559341 335.709341 335.709341
16360 41.130982 41.130982 314.280982 314.280982
17343 40.761201 40.761201 313.911201 313.911201
17358 40.673506 40.673506 313.823506 313.823506
99131 40.467217 40.467217 313.617217 313.617217
100272 40.134012 40.134012 313.284012 313.284012
100276 40.131063 40.131063 313.281063 313.281063
100282 40.107702 40.107702 313.257702 313.257702
100286 40.061519 40.061519 313.211519 313.211519
100306 39.986384 39.986384 313.136384 313.136384
196101 28.307055 28.307055 301.457055 301.457055
197331 28.142060 28.142060 301.292060 301.292060
197337 28.092300 28.092300 301.242300 301.242300
285000 127.811497 28.092300 127.811497 301.242300
"function evaluation" "current f(x)" "best-so-far f(x)" "current af(x)+b"  "best af(x)+b"
1 442.167871 442.167871 715.317871 715.317871
2 438.078103 438.078103 711.228103 711.228103
5 434.769291 434.769291 707.919291 707.919291
121 354.082051 354.082051 627.232051 627.232051
122 348.566659 348.566659 621.716659 621.716659
130 347.496560 347.496560 620.646560 620.646560
156 347.093355 347.093355 620.243355 620.243355
161 147.764980 147.764980 420.914980 420.914980
163 147.467708 147.467708 420.617708 420.617708
601 101.659756 101.659756 374.809756 374.809756
604 101.484931 101.484931 374.634931 374.634931
608 101.484621 101.484621 374.634621 374.634621
610 101.281877 101.281877 374.431877 374.431877
2259 78.323739 78.323739 351.473739 351.473739
2260 77.045578 77.045578 350.195578 350.195578
2267 64.526116 64.526116 337.676116 337.676116
3451 64.468697 64.468697 337.618697 337.618697
3453 64.270273 64.270273 337.420273 337.420273
3460 64.252650 64.252650 337.402650 337.402650
3471 64.073819 64.073819 337.223819 337.223819
19681 54.469053 54.469053 327.619053 327.619053
19690 51.897085 51.897085 325.047085 325.047085
21311 51.844059 51.844059 324.994059 324.994059
21316 51.748498 51.748498 324.898498 324.898498
21328 51.593726 51.593726 324.743726 324.743726
56571 47.596016 47.596016 320.746016 320.746016
57962 47.561639 47.561639 320.711639 320.711639
57967 47.546042 47.546042 320.696042 320.696042
57970 47.486156 47.486156 320.636156 320.636156
57972 47.356871 47.356871 320.506871 320.506871
57982 47.273083 47.273083 320.423083 320.423083
57994 47.269233 47.269233 320.419233 320.419233
79342 46.953009 46.953009 320.103009 320.103009
80722 46.940288 46.940288 320.090288 320.090288
80723 46.822489 46.822489 319.972489 319.972489
80728 46.814281 46.814281 319.964281 319.964281
80729 46.811132 46.811132 319.961132 319.961132
80732 46.690606 46.690606 319.840606 319.840606
80752 46.595194 46.595194 319.745194 319.745194
90567 44.113822 44.113822 317.263822 317.263822
91682 44.044638 44.044638 317.194638 317.194638
91687 43.906789 43.906789 317.056789 317.056789
91716 43.810586 43.810586 316.960586 316.960586
93781 42.842610 42.842610 315.992610 315.992610
95413 42.581032 42.581032 315.731032 315.731032
142199 39.952251 39.952251 313.102251 313.102251
143786 39.885671 39.885671 313.035671 313.035671
143787 39.514746 39.514746 312.664746 312.664746
285000 251.560148 39.514746 251.560148 312.664746
"function evaluation" "current f(x)" "best-so-far f(x)" "current af(x)+b"  "best af(x)+b"
1 139.117548 139.117548 176.297548 176.297548
9 138.413680 138.413680 175.593680 175.593680
81 111.738698 111.738698 148.918698 148.918698
84 110.910867 110.910867 148.090867 148.090867
87 110.755665 110.755665 147.935665 147.935665
112 110.722863 110.722863 147.902863 147.902863
241 89.134123 89.134123 126.314123 126.314123
249 88.838528 88.838528 126.018528 126.018528
281 51.567393 51.567393 88.747393 88.747393
283 51.506237 51.506237 88.686237 88.686237
299 51.426752 51.426752 88.606752 88.606752
521 30.530070 30.530070 67.710070 67.710070
524 30.497363 30.497363 67.677363 67.677363
531 30.491334 30.491334 67.671334 67.671334
549 30.436069 30.436069 67.616069 67.616069
560 30.349372 30.349372 67.529372 67.529372
2222 24.623070 24.623070 61.803070 61.803070
3371 24.563837 24.563837 61.743837 61.743837
3377 24.560114 24.560114 61.740114 61.740114
3381 24.360621 24.360621 61.540621 61.540621
285000 80.903295 24.360621 80.903295 61.540621
"function evaluation" "current f(x)" "best-so-far f(x)" "current af(x)+b"  "best af(x)+b"
1 98.293007 98.293007 135.473007 135.473007
2 98.105089 98.105089 135.285089 135.285089
3 98.084835 98.084835 135.264835 135.264835
7 98.073452 98.073452 135.253452 135.253452
14 97.992799 97.992799 135.172799 135.172799
23 97.866968 97.866968 135.046968 135.046968
161 86.841079 86.841079 124.021079 124.021079
162 86.255145 86.255145 123.435145 123.435145
174 86.149333 86.149333 123.329333 123.329333
183 86.118859 86.118859 123.298859 123.298859
195 86.031391 86.031391 123.211391 123.211391
241 64.092524 64.092524 101.272524 101.272524
246 64.085687 64.085687 101.265687 101.265687
361 63.782731 63.782731 100.962731 100.962731
362 62.982542 62.982542 100.162542 100.162542
370 62.873165 62.873165 100.053165 100.053165
521 49.959192 49.959192 87.139192 87.139192
535 49.885583 49.885583 87.065583 87.065583
544 49.719313 49.719313 86.899313 86.899313
2103 41.768504 41.768504 78.948504 78.948504
2222 37.176153 37.176153 74.356153 74.356153
2224 29.369643 29.369643 66.549643 66.549643
3372 29.289936 29.289936 66.469936 66.469936
3373 29.276388 29.276388 66.456388 66.456388
3380 29.264233 29.264233 66.444233 66.444233
3384 29.149205 29.149205 66.329205 66.329205
285000 84.324521 29.149205 84.324521 66.329205
"function evaluation" "current f(x)" "best-so-far f(x)" "current af(x)+b"  "best af(x)+b"
1 194.361950 194.361950 231.541950 231.541950
2 193.483065 193.483065 230.663065 230.663065
3 193.152434 193.152434 230.332434 230.332434
19 193.053924 193.053924 230.233924 230.233924
31 192.716796 192.716796 229.896796 229.896796
41 101.753019 101.753019 138.933019 138.933019
42 101.419685 101.419685 138.599685 138.599685
43 100.872238 100.872238 138.052238 138.052238
48 100.566745 100.566745 137.746745 137.746745
71 100.291943 100.291943 137.471943 137.471943
81 88.235696 88.235696 125.415696 125.415696
83 88.200755 88.200755 125.380755 125.380755
89 87.629258 87.629258 124.809258 124.809258
121 79.107180 79.107180 116.287180 116.287180
124 78.524350 78.524350 115.704350 115.704350
161 73.556303 73.556303 110.736303 110.736303
162 73.458811 73.458811 110.638811 110.638811
164 73.286586 73.286586 110.466586 110.466586
721 55.698949 55.698949 92.878949 92.878949
726 55.658161 55.658161 92.838161 92.838161
730 55.611546 55.611546 92.791546 92.791546
731 55.498329 55.498329 92.678329 92.678329
2045 51.580707 51.580707 88.760707 88.760707
2157 40.585645 40.585645 77.765645 77.765645
3211 40.524447 40.524447 77.704447 77.704447
3213 40.201193 40.201193 77.381193 77.381193
3217 40.095297 40.095297 77.275297 77.275297
3223 39.962301 39.962301 77.142301 77.142301
3246 39.879430 39.879430 77.059430 77.059430
6421 39.874870 39.874870 77.054870 77.054870
6431 39.786547 39.786547 76.966547 76.966547
6440 39.783030 39.783030 76.963030 76.963030
6451 39.686896 39.686896 76.866896 76.866896
127475 36.390157 36.390157 73.570157 73.570157
128412 36.159997 36.159997 73.339997 73.339997
128422 35.882219 35.882219 73.062219 73.062219
250400 35.440482 35.440482 72.620482 72.620482
251842 35.412620 35.412620 72.592620 72.592620
251844 35.397312 35.397312 72.577312 72.577312
251845 35.390037 35.390037 72.570037 72.570037
251851 35.348897 35.348897 72.528897 72.528897
251853 35.327601 35.327601 72.507601 72.507601
251872 35.273108 35.273108 72.453108 72.453108
251876 35.258612 35.258612 72.438612 72.438612
285000 79.633081 35.258612 79.633081 72.438612
"function evaluation" "current f(x)" "best-so-far f(x)" "current af(x)+b"  "best af(x)+b"
1 107.077937 107.077937 -40.822063 -40.822063
3 106.790501 106.790501 -41.109499 -41.109499
28 106.690743 106.690743 -41.209257 -41.209257
37 106.439551 106.439551 -41.460449 -41.460449
81 101.975868 101.975868 -45.924132 -45.924132
82 101.883285 101.883285 -46.016715 -46.016715
84 101.822860 101.822860 -46.077140 -46.077140
85 101.735690 101.735690 -46.164310 -46.164310
92 101.589480 101.589480 -46.310520 -46.310520
121 72.350538 72.350538 -75.549462 -75.549462
123 72.326785 72.326785 -75.573215 -75.573215
125 72.124499 72.124499 -75.775501 -75.775501
132 72.015860 72.015860 -75.884140 -75.884140
241 70.804181 70.804181 -77.095819 -77.095819
242 70.534005 70.534005 -77.365995 -77.365995
244 70.417239 70.417239 -77.482761 -77.482761
259 70.308615 70.308615 -77.591385 -77.591385
561 52.694797 52.694797 -95.205203 -95.205203
562 52.523768 52.523768 -95.376232 -95.376232
563 52.443676 52.443676 -95.456324 -95.456324
567 52.441847 52.441847 -95.458153 -95.458153
572 52.311062 52.311062 -95.588938 -95.588938
587 52.112725 52.112725 -95.787275 -95.787275
1281 50.385583 50.385583 -97.514417 -97.514417
1282 50.274088 50.274088 -97.625912 -97.625912
1284 50.190667 50.190667 -97.709333 -97.709333
1293 50.016809 50.016809 -97.883191 -97.883191
2108 48.260583 48.260583 -99.639417 -99.639417
2109 43.902160 43.902160 -103.997840 -103.997840
2243 41.440310 41.440310 -106.459690 -106.459690
2248 40.370358 40.370358 -107.529642 -107.529642
2250 37.851137 37.851137 -110.048863 -110.048863
3411 37.692519 37.692519 -110.207481 -110.207481
3422 37.523764 37.523764 -110.376236 -110.376236
285000 78.131323 37.523764 78.131323 -110.376236
"function evaluation" "current f(x)" "best-so-far f(x)" "current af(x)+b"  "best af(x)+b"
1 197.677376 197.677376 49.777376 49.777376
2 197.031469 197.031469 49.131469 49.131469
4 196.447324 196.447324 48.547324 48.547324
5 196.340495 196.340495 48.440495 48.440495
30 196.268424 196.268424 48.368424 48.368424
41 112.793388 112.793388 -35.106612 -35.106612
42 112.594830 112.594830 -35.305170 -35.305170
45 112.549873 112.549873 -35.350127 -35.350127
72 112.507317 112.507317 -35.392683 -35.392683
241 81.245844 81.245844 -66.654156 -66.654156
242 81.129264 81.129264 -66.770736 -66.770736
243 80.902147 80.902147 -66.997853 -66.997853
246 80.865769 80.865769 -67.034231 -67.034231
321 76.717781 76.717781 -71.182219 -71.182219
322 76.562986 76.562986 -71.337014 -71.337014
323 76.319907 76.319907 -71.580093 -71.580093
330 76.102547 76.102547 -71.797453 -71.797453
334 75.984225 75.984225 -71.915775 -71.915775
353 75.942862 75.942862 -71.957138 -71.957138
441 66.259476 66.259476 -81.640524 -81.640524
444 66.120760 66.120760 -81.779240 -81.779240
451 66.107023 66.107023 -81.792977 -81.792977
881 63.129971 63.129971 -84.770029 -84.770029
882 62.856757 62.856757 -85.043243 -85.043243
892 62.586404 62.586404 -85.313596 -85.313596
1321 53.712432 53.712432 -94.187568 -94.187568
1324 53.663753 53.663753 -94.236247 -94.236247
1356 53.594411 53.594411 -94.305589 -94.305589
2124 53.485014 53.485014 -94.414986 -94.414986
2125 51.909321 51.909321 -95.990679 -95.990679
2375 45.670688 45.670688 -102.229312 -102.229312
2378 40.381252 40.381252 -107.518748 -107.518748
3732 40.253653 40.253653 -107.646347 -107.646347
3733 40.209839 40.209839 -107.690161 -107.690161
3750 40.074773 40.074773 -107.825227 -107.825227
85385 37.144276 37.144276 -110.755724 -110.755724
87221 37.079006 37.079006 -110.820994 -110.820994
87224 37.063373 37.063373 -110.836627 -110.836627
87226 36.964221 36.964221 -110.935779 -110.935779
87244 36.942109 36.942109 -110.957891 -110.957891
87259 36.878858 36.878858 -111.021142 -111.021142
99283 34.196339 34.196339 -113.703661 -113.703661
100634 34.063052 34.063052 -113.836948 -113.836948
100638 34.047961 34.047961 -113.852039 -113.852039
100653 34.019455 34.019455 -113.880545 -113.880545
100664 33.905566 33.905566 -113.994434 -113.994434
285000 85.744774 33.905566 85.744774 -113.994434
"function evaluation" "current f(x)" "best-so-far f(x)" "current af(x)+b"  "best af(x)+b"
1 96.194932 96.194932 -51.705068 -51.705068
2 95.576406 95.576406 -52.323594 -52.323594
30 95.572563 95.572563 -52.327437 -52.327437
121 95.164195 95.164195 -52.735805 -52.735805
124 95.126503 95.126503 -52.773497 -52.773497
128 95.083591 95.083591 -52.816409 -52.816409
153 95.077875 95.077875 -52.822125 -52.822125
160 95.068096 95.068096 -52.831904 -52.831904
161 94.831255 94.831255 -53.068745 -53.068745
162 94.781131 94.781131 -53.118869 -53.118869
165 94.664432 94.664432 -53.235568 -53.235568
176 94.536322 94.536322 -53.363678 -53.363678
401 67.441761 67.441761 -80.458239 -80.458239
403 67.380302 67.380302 -80.519698 -80.519698
427 67.348686 67.348686 -80.551314 -80.551314
1081 58.783771 58.783771 -89.116229 -89.116229
1601 49.380125 49.380125 -98.519875 -98.519875
1602 48.856951 48.856951 -99.043049 -99.043049
2178 47.408571 47.408571 -100.491429 -100.491429
2200 47.082257 47.082257 -100.817743 -100.817743
2685 45.474190 45.474190 -102.425810 -102.425810
2686 43.154477 43.154477 -104.745523 -104.745523
4451 43.013593 43.013593 -104.886407 -104.886407
4466 42.964886 42.964886 -104.935114 -104.935114
8432 40.310906 40.310906 -107.589094 -107.589094
8435 37.801317 37.801317 -110.098683 -110.098683
10271 37.781937 37.781937 -110.118063 -110.118063
10273 37.710144 37.710144 -110.189856 -110.189856
10276 37.544452 37.544452 -110.355548 -110.355548
10286 37.529828 37.529828 -110.370172 -110.370172
10296 37.479656 37.479656 -110.420344 -110.420344
10309 37.459259 37.459259 -110.440741 -110.440741
230242 35.985516 35.985516 -111.914484 -111.914484
231412 35.850152 35.850152 -112.049848 -112.049848
231422 35.628678 35.628678 -112.271322 -112.271322
231433 35.564329 35.564329 -112.335671 -112.335671
285000 84.000393 35.564329 84.000393 -112.335671
