"function evaluation" "current f(x)" "best-so-far f(x)" "current af(x)+b"  "best af(x)+b"
1 40786141.712340 40786141.712340 40785931.832340 40785931.832340
4 40786141.711460 40786141.711460 40785931.831460 40785931.831460
5 40786141.693668 40786141.693668 40785931.813668 40785931.813668
7 40786139.607891 40786139.607891 40785929.727891 40785929.727891
10 40786019.459048 40786019.459048 40785809.579048 40785809.579048
11 14298526.710783 14298526.710783 14298316.830783 14298316.830783
13 14298526.710225 14298526.710225 14298316.830225 14298316.830225
16 14298526.683240 14298526.683240 14298316.803240 14298316.803240
17 14298525.034391 14298525.034391 14298315.154391 14298315.154391
20 14298446.991108 14298446.991108 14298237.111108 14298237.111108
21 8109161.849803 8109161.849803 8108951.969803 8108951.969803
22 8109161.849624 8109161.849624 8108951.969624 8108951.969624
24 8109161.847213 8109161.847213 8108951.967213 8108951.967213
26 8109161.732564 8109161.732564 8108951.852564 8108951.852564
28 8109160.856883 8109160.856883 8108950.976883 8108950.976883
29 8109129.180328 8109129.180328 8108919.300328 8108919.300328
81 1437893.038007 1437893.038007 1437683.158007 1437683.158007
82 1437893.038002 1437893.038002 1437683.158002 1437683.158002
84 1437893.035512 1437893.035512 1437683.155512 1437683.155512
86 1437892.912687 1437892.912687 1437683.032687 1437683.032687
88 1437890.548963 1437890.548963 1437680.668963 1437680.668963
89 1437876.607163 1437876.607163 1437666.727163 1437666.727163
111 1109759.739246 1109759.739246 1109549.859246 1109549.859246
113 1109759.736637 1109759.736637 1109549.856637 1109549.856637
116 1109759.661533 1109759.661533 1109549.781533 1109549.781533
118 1109756.555858 1109756.555858 1109546.675858 1109546.675858
181 328936.607362 328936.607362 328726.727362 328726.727362
183 328936.604745 328936.604745 328726.724745 328726.724745
186 328936.413437 328936.413437 328726.533437 328726.533437
188 328934.953262 328934.953262 328725.073262 328725.073262
189 328932.400003 328932.400003 328722.520003 328722.520003
33153 0.000000 0.000000 -209.880000 -209.880000
120000 3674641.571346 0.000000 3674641.571346 -209.880000
"function evaluation" "current f(x)" "best-so-far f(x)" "current af(x)+b"  "best af(x)+b"
1 26928482.860808 26928482.860808 26928272.980808 26928272.980808
2 26928482.860722 26928482.860722 26928272.980722 26928272.980722
4 26928482.858504 26928482.858504 26928272.978504 26928272.978504
6 26928482.783670 26928482.783670 26928272.903670 26928272.903670
7 26928482.452894 26928482.452894 26928272.572894 26928272.572894
10 26928401.999518 26928401.999518 26928192.119518 26928192.119518
11 3438685.370495 3438685.370495 3438475.490495 3438475.490495
14 3438685.367994 3438685.367994 3438475.487994 3438475.487994
16 3438685.263834 3438685.263834 3438475.383834 3438475.383834
18 3438682.854580 3438682.854580 3438472.974580 3438472.974580
19 3438641.144235 3438641.144235 3438431.264235 3438431.264235
21 194095.708433 194095.708433 193885.828433 193885.828433
24 194095.707553 194095.707553 193885.827553 193885.827553
26 194095.633341 194095.633341 193885.753341 193885.753341
27 194093.666032 194093.666032 193883.786032 193883.786032
30 194093.264260 194093.264260 193883.384260 193883.384260
36501 0.000000 0.000000 -209.880000 -209.880000
120000 3674641.571346 0.000000 3674641.571346 -209.880000
"function evaluation" "current f(x)" "best-so-far f(x)" "current af(x)+b"  "best af(x)+b"
1 635863.725189 635863.725189 635653.845189 635653.845189
2 635863.725033 635863.725033 635653.845033 635653.845033
4 635863.724046 635863.724046 635653.844046 635653.844046
6 635863.639018 635863.639018 635653.759018 635653.759018
8 635862.864247 635862.864247 635652.984247 635652.984247
9 635861.097362 635861.097362 635651.217362 635651.217362
21 262937.758921 262937.758921 262727.878921 262727.878921
22 262937.758802 262937.758802 262727.878802 262727.878802
24 262937.758215 262937.758215 262727.878215 262727.878215
26 262937.750762 262937.750762 262727.870762 262727.870762
28 262935.944789 262935.944789 262726.064789 262726.064789
29 262933.807220 262933.807220 262723.927220 262723.927220
151 72740.744519 72740.744519 72530.864519 72530.864519
154 72740.743059 72740.743059 72530.863059 72530.863059
156 72740.644360 72740.644360 72530.764360 72530.764360
157 72740.159945 72740.159945 72530.279945 72530.279945
159 72736.532157 72736.532157 72526.652157 72526.652157
271 29188.013521 29188.013521 28978.133521 28978.133521
272 29188.013361 29188.013361 28978.133361 28978.133361
274 29188.010959 29188.010959 28978.130959 28978.130959
276 29187.942005 29187.942005 28978.062005 28978.062005
278 29187.458930 29187.458930 28977.578930 28977.578930
36781 0.000000 0.000000 -209.880000 -209.880000
120000 3674641.571346 0.000000 3674641.571346 -209.880000
"function evaluation" "current f(x)" "best-so-far f(x)" "current af(x)+b"  "best af(x)+b"
1 12090673.224548 12090673.224548 12090581.134548 12090581.134548
4 12090673.220504 12090673.220504 12090581.130504 12090581.130504
6 12090673.195613 12090673.195613 12090581.105613 12090581.105613
7 12090672.703931 12090672.703931 12090580.613931 12090580.613931
10 12090596.458869 12090596.458869 12090504.368869 12090504.368869
11 3374972.800011 3374972.800011 3374880.710011 3374880.710011
14 3374972.796710 3374972.796710 3374880.706710 3374880.706710
15 3374972.717860 3374972.717860 3374880.627860 3374880.627860
18 3374971.622927 3374971.622927 3374879.532927 3374879.532927
19 3374918.790593 3374918.790593 3374826.700593 3374826.700593
21 1585855.021374 1585855.021374 1585762.931374 1585762.931374
22 1585855.021231 1585855.021231 1585762.931231 1585762.931231
24 1585855.016884 1585855.016884 1585762.926884 1585762.926884
26 1585854.987320 1585854.987320 1585762.897320 1585762.897320
27 1585849.828755 1585849.828755 1585757.738755 1585757.738755
30 1585845.951073 1585845.951073 1585753.861073 1585753.861073
131 66745.255795 66745.255795 66653.165795 66653.165795
132 66745.255637 66745.255637 66653.165637 66653.165637
134 66745.253221 66745.253221 66653.163221 66653.163221
136 66745.199567 66745.199567 66653.109567 66653.109567
137 66744.767778 66744.767778 66652.677778 66652.677778
139 66741.435118 66741.435118 66649.345118 66649.345118
33041 0.000000 0.000000 -92.090000 -92.090000
120000 108011.891025 0.000000 108011.891025 -92.090000
"function evaluation" "current f(x)" "best-so-far f(x)" "current af(x)+b"  "best af(x)+b"
1 3343364.639027 3343364.639027 3343272.549027 3343272.549027
2 3343364.638965 3343364.638965 3343272.548965 3343272.548965
4 3343364.638778 3343364.638778 3343272.548778 3343272.548778
6 3343364.572543 3343364.572543 3343272.482543 3343272.482543
7 3343364.487876 3343364.487876 3343272.397876 3343272.397876
10 3343337.082732 3343337.082732 3343244.992732 3343244.992732
41 323857.900868 323857.900868 323765.810868 323765.810868
44 323857.900634 323857.900634 323765.810634 323765.810634
45 323857.859622 323857.859622 323765.769622 323765.769622
48 323857.040147 323857.040147 323764.950147 323764.950147
49 323845.126474 323845.126474 323753.036474 323753.036474
461 319940.271619 319940.271619 319848.181619 319848.181619
462 319940.271459 319940.271459 319848.181459 319848.181459
464 319940.268080 319940.268080 319848.178080 319848.178080
466 319940.240045 319940.240045 319848.150045 319848.150045
467 319939.978704 319939.978704 319847.888704 319847.888704
470 319933.396178 319933.396178 319841.306178 319841.306178
491 131573.413809 131573.413809 131481.323809 131481.323809
493 131573.413029 131573.413029 131481.323029 131481.323029
495 131573.373257 131573.373257 131481.283257 131481.283257
497 131572.586653 131572.586653 131480.496653 131480.496653
500 131568.918328 131568.918328 131476.828328 131476.828328
33349 0.000000 0.000000 -92.090000 -92.090000
120000 108011.891025 0.000000 108011.891025 -92.090000
"function evaluation" "current f(x)" "best-so-far f(x)" "current af(x)+b"  "best af(x)+b"
1 23771961.509997 23771961.509997 23771869.419997 23771869.419997
2 23771961.509970 23771961.509970 23771869.419970 23771869.419970
4 23771961.507517 23771961.507517 23771869.417517 23771869.417517
5 23771961.471962 23771961.471962 23771869.381962 23771869.381962
7 23771958.845583 23771958.845583 23771866.755583 23771866.755583
9 23771875.806871 23771875.806871 23771783.716871 23771783.716871
11 2521920.378910 2521920.378910 2521828.288910 2521828.288910
12 2521920.378856 2521920.378856 2521828.288856 2521828.288856
14 2521920.376468 2521920.376468 2521828.286468 2521828.286468
16 2521920.343771 2521920.343771 2521828.253771 2521828.253771
17 2521915.381054 2521915.381054 2521823.291054 2521823.291054
19 2521879.819380 2521879.819380 2521787.729380 2521787.729380
41 891734.859046 891734.859046 891642.769046 891642.769046
42 891734.859041 891734.859041 891642.769041 891642.769041
44 891734.856555 891734.856555 891642.766555 891642.766555
45 891734.770378 891734.770378 891642.680378 891642.680378
47 891732.185521 891732.185521 891640.095521 891640.095521
50 891726.712125 891726.712125 891634.622125 891634.622125
71 689857.544443 689857.544443 689765.454443 689765.454443
72 689857.544429 689857.544429 689765.454429 689765.454429
74 689857.541701 689857.541701 689765.451701 689765.451701
75 689857.521056 689857.521056 689765.431056 689765.431056
78 689856.470688 689856.470688 689764.380688 689764.380688
79 689840.603008 689840.603008 689748.513008 689748.513008
151 443007.342073 443007.342073 442915.252073 442915.252073
152 443007.341915 443007.341915 442915.251915 442915.251915
154 443007.339528 443007.339528 442915.249528 442915.249528
156 443007.317537 443007.317537 442915.227537 442915.227537
158 443007.233106 443007.233106 442915.143106 442915.143106
159 442995.728447 442995.728447 442903.638447 442903.638447
161 315838.748372 315838.748372 315746.658372 315746.658372
162 315838.748209 315838.748209 315746.658209 315746.658209
164 315838.747475 315838.747475 315746.657475 315746.657475
166 315838.714100 315838.714100 315746.624100 315746.624100
168 315837.871624 315837.871624 315745.781624 315745.781624
170 315831.375894 315831.375894 315739.285894 315739.285894
341 213595.229862 213595.229862 213503.139862 213503.139862
342 213595.229847 213595.229847 213503.139847 213503.139847
343 213595.228860 213595.228860 213503.138860 213503.138860
345 213595.147025 213595.147025 213503.057025 213503.057025
347 213594.951264 213594.951264 213502.861264 213502.861264
350 213587.184280 213587.184280 213495.094280 213495.094280
34703 0.000000 0.000000 -92.090000 -92.090000
120000 108011.891025 0.000000 108011.891025 -92.090000
"function evaluation" "current f(x)" "best-so-far f(x)" "current af(x)+b"  "best af(x)+b"
1 23118136.774351 23118136.774351 23118048.884351 23118048.884351
4 23118136.770348 23118136.770348 23118048.880348 23118048.880348
5 23118136.737878 23118136.737878 23118048.847878 23118048.847878
8 23118135.426466 23118135.426466 23118047.536466 23118047.536466
9 23118051.810200 23118051.810200 23117963.920200 23117963.920200
41 6476005.858175 6476005.858175 6475917.968175 6475917.968175
42 6476005.858115 6476005.858115 6475917.968115 6475917.968115
44 6476005.855423 6476005.855423 6475917.965423 6475917.965423
46 6476005.830603 6476005.830603 6475917.940603 6475917.940603
47 6476003.181100 6476003.181100 6475915.291100 6475915.291100
49 6475944.125224 6475944.125224 6475856.235224 6475856.235224
61 2343898.061331 2343898.061331 2343810.171331 2343810.171331
64 2343898.060314 2343898.060314 2343810.170314 2343810.170314
66 2343898.035849 2343898.035849 2343810.145849 2343810.145849
67 2343897.750384 2343897.750384 2343809.860384 2343809.860384
69 2343874.966998 2343874.966998 2343787.076998 2343787.076998
111 730853.588425 730853.588425 730765.698425 730765.698425
112 730853.588306 730853.588306 730765.698306 730765.698306
114 730853.583169 730853.583169 730765.693169 730765.693169
117 730852.531694 730852.531694 730764.641694 730764.641694
119 730850.420862 730850.420862 730762.530862 730762.530862
301 290922.589378 290922.589378 290834.699378 290834.699378
302 290922.589221 290922.589221 290834.699221 290834.699221
304 290922.587573 290922.587573 290834.697573 290834.697573
306 290922.562053 290922.562053 290834.672053 290834.672053
308 290922.351526 290922.351526 290834.461526 290834.461526
310 290915.550840 290915.550840 290827.660840 290827.660840
361 281207.962688 281207.962688 281120.072688 281120.072688
362 281207.962551 281207.962551 281120.072551 281120.072551
363 281207.962318 281207.962318 281120.072318 281120.072318
366 281207.931187 281207.931187 281120.041187 281120.041187
367 281207.323266 281207.323266 281119.433266 281119.433266
370 281200.542966 281200.542966 281112.652966 281112.652966
31701 0.000000 0.000000 -87.890000 -87.890000
120000 9234015.966624 0.000000 9234015.966624 -87.890000
"function evaluation" "current f(x)" "best-so-far f(x)" "current af(x)+b"  "best af(x)+b"
1 13901291.596855 13901291.596855 13901203.706855 13901203.706855
2 13901291.596768 13901291.596768 13901203.706768 13901203.706768
4 13901291.591895 13901291.591895 13901203.701895 13901203.701895
5 13901291.564389 13901291.564389 13901203.674389 13901203.674389
7 13901291.461693 13901291.461693 13901203.571693 13901203.571693
9 13901204.308464 13901204.308464 13901116.418464 13901116.418464
11 164118.131310 164118.131310 164030.241310 164030.241310
12 164118.131214 164118.131214 164030.241214 164030.241214
13 164118.130058 164118.130058 164030.240058 164030.240058
16 164118.094999 164118.094999 164030.204999 164030.204999
18 164117.063318 164117.063318 164029.173318 164029.173318
20 164115.545619 164115.545619 164027.655619 164027.655619
271 51383.207265 51383.207265 51295.317265 51295.317265
272 51383.207109 51383.207109 51295.317109 51295.317109
274 51383.206934 51383.206934 51295.316934 51295.316934
275 51383.202915 51383.202915 51295.312915 51295.312915
278 51382.203634 51382.203634 51294.313634 51294.313634
280 51380.103969 51380.103969 51292.213969 51292.213969
35917 0.000000 0.000000 -87.890000 -87.890000
120000 9234015.966624 0.000000 9234015.966624 -87.890000
"function evaluation" "current f(x)" "best-so-far f(x)" "current af(x)+b"  "best af(x)+b"
1 3931984.690551 3931984.690551 3931896.800551 3931896.800551
2 3931984.690503 3931984.690503 3931896.800503 3931896.800503
4 3931984.686609 3931984.686609 3931896.796609 3931896.796609
6 3931984.642119 3931984.642119 3931896.752119 3931896.752119
7 3931982.532920 3931982.532920 3931894.642920 3931894.642920
10 3931957.159799 3931957.159799 3931869.269799 3931869.269799
11 255675.218354 255675.218354 255587.328354 255587.328354
14 255675.218213 255675.218213 255587.328213 255587.328213
15 255675.210236 255675.210236 255587.320236 255587.320236
18 255674.322761 255674.322761 255586.432761 255586.432761
19 255671.209247 255671.209247 255583.319247 255583.319247
121 130055.110642 130055.110642 129967.220642 129967.220642
122 130055.110485 130055.110485 129967.220485 129967.220485
124 130055.105244 130055.105244 129967.215244 129967.215244
126 130055.032306 130055.032306 129967.142306 129967.142306
128 130054.202414 130054.202414 129966.312414 129966.312414
129 130052.151981 130052.151981 129964.261981 129964.261981
33139 0.000000 0.000000 -87.890000 -87.890000
120000 9234015.966624 0.000000 9234015.966624 -87.890000
"function evaluation" "current f(x)" "best-so-far f(x)" "current af(x)+b"  "best af(x)+b"
1 8454701.019647 8454701.019647 8455021.209647 8455021.209647
2 8454701.019577 8454701.019577 8455021.209577 8455021.209577
3 8454701.019410 8454701.019410 8455021.209410 8455021.209410
6 8454700.957293 8454700.957293 8455021.147293 8455021.147293
7 8454698.310259 8454698.310259 8455018.500259 8455018.500259
9 8454668.522955 8454668.522955 8454988.712955 8454988.712955
61 25239.225987 25239.225987 25559.415987 25559.415987
62 25239.225931 25239.225931 25559.415931 25559.415931
63 25239.222406 25239.222406 25559.412406 25559.412406
65 25239.175639 25239.175639 25559.365639 25559.365639
67 25239.174354 25239.174354 25559.364354 25559.364354
69 25236.859803 25236.859803 25557.049803 25557.049803
34381 0.000000 0.000000 320.190000 320.190000
120000 0.000000 0.000000 0.000000 320.190000
"function evaluation" "current f(x)" "best-so-far f(x)" "current af(x)+b"  "best af(x)+b"
1 67221621.576736 67221621.576736 67221941.766736 67221941.766736
2 67221621.576576 67221621.576576 67221941.766576 67221941.766576
3 67221621.575483 67221621.575483 67221941.765483 67221941.765483
6 67221621.549412 67221621.549412 67221941.739412 67221941.739412
8 67221620.576215 67221620.576215 67221940.766215 67221940.766215
9 67221541.874511 67221541.874511 67221862.064511 67221862.064511
11 9007822.782843 9007822.782843 9008142.972843 9008142.972843
12 9007822.782783 9007822.782783 9008142.972783 9008142.972783
13 9007822.777330 9007822.777330 9008142.967330 9008142.967330
16 9007822.758398 9007822.758398 9008142.948398 9008142.948398
17 9007822.085845 9007822.085845 9008142.275845 9008142.275845
19 9007778.278928 9007778.278928 9008098.468928 9008098.468928
21 1176530.583943 1176530.583943 1176850.773943 1176850.773943
22 1176530.583873 1176530.583873 1176850.773873 1176850.773873
24 1176530.582983 1176530.582983 1176850.772983 1176850.772983
26 1176530.500647 1176530.500647 1176850.690647 1176850.690647
27 1176527.973262 1176527.973262 1176848.163262 1176848.163262
30 1176515.098756 1176515.098756 1176835.288756 1176835.288756
341 574782.901801 574782.901801 575103.091801 575103.091801
342 574782.901643 574782.901643 575103.091643 575103.091643
343 574782.901459 574782.901459 575103.091459 575103.091459
345 574782.862903 574782.862903 575103.052903 575103.052903
348 574781.866186 574781.866186 575102.056186 575102.056186
349 574779.283566 574779.283566 575099.473566 575099.473566
361 242172.212490 242172.212490 242492.402490 242492.402490
363 242172.207149 242172.207149 242492.397149 242492.397149
366 242172.204566 242172.204566 242492.394566 242492.394566
368 242171.280741 242171.280741 242491.470741 242491.470741
369 242166.327277 242166.327277 242486.517277 242486.517277
35357 0.000000 0.000000 320.190000 320.190000
120000 0.000000 0.000000 0.000000 320.190000
"function evaluation" "current f(x)" "best-so-far f(x)" "current af(x)+b"  "best af(x)+b"
1 28467025.486323 28467025.486323 28467345.676323 28467345.676323
4 28467025.485397 28467025.485397 28467345.675397 28467345.675397
6 28467025.478573 28467025.478573 28467345.668573 28467345.668573
7 28467022.192632 28467022.192632 28467342.382632 28467342.382632
9 28466916.582593 28466916.582593 28467236.772593 28467236.772593
21 1548365.168486 1548365.168486 1548685.358486 1548685.358486
23 1548365.168300 1548365.168300 1548685.358300 1548685.358300
26 1548365.106905 1548365.106905 1548685.296905 1548685.296905
27 1548363.071114 1548363.071114 1548683.261114 1548683.261114
29 1548324.846327 1548324.846327 1548645.036327 1548645.036327
41 1271359.895520 1271359.895520 1271680.085520 1271680.085520
43 1271359.890957 1271359.890957 1271680.080957 1271680.080957
46 1271359.850118 1271359.850118 1271680.040118 1271680.040118
48 1271357.351575 1271357.351575 1271677.541575 1271677.541575
49 1271331.964616 1271331.964616 1271652.154616 1271652.154616
71 215456.069451 215456.069451 215776.259451 215776.259451
74 215456.068664 215456.068664 215776.258664 215776.258664
76 215456.040099 215456.040099 215776.230099 215776.230099
78 215455.150185 215455.150185 215775.340185 215775.340185
79 215449.251765 215449.251765 215769.441765 215769.441765
34437 0.000000 0.000000 320.190000 320.190000
120000 0.000000 0.000000 0.000000 320.190000
"function evaluation" "current f(x)" "best-so-far f(x)" "current af(x)+b"  "best af(x)+b"
1 582809.261606 582809.261606 582705.021606 582705.021606
2 582809.261449 582809.261449 582705.021449 582705.021449
6 582809.234311 582809.234311 582704.994311 582704.994311
8 582808.264113 582808.264113 582704.024113 582704.024113
10 582796.844294 582796.844294 582692.604294 582692.604294
381 138641.973694 138641.973694 138537.733694 138537.733694
383 138641.972004 138641.972004 138537.732004 138537.732004
386 138641.970259 138641.970259 138537.730259 138537.730259
387 138641.417546 138641.417546 138537.177546 138537.177546
389 138637.967986 138637.967986 138533.727986 138533.727986
35343 0.000000 0.000000 -104.240000 -104.240000
120000 13798.271531 0.000000 13798.271531 -104.240000
"function evaluation" "current f(x)" "best-so-far f(x)" "current af(x)+b"  "best af(x)+b"
1 12306321.569988 12306321.569988 12306217.329988 12306217.329988
2 12306321.569960 12306321.569960 12306217.329960 12306217.329960
3 12306321.569747 12306321.569747 12306217.329747 12306217.329747
6 12306321.542681 12306321.542681 12306217.302681 12306217.302681
8 12306321.319938 12306321.319938 12306217.079938 12306217.079938
10 12306244.354462 12306244.354462 12306140.114462 12306140.114462
31 7649219.049986 7649219.049986 7649114.809986 7649114.809986
32 7649219.049829 7649219.049829 7649114.809829 7649114.809829
33 7649219.046491 7649219.046491 7649114.806491 7649114.806491
35 7649218.998606 7649218.998606 7649114.758606 7649114.758606
37 7649217.070286 7649217.070286 7649112.830286 7649112.830286
40 7649161.783872 7649161.783872 7649057.543872 7649057.543872
41 2409712.805916 2409712.805916 2409608.565916 2409608.565916
42 2409712.805915 2409712.805915 2409608.565915 2409608.565915
43 2409712.802602 2409712.802602 2409608.562602 2409608.562602
45 2409712.753634 2409712.753634 2409608.513634 2409608.513634
48 2409712.578016 2409712.578016 2409608.338016 2409608.338016
50 2409679.565800 2409679.565800 2409575.325800 2409575.325800
71 2260149.735996 2260149.735996 2260045.495996 2260045.495996
73 2260149.735822 2260149.735822 2260045.495822 2260045.495822
76 2260149.704699 2260149.704699 2260045.464699 2260045.464699
78 2260148.126750 2260148.126750 2260043.886750 2260043.886750
80 2260114.826228 2260114.826228 2260010.586228 2260010.586228
281 1157648.445545 1157648.445545 1157544.205545 1157544.205545
282 1157648.445385 1157648.445385 1157544.205385 1157544.205385
283 1157648.439974 1157648.439974 1157544.199974 1157544.199974
286 1157648.367025 1157648.367025 1157544.127025 1157544.127025
287 1157646.384613 1157646.384613 1157542.144613 1157542.144613
289 1157611.981591 1157611.981591 1157507.741591 1157507.741591
401 956993.830701 956993.830701 956889.590701 956889.590701
402 956993.830639 956993.830639 956889.590639 956889.590639
403 956993.826597 956993.826597 956889.586597 956889.586597
406 956993.794682 956993.794682 956889.554682 956889.554682
407 956990.056174 956990.056174 956885.816174 956885.816174
481 517247.020576 517247.020576 517142.780576 517142.780576
482 517247.020545 517247.020545 517142.780545 517142.780545
484 517247.019574 517247.019574 517142.779574 517142.779574
485 517247.012946 517247.012946 517142.772946 517142.772946
488 517246.918500 517246.918500 517142.678500 517142.678500
489 517242.312815 517242.312815 517138.072815 517138.072815
35497 0.000000 0.000000 -104.240000 -104.240000
120000 13798.271531 0.000000 13798.271531 -104.240000
"function evaluation" "current f(x)" "best-so-far f(x)" "current af(x)+b"  "best af(x)+b"
1 8391301.203673 8391301.203673 8391196.963673 8391196.963673
2 8391301.203602 8391301.203602 8391196.963602 8391196.963602
3 8391301.203511 8391301.203511 8391196.963511 8391196.963511
5 8391301.124379 8391301.124379 8391196.884379 8391196.884379
8 8391298.862260 8391298.862260 8391194.622260 8391194.622260
9 8391267.998488 8391267.998488 8391163.758488 8391163.758488
11 5126322.664677 5126322.664677 5126218.424677 5126218.424677
13 5126322.662332 5126322.662332 5126218.422332 5126218.422332
15 5126322.613156 5126322.613156 5126218.373156 5126218.373156
17 5126322.156184 5126322.156184 5126217.916184 5126217.916184
20 5126285.486883 5126285.486883 5126181.246883 5126181.246883
31 745683.824055 745683.824055 745579.584055 745579.584055
32 745683.824051 745683.824051 745579.584051 745579.584051
33 745683.820795 745683.820795 745579.580795 745579.580795
36 745683.805806 745683.805806 745579.565806 745579.565806
37 745681.109480 745681.109480 745576.869480 745576.869480
39 745680.702512 745680.702512 745576.462512 745576.462512
41 683915.052306 683915.052306 683810.812306 683810.812306
42 683915.052147 683915.052147 683810.812147 683810.812147
43 683915.049539 683915.049539 683810.809539 683810.809539
46 683914.973736 683914.973736 683810.733736 683810.733736
48 683912.508512 683912.508512 683808.268512 683808.268512
50 683907.005267 683907.005267 683802.765267 683802.765267
161 650586.000969 650586.000969 650481.760969 650481.760969
163 650585.999585 650585.999585 650481.759585 650481.759585
165 650585.948032 650585.948032 650481.708032 650481.708032
168 650583.472382 650583.472382 650479.232382 650479.232382
169 650579.421943 650579.421943 650475.181943 650475.181943
171 377342.738330 377342.738330 377238.498330 377238.498330
173 377342.733726 377342.733726 377238.493726 377238.493726
176 377342.659880 377342.659880 377238.419880 377238.419880
177 377342.643599 377342.643599 377238.403599 377238.403599
179 377324.276295 377324.276295 377220.036295 377220.036295
181 60553.247774 60553.247774 60449.007774 60449.007774
183 60553.246649 60553.246649 60449.006649 60449.006649
186 60553.213250 60553.213250 60448.973250 60448.973250
189 60548.518928 60548.518928 60444.278928 60444.278928
331 19066.369169 19066.369169 18962.129169 18962.129169
333 19066.368153 19066.368153 18962.128153 18962.128153
336 19066.288791 19066.288791 18962.048791 18962.048791
338 19066.165568 19066.165568 18961.925568 18961.925568
36627 0.000000 0.000000 -104.240000 -104.240000
120000 13798.271531 0.000000 13798.271531 -104.240000
