"function evaluation" "current f(x)" "best-so-far f(x)" "current af(x)+b"  "best af(x)+b"
1 33.291392 33.291392 -19.058608 -19.058608
5 33.276001 33.276001 -19.073999 -19.073999
7 33.255112 33.255112 -19.094888 -19.094888
71 27.975618 27.975618 -24.374382 -24.374382
72 27.922156 27.922156 -24.427844 -24.427844
76 27.915451 27.915451 -24.434549 -24.434549
78 27.905338 27.905338 -24.444662 -24.444662
101 6.216945 6.216945 -46.133055 -46.133055
105 6.215788 6.215788 -46.134212 -46.134212
107 6.211156 6.211156 -46.138844 -46.138844
671 4.806890 4.806890 -47.543110 -47.543110
673 4.329297 4.329297 -48.020703 -48.020703
1451 4.323466 4.323466 -48.026534 -48.026534
1457 4.322487 4.322487 -48.027513 -48.027513
2029 4.118900 4.118900 -48.231100 -48.231100
2606 2.921516 2.921516 -49.428484 -49.428484
3142 2.912800 2.912800 -49.437200 -49.437200
3325 2.712523 2.712523 -49.637477 -49.637477
3329 2.541760 2.541760 -49.808240 -49.808240
3388 2.490237 2.490237 -49.859763 -49.859763
3393 2.461995 2.461995 -49.888005 -49.888005
3401 2.329812 2.329812 -50.020188 -50.020188
3405 1.934162 1.934162 -50.415838 -50.415838
4171 1.931427 1.931427 -50.418573 -50.418573
4173 1.929012 1.929012 -50.420988 -50.420988
4755 1.276701 1.276701 -51.073299 -51.073299
4759 0.859826 0.859826 -51.490174 -51.490174
4763 0.820636 0.820636 -51.529364 -51.529364
5184 0.749887 0.749887 -51.600113 -51.600113
5185 0.731607 0.731607 -51.618393 -51.618393
5190 0.307956 0.307956 -52.042044 -52.042044
5772 0.304909 0.304909 -52.045091 -52.045091
5773 0.304241 0.304241 -52.045759 -52.045759
6530 0.144271 0.144271 -52.205729 -52.205729
6536 0.104641 0.104641 -52.245359 -52.245359
6540 0.018581 0.018581 -52.331419 -52.331419
7121 0.016912 0.016912 -52.333088 -52.333088
7124 0.016564 0.016564 -52.333436 -52.333436
8709 0.014614 0.014614 -52.335386 -52.335386
9511 0.013112 0.013112 -52.336888 -52.336888
13393 0.012192 0.012192 -52.337808 -52.337808
13931 0.009436 0.009436 -52.340564 -52.340564
14834 0.009128 0.009128 -52.340872 -52.340872
14846 0.008520 0.008520 -52.341480 -52.341480
15344 0.008085 0.008085 -52.341915 -52.341915
16186 0.006666 0.006666 -52.343334 -52.343334
16692 0.006555 0.006555 -52.343445 -52.343445
16695 0.006367 0.006367 -52.343633 -52.343633
19352 0.005013 0.005013 -52.344987 -52.344987
19353 0.004367 0.004367 -52.345633 -52.345633
27171 0.003580 0.003580 -52.346420 -52.346420
32957 0.001447 0.001447 -52.348553 -52.348553
33785 0.000626 0.000626 -52.349374 -52.349374
135000 0.080308 0.000626 0.080308 -52.349374
"function evaluation" "current f(x)" "best-so-far f(x)" "current af(x)+b"  "best af(x)+b"
1 116.785652 116.785652 64.435652 64.435652
3 116.759126 116.759126 64.409126 64.409126
6 116.680007 116.680007 64.330007 64.330007
11 1.969067 1.969067 -50.380933 -50.380933
518 0.731271 0.731271 -51.618729 -51.618729
1361 0.728205 0.728205 -51.621795 -51.621795
1368 0.727985 0.727985 -51.622015 -51.622015
1868 0.581914 0.581914 -51.768086 -51.768086
1871 0.515710 0.515710 -51.834290 -51.834290
2711 0.511970 0.511970 -51.838030 -51.838030
3222 0.501905 0.501905 -51.848095 -51.848095
3224 0.481434 0.481434 -51.868566 -51.868566
3745 0.379231 0.379231 -51.970769 -51.970769
3754 0.331013 0.331013 -52.018987 -52.018987
4371 0.329382 0.329382 -52.020618 -52.020618
4374 0.327655 0.327655 -52.022345 -52.022345
4570 0.233834 0.233834 -52.116166 -52.116166
4572 0.183140 0.183140 -52.166860 -52.166860
4574 0.178536 0.178536 -52.171464 -52.171464
5095 0.144219 0.144219 -52.205781 -52.205781
5097 0.070478 0.070478 -52.279522 -52.279522
5103 0.033579 0.033579 -52.316421 -52.316421
5721 0.032764 0.032764 -52.317236 -52.317236
5727 0.032592 0.032592 -52.317408 -52.317408
6448 0.030923 0.030923 -52.319077 -52.319077
7072 0.029193 0.029193 -52.320807 -52.320807
7073 0.027686 0.027686 -52.322314 -52.322314
8885 0.027171 0.027171 -52.322829 -52.322829
9611 0.025530 0.025530 -52.324470 -52.324470
9614 0.024638 0.024638 -52.325362 -52.325362
9992 0.010160 0.010160 -52.339840 -52.339840
10112 0.010059 0.010059 -52.339941 -52.339941
10822 0.008462 0.008462 -52.341538 -52.341538
10823 0.007672 0.007672 -52.342328 -52.342328
14166 0.005584 0.005584 -52.344416 -52.344416
14942 0.005342 0.005342 -52.344658 -52.344658
14947 0.005278 0.005278 -52.344722 -52.344722
22938 0.004172 0.004172 -52.345828 -52.345828
22945 0.004144 0.004144 -52.345856 -52.345856
23448 0.004065 0.004065 -52.345935 -52.345935
23449 0.003937 0.003937 -52.346063 -52.346063
24074 0.003582 0.003582 -52.346418 -52.346418
24669 0.003440 0.003440 -52.346560 -52.346560
26984 0.003107 0.003107 -52.346893 -52.346893
26987 0.002799 0.002799 -52.347201 -52.347201
27497 0.002611 0.002611 -52.347389 -52.347389
30196 0.002455 0.002455 -52.347545 -52.347545
36454 0.002347 0.002347 -52.347653 -52.347653
71767 0.002209 0.002209 -52.347791 -52.347791
77819 0.001459 0.001459 -52.348541 -52.348541
78517 0.001113 0.001113 -52.348887 -52.348887
81108 0.001110 0.001110 -52.348890 -52.348890
81681 0.000856 0.000856 -52.349144 -52.349144
82460 0.000769 0.000769 -52.349231 -52.349231
135000 0.007749 0.000769 0.007749 -52.349231
"function evaluation" "current f(x)" "best-so-far f(x)" "current af(x)+b"  "best af(x)+b"
1 10.892091 10.892091 -41.457909 -41.457909
101 3.754210 3.754210 -48.595790 -48.595790
102 3.740456 3.740456 -48.609544 -48.609544
671 2.850633 2.850633 -49.499367 -49.499367
673 1.404662 1.404662 -50.945338 -50.945338
1452 1.399729 1.399729 -50.950271 -50.950271
2021 0.463780 0.463780 -51.886220 -51.886220
2028 0.257385 0.257385 -52.092615 -52.092615
2034 0.247256 0.247256 -52.102744 -52.102744
2802 0.247173 0.247173 -52.102827 -52.102827
2804 0.244061 0.244061 -52.105939 -52.105939
3373 0.167254 0.167254 -52.182746 -52.182746
3375 0.079392 0.079392 -52.270608 -52.270608
3381 0.037536 0.037536 -52.312464 -52.312464
4151 0.037017 0.037017 -52.312983 -52.312983
4155 0.036732 0.036732 -52.313268 -52.313268
4157 0.036381 0.036381 -52.313619 -52.313619
4728 0.025347 0.025347 -52.324653 -52.324653
5502 0.024447 0.024447 -52.325553 -52.325553
5503 0.024265 0.024265 -52.325735 -52.325735
5505 0.024213 0.024213 -52.325787 -52.325787
7951 0.022754 0.022754 -52.327246 -52.327246
7957 0.022503 0.022503 -52.327497 -52.327497
8511 0.022227 0.022227 -52.327773 -52.327773
8516 0.021633 0.021633 -52.328367 -52.328367
9283 0.011947 0.011947 -52.338053 -52.338053
9286 0.010269 0.010269 -52.339731 -52.339731
9288 0.010218 0.010218 -52.339782 -52.339782
9292 0.009232 0.009232 -52.340768 -52.340768
9851 0.009131 0.009131 -52.340869 -52.340869
9856 0.008721 0.008721 -52.341279 -52.341279
14681 0.008598 0.008598 -52.341402 -52.341402
14690 0.005919 0.005919 -52.344081 -52.344081
15253 0.005800 0.005800 -52.344200 -52.344200
15257 0.005737 0.005737 -52.344263 -52.344263
20313 0.005402 0.005402 -52.344598 -52.344598
21974 0.005246 0.005246 -52.344754 -52.344754
22520 0.005142 0.005142 -52.344858 -52.344858
23191 0.002861 0.002861 -52.347139 -52.347139
23194 0.002639 0.002639 -52.347361 -52.347361
39826 0.002086 0.002086 -52.347914 -52.347914
40607 0.001906 0.001906 -52.348094 -52.348094
46928 0.001678 0.001678 -52.348322 -52.348322
46936 0.001518 0.001518 -52.348482 -52.348482
47570 0.001472 0.001472 -52.348528 -52.348528
53328 0.001396 0.001396 -52.348604 -52.348604
54107 0.001295 0.001295 -52.348705 -52.348705
64129 0.000909 0.000909 -52.349091 -52.349091
64909 0.000858 0.000858 -52.349142 -52.349142
70878 0.000797 0.000797 -52.349203 -52.349203
71657 0.000752 0.000752 -52.349248 -52.349248
135000 0.007227 0.000752 0.007227 -52.349248
"function evaluation" "current f(x)" "best-so-far f(x)" "current af(x)+b"  "best af(x)+b"
1 106.293688 106.293688 -73.246312 -73.246312
2 106.221484 106.221484 -73.318516 -73.318516
4 106.113667 106.113667 -73.426333 -73.426333
11 16.353281 16.353281 -163.186719 -163.186719
12 16.281517 16.281517 -163.258483 -163.258483
211 10.844442 10.844442 -168.695558 -168.695558
212 10.811623 10.811623 -168.728377 -168.728377
214 10.808935 10.808935 -168.731065 -168.731065
241 8.978606 8.978606 -170.561394 -170.561394
242 8.971922 8.971922 -170.568078 -170.568078
245 8.965782 8.965782 -170.574218 -170.574218
248 8.961732 8.961732 -170.578268 -170.578268
381 6.993357 6.993357 -172.546643 -172.546643
491 6.523068 6.523068 -173.016932 -173.016932
492 6.507031 6.507031 -173.032969 -173.032969
494 6.506667 6.506667 -173.033333 -173.033333
500 6.506516 6.506516 -173.033484 -173.033484
861 6.007456 6.007456 -173.532544 -173.532544
862 5.835201 5.835201 -173.704799 -173.704799
863 5.705682 5.705682 -173.834318 -173.834318
1147 2.360243 2.360243 -177.179757 -177.179757
1731 2.353669 2.353669 -177.186331 -177.186331
1734 2.352948 2.352948 -177.187052 -177.187052
2210 1.314745 1.314745 -178.225255 -178.225255
2212 0.945252 0.945252 -178.594748 -178.594748
2912 0.942617 0.942617 -178.597383 -178.597383
2914 0.942471 0.942471 -178.597529 -178.597529
2915 0.942175 0.942175 -178.597825 -178.597825
3558 0.426164 0.426164 -179.113836 -179.113836
3561 0.393211 0.393211 -179.146789 -179.146789
3563 0.317035 0.317035 -179.222965 -179.222965
3568 0.293233 0.293233 -179.246767 -179.246767
4262 0.292481 0.292481 -179.247519 -179.247519
4264 0.291917 0.291917 -179.248083 -179.248083
4269 0.289514 0.289514 -179.250486 -179.250486
4908 0.118632 0.118632 -179.421368 -179.421368
5612 0.116685 0.116685 -179.423315 -179.423315
6261 0.101468 0.101468 -179.438532 -179.438532
6266 0.094954 0.094954 -179.445046 -179.445046
6962 0.094323 0.094323 -179.445677 -179.445677
6963 0.093526 0.093526 -179.446474 -179.446474
6966 0.092131 0.092131 -179.447869 -179.447869
7591 0.075996 0.075996 -179.464004 -179.464004
7610 0.049557 0.049557 -179.490443 -179.490443
7612 0.028276 0.028276 -179.511724 -179.511724
8312 0.027622 0.027622 -179.512378 -179.512378
8313 0.027180 0.027180 -179.512820 -179.512820
8316 0.025070 0.025070 -179.514930 -179.514930
9290 0.013535 0.013535 -179.526465 -179.526465
9852 0.012870 0.012870 -179.527130 -179.527130
11983 0.008173 0.008173 -179.531827 -179.531827
11985 0.007588 0.007588 -179.532412 -179.532412
12551 0.007233 0.007233 -179.532767 -179.532767
12554 0.006482 0.006482 -179.533518 -179.533518
12555 0.005803 0.005803 -179.534197 -179.534197
12559 0.005077 0.005077 -179.534923 -179.534923
17434 0.002807 0.002807 -179.537193 -179.537193
17445 0.002167 0.002167 -179.537833 -179.537833
31139 0.002119 0.002119 -179.537881 -179.537881
51772 0.001950 0.001950 -179.538050 -179.538050
51773 0.001907 0.001907 -179.538093 -179.538093
51777 0.001780 0.001780 -179.538220 -179.538220
75766 0.001217 0.001217 -179.538783 -179.538783
75770 0.001118 0.001118 -179.538882 -179.538882
124671 0.000741 0.000741 -179.539259 -179.539259
124678 0.000477 0.000477 -179.539523 -179.539523
135000 0.085114 0.000477 0.085114 -179.539523
"function evaluation" "current f(x)" "best-so-far f(x)" "current af(x)+b"  "best af(x)+b"
1 38.273063 38.273063 -141.266937 -141.266937
8 38.237692 38.237692 -141.302308 -141.302308
51 25.892800 25.892800 -153.647200 -153.647200
52 25.888121 25.888121 -153.651879 -153.651879
53 25.883891 25.883891 -153.656109 -153.656109
55 25.874238 25.874238 -153.665762 -153.665762
101 22.870448 22.870448 -156.669552 -156.669552
102 22.865950 22.865950 -156.674050 -156.674050
103 22.859459 22.859459 -156.680541 -156.680541
105 22.852457 22.852457 -156.687543 -156.687543
111 22.036129 22.036129 -157.503871 -157.503871
113 22.003010 22.003010 -157.536990 -157.536990
117 21.969887 21.969887 -157.570113 -157.570113
221 2.854318 2.854318 -176.685682 -176.685682
223 2.849445 2.849445 -176.690555 -176.690555
227 2.847197 2.847197 -176.692803 -176.692803
875 2.316169 2.316169 -177.223831 -177.223831
880 2.082415 2.082415 -177.457585 -177.457585
1572 2.082330 2.082330 -177.457670 -177.457670
1573 2.081113 2.081113 -177.458887 -177.458887
1576 2.079459 2.079459 -177.460541 -177.460541
1580 2.078865 2.078865 -177.461135 -177.461135
2228 1.946218 1.946218 -177.593782 -177.593782
2234 1.938552 1.938552 -177.601448 -177.601448
2368 1.917500 1.917500 -177.622500 -177.622500
3002 1.917041 1.917041 -177.622959 -177.622959
3005 1.913174 1.913174 -177.626826 -177.626826
3493 1.495951 1.495951 -178.044049 -178.044049
3499 1.479089 1.479089 -178.060911 -178.060911
3502 1.318197 1.318197 -178.221803 -178.221803
3511 0.950908 0.950908 -178.589092 -178.589092
3575 0.814768 0.814768 -178.725232 -178.725232
4272 0.814295 0.814295 -178.725705 -178.725705
4273 0.813705 0.813705 -178.726295 -178.726295
4276 0.811254 0.811254 -178.728746 -178.728746
4857 0.703623 0.703623 -178.836377 -178.836377
4859 0.649829 0.649829 -178.890171 -178.890171
4861 0.615556 0.615556 -178.924444 -178.924444
4864 0.610271 0.610271 -178.929729 -178.929729
4868 0.597205 0.597205 -178.942795 -178.942795
4870 0.563707 0.563707 -178.976293 -178.976293
4925 0.500688 0.500688 -179.039312 -179.039312
4927 0.463019 0.463019 -179.076981 -179.076981
4928 0.266097 0.266097 -179.273903 -179.273903
5061 0.241361 0.241361 -179.298639 -179.298639
5071 0.154881 0.154881 -179.385119 -179.385119
5072 0.140760 0.140760 -179.399240 -179.399240
5702 0.138060 0.138060 -179.401940 -179.401940
6026 0.110122 0.110122 -179.429878 -179.429878
6209 0.100174 0.100174 -179.439826 -179.439826
6210 0.079400 0.079400 -179.460600 -179.460600
6932 0.079342 0.079342 -179.460658 -179.460658
6933 0.077817 0.077817 -179.462183 -179.462183
7370 0.076826 0.076826 -179.463174 -179.463174
7374 0.045353 0.045353 -179.494647 -179.494647
7379 0.037539 0.037539 -179.502461 -179.502461
7459 0.036440 0.036440 -179.503560 -179.503560
8171 0.036423 0.036423 -179.503577 -179.503577
8222 0.035802 0.035802 -179.504198 -179.504198
8223 0.034973 0.034973 -179.505027 -179.505027
8226 0.033756 0.033756 -179.506244 -179.506244
8230 0.033042 0.033042 -179.506958 -179.506958
9060 0.031493 0.031493 -179.508507 -179.508507
9115 0.017056 0.017056 -179.522944 -179.522944
9119 0.011958 0.011958 -179.528042 -179.528042
9752 0.011848 0.011848 -179.528152 -179.528152
9756 0.009726 0.009726 -179.530274 -179.530274
15115 0.009615 0.009615 -179.530385 -179.530385
15370 0.007289 0.007289 -179.532711 -179.532711
16212 0.006763 0.006763 -179.533237 -179.533237
16213 0.006353 0.006353 -179.533647 -179.533647
16216 0.004877 0.004877 -179.535123 -179.535123
17228 0.003273 0.003273 -179.536727 -179.536727
17862 0.003155 0.003155 -179.536845 -179.536845
19939 0.001998 0.001998 -179.538002 -179.538002
20562 0.001630 0.001630 -179.538370 -179.538370
20563 0.001283 0.001283 -179.538717 -179.538717
135000 0.009573 0.001283 0.009573 -179.538717
"function evaluation" "current f(x)" "best-so-far f(x)" "current af(x)+b"  "best af(x)+b"
1 16.027283 16.027283 -163.512717 -163.512717
2 16.010716 16.010716 -163.529284 -163.529284
3 16.010340 16.010340 -163.529660 -163.529660
5 16.005969 16.005969 -163.534031 -163.534031
91 13.156270 13.156270 -166.383730 -166.383730
92 13.145755 13.145755 -166.394245 -166.394245
94 13.114303 13.114303 -166.425697 -166.425697
98 13.088694 13.088694 -166.451306 -166.451306
161 3.820037 3.820037 -175.719963 -175.719963
162 3.800039 3.800039 -175.739961 -175.739961
164 3.799015 3.799015 -175.740985 -175.740985
167 3.798692 3.798692 -175.741308 -175.741308
773 2.146205 2.146205 -177.393795 -177.393795
776 1.788093 1.788093 -177.751907 -177.751907
778 1.503004 1.503004 -178.036996 -178.036996
784 1.465448 1.465448 -178.074552 -178.074552
785 1.409691 1.409691 -178.130309 -178.130309
1512 1.405302 1.405302 -178.134698 -178.134698
1517 1.399815 1.399815 -178.140185 -178.140185
2008 1.006993 1.006993 -178.533007 -178.533007
2123 0.896212 0.896212 -178.643788 -178.643788
2127 0.379974 0.379974 -179.160026 -179.160026
2129 0.280749 0.280749 -179.259251 -179.259251
2862 0.278901 0.278901 -179.261099 -179.261099
2865 0.278029 0.278029 -179.261971 -179.261971
3359 0.274428 0.274428 -179.265572 -179.265572
3473 0.096409 0.096409 -179.443591 -179.443591
4212 0.095843 0.095843 -179.444157 -179.444157
4213 0.094456 0.094456 -179.445544 -179.445544
4220 0.093318 0.093318 -179.446682 -179.446682
6022 0.080902 0.080902 -179.459098 -179.459098
6027 0.053152 0.053152 -179.486848 -179.486848
6176 0.040955 0.040955 -179.499045 -179.499045
6912 0.040867 0.040867 -179.499133 -179.499133
6913 0.040267 0.040267 -179.499733 -179.499733
6915 0.038507 0.038507 -179.501493 -179.501493
8726 0.034781 0.034781 -179.505219 -179.505219
8877 0.009190 0.009190 -179.530810 -179.530810
9612 0.008719 0.008719 -179.531281 -179.531281
9613 0.007836 0.007836 -179.532164 -179.532164
9616 0.006844 0.006844 -179.533156 -179.533156
9620 0.006840 0.006840 -179.533160 -179.533160
11212 0.006539 0.006539 -179.533461 -179.533461
11213 0.005615 0.005615 -179.534385 -179.534385
11216 0.004118 0.004118 -179.535882 -179.535882
11220 0.003783 0.003783 -179.536217 -179.536217
19531 0.003358 0.003358 -179.536642 -179.536642
20322 0.002828 0.002828 -179.537172 -179.537172
20323 0.001917 0.001917 -179.538083 -179.538083
20326 0.000831 0.000831 -179.539169 -179.539169
60619 0.000698 0.000698 -179.539302 -179.539302
135000 0.018635 0.000698 0.018635 -179.539302
"function evaluation" "current f(x)" "best-so-far f(x)" "current af(x)+b"  "best af(x)+b"
1 34.730539 34.730539 112.040539 112.040539
3 34.722160 34.722160 112.032160 112.032160
5 34.683300 34.683300 111.993300 111.993300
11 25.902433 25.902433 103.212433 103.212433
13 25.873969 25.873969 103.183969 103.183969
31 15.026133 15.026133 92.336133 92.336133
32 14.992625 14.992625 92.302625 92.302625
34 14.976252 14.976252 92.286252 92.286252
91 13.551072 13.551072 90.861072 90.861072
92 13.524232 13.524232 90.834232 90.834232
94 13.515677 13.515677 90.825677 90.825677
95 13.485108 13.485108 90.795108 90.795108
161 6.379549 6.379549 83.689549 83.689549
163 6.367603 6.367603 83.677603 83.677603
773 2.234883 2.234883 79.544883 79.544883
781 2.234041 2.234041 79.544041 79.544041
1511 2.231408 2.231408 79.541408 79.541408
1513 2.229216 2.229216 79.539216 79.539216
1520 2.228875 2.228875 79.538875 79.538875
2123 2.213898 2.213898 79.523898 79.523898
2126 2.005592 2.005592 79.315592 79.315592
2129 1.921784 1.921784 79.231784 79.231784
2862 1.921624 1.921624 79.231624 79.231624
2864 1.918679 1.918679 79.228679 79.228679
2865 1.912705 1.912705 79.222705 79.222705
3254 1.470944 1.470944 78.780944 78.780944
3256 1.237620 1.237620 78.547620 78.547620
3258 1.113319 1.113319 78.423319 78.423319
3596 1.034409 1.034409 78.344409 78.344409
4282 1.032810 1.032810 78.342810 78.342810
4290 1.029833 1.029833 78.339833 78.339833
4602 0.910992 0.910992 78.220992 78.220992
4604 0.762053 0.762053 78.072053 78.072053
4605 0.444941 0.444941 77.754941 77.754941
4609 0.421587 0.421587 77.731587 77.731587
4612 0.396311 0.396311 77.706311 77.706311
4690 0.359621 0.359621 77.669621 77.669621
4698 0.268069 0.268069 77.578069 77.578069
5482 0.266221 0.266221 77.576221 77.576221
5485 0.265879 0.265879 77.575879 77.575879
5490 0.264712 0.264712 77.574712 77.574712
5964 0.261900 0.261900 77.571900 77.571900
6041 0.204425 0.204425 77.514425 77.514425
6044 0.188959 0.188959 77.498959 77.498959
6045 0.145604 0.145604 77.455604 77.455604
6377 0.128567 0.128567 77.438567 77.438567
6464 0.060341 0.060341 77.370341 77.370341
7082 0.059908 0.059908 77.369908 77.369908
7083 0.058688 0.058688 77.368688 77.368688
7090 0.058615 0.058615 77.368615 77.368615
7714 0.050666 0.050666 77.360666 77.360666
7738 0.025614 0.025614 77.335614 77.335614
8382 0.024516 0.024516 77.334516 77.334516
9062 0.010763 0.010763 77.320763 77.320763
9721 0.010474 0.010474 77.320474 77.320474
9724 0.010157 0.010157 77.320157 77.320157
9728 0.009553 0.009553 77.319553 77.319553
10418 0.009346 0.009346 77.319346 77.319346
11074 0.008826 0.008826 77.318826 77.318826
12787 0.004956 0.004956 77.314956 77.314956
12925 0.004514 0.004514 77.314514 77.314514
13661 0.003122 0.003122 77.313122 77.313122
17720 0.003081 0.003081 77.313081 77.313081
29320 0.002556 0.002556 77.312556 77.312556
29971 0.001898 0.001898 77.311898 77.311898
29974 0.001895 0.001895 77.311895 77.311895
29978 0.001694 0.001694 77.311694 77.311694
63789 0.001276 0.001276 77.311276 77.311276
135000 0.129543 0.001276 0.129543 77.311276
"function evaluation" "current f(x)" "best-so-far f(x)" "current af(x)+b"  "best af(x)+b"
1 192.372243 192.372243 269.682243 269.682243
2 192.364358 192.364358 269.674358 269.674358
4 192.176621 192.176621 269.486621 269.486621
5 191.916935 191.916935 269.226935 269.226935
11 5.766215 5.766215 83.076215 83.076215
13 5.764425 5.764425 83.074425 83.074425
518 4.605739 4.605739 81.915739 81.915739
521 4.450085 4.450085 81.760085 81.760085
1030 3.978292 3.978292 81.288292 81.288292
1662 3.974448 3.974448 81.284448 81.284448
1668 3.973376 3.973376 81.283376 81.283376
1902 2.237756 2.237756 79.547756 79.547756
2732 2.235819 2.235819 79.545819 79.545819
2733 2.229577 2.229577 79.539577 79.539577
3252 1.025325 1.025325 78.335325 78.335325
3254 1.006943 1.006943 78.316943 78.316943
3255 0.829792 0.829792 78.139792 78.139792
3262 0.581837 0.581837 77.891837 77.891837
3264 0.560885 0.560885 77.870885 77.870885
4082 0.558335 0.558335 77.868335 77.868335
4087 0.557714 0.557714 77.867714 77.867714
4605 0.501661 0.501661 77.811661 77.811661
4608 0.424426 0.424426 77.734426 77.734426
4706 0.180103 0.180103 77.490103 77.490103
4711 0.167997 0.167997 77.477997 77.477997
4715 0.096147 0.096147 77.406147 77.406147
5491 0.095385 0.095385 77.405385 77.405385
5496 0.093773 0.093773 77.403773 77.403773
5954 0.079371 0.079371 77.389371 77.389371
5956 0.072610 0.072610 77.382610 77.382610
5960 0.059850 0.059850 77.369850 77.369850
6056 0.029144 0.029144 77.339144 77.339144
6058 0.020836 0.020836 77.330836 77.330836
6842 0.020597 0.020597 77.330597 77.330597
6843 0.020182 0.020182 77.330182 77.330182
6850 0.019732 0.019732 77.329732 77.329732
8192 0.019602 0.019602 77.329602 77.329602
8193 0.019031 0.019031 77.329031 77.329031
8200 0.018629 0.018629 77.328629 77.328629
8659 0.016225 0.016225 77.326225 77.326225
9482 0.016081 0.016081 77.326081 77.326081
9486 0.015708 0.015708 77.325708 77.325708
9487 0.015645 0.015645 77.325645 77.325645
9490 0.014554 0.014554 77.324554 77.324554
11356 0.013255 0.013255 77.323255 77.323255
12181 0.011602 0.011602 77.321602 77.321602
12807 0.011415 0.011415 77.321415 77.321415
13591 0.009966 0.009966 77.319966 77.319966
13599 0.009506 0.009506 77.319506 77.319506
14090 0.007121 0.007121 77.317121 77.317121
14902 0.006464 0.006464 77.316464 77.316464
14910 0.005626 0.005626 77.315626 77.315626
17324 0.002821 0.002821 77.312821 77.312821
17913 0.002584 0.002584 77.312584 77.312584
53009 0.002164 0.002164 77.312164 77.312164
64550 0.002021 0.002021 77.312021 77.312021
65153 0.001673 0.001673 77.311673 77.311673
98827 0.001636 0.001636 77.311636 77.311636
118463 0.001310 0.001310 77.311310 77.311310
119104 0.001068 0.001068 77.311068 77.311068
119108 0.000946 0.000946 77.310946 77.310946
135000 0.023967 0.000946 0.023967 77.310946
"function evaluation" "current f(x)" "best-so-far f(x)" "current af(x)+b"  "best af(x)+b"
1 7.401529 7.401529 84.711529 84.711529
4 7.401449 7.401449 84.711449 84.711449
6 7.394194 7.394194 84.704194 84.704194
7 7.392328 7.392328 84.702328 84.702328
421 6.729941 6.729941 84.039941 84.039941
422 6.729265 6.729265 84.039265 84.039265
424 6.728683 6.728683 84.038683 84.038683
426 6.699944 6.699944 84.009944 84.009944
431 3.944857 3.944857 81.254857 81.254857
439 3.942222 3.942222 81.252222 81.252222
1217 3.746403 3.746403 81.056403 81.056403
1232 3.389539 3.389539 80.699539 80.699539
1237 3.186386 3.186386 80.496386 80.496386
1781 3.183872 3.183872 80.493872 80.493872
1789 3.181958 3.181958 80.491958 80.491958
2361 2.836767 2.836767 80.146767 80.146767
2574 2.657232 2.657232 79.967232 79.967232
2582 2.612832 2.612832 79.922832 79.922832
2585 1.922102 1.922102 79.232102 79.232102
2592 1.915284 1.915284 79.225284 79.225284
3131 1.912336 1.912336 79.222336 79.222336
3139 1.911198 1.911198 79.221198 79.221198
3443 1.144848 1.144848 78.454848 78.454848
4191 1.143251 1.143251 78.453251 78.453251
4193 1.142477 1.142477 78.452477 78.452477
4196 1.138495 1.138495 78.448495 78.448495
4789 1.058335 1.058335 78.368335 78.368335
4791 0.748051 0.748051 78.058051 78.058051
4792 0.499237 0.499237 77.809237 77.809237
4794 0.431181 0.431181 77.741181 77.741181
4799 0.399957 0.399957 77.709957 77.709957
5541 0.397513 0.397513 77.707513 77.707513
5546 0.397142 0.397142 77.707142 77.707142
6139 0.235739 0.235739 77.545739 77.545739
6141 0.219537 0.219537 77.529537 77.529537
6142 0.204115 0.204115 77.514115 77.514115
6144 0.057046 0.057046 77.367046 77.367046
6146 0.045012 0.045012 77.355012 77.355012
6891 0.044509 0.044509 77.354509 77.354509
6893 0.044037 0.044037 77.354037 77.354037
6897 0.043999 0.043999 77.353999 77.353999
7489 0.015419 0.015419 77.325419 77.325419
8241 0.013558 0.013558 77.323558 77.323558
8249 0.012885 0.012885 77.322885 77.322885
12550 0.012622 0.012622 77.322622 77.322622
14670 0.011809 0.011809 77.321809 77.321809
14786 0.007795 0.007795 77.317795 77.317795
15312 0.007282 0.007282 77.317282 77.317282
18758 0.007278 0.007278 77.317278 77.317278
18920 0.006313 0.006313 77.316313 77.316313
19319 0.005894 0.005894 77.315894 77.315894
19675 0.004536 0.004536 77.314536 77.314536
20411 0.004161 0.004161 77.314161 77.314161
30101 0.003427 0.003427 77.313427 77.313427
30109 0.002978 0.002978 77.312978 77.312978
33264 0.002049 0.002049 77.312049 77.312049
33964 0.001972 0.001972 77.311972 77.311972
33965 0.001903 0.001903 77.311903 77.311903
37318 0.001822 0.001822 77.311822 77.311822
38014 0.001585 0.001585 77.311585 77.311585
38018 0.001566 0.001566 77.311566 77.311566
52578 0.001194 0.001194 77.311194 77.311194
53104 0.001049 0.001049 77.311049 77.311049
106865 0.001003 0.001003 77.311003 77.311003
107508 0.000783 0.000783 77.310783 77.310783
108215 0.000725 0.000725 77.310725 77.310725
108490 0.000716 0.000716 77.310716 77.310716
129901 0.000683 0.000683 77.310683 77.310683
129908 0.000565 0.000565 77.310565 77.310565
135000 0.014004 0.000565 0.014004 77.310565
"function evaluation" "current f(x)" "best-so-far f(x)" "current af(x)+b"  "best af(x)+b"
1 50.572350 50.572350 90.492350 90.492350
2 50.542581 50.542581 90.462581 90.462581
4 50.506242 50.506242 90.426242 90.426242
11 8.604133 8.604133 48.524133 48.524133
18 8.599776 8.599776 48.519776 48.519776
19 8.581058 8.581058 48.501058 48.501058
71 6.950205 6.950205 46.870205 46.870205
72 6.933249 6.933249 46.853249 46.853249
75 6.912660 6.912660 46.832660 46.832660
91 2.716464 2.716464 42.636464 42.636464
92 2.710639 2.710639 42.630639 42.630639
97 2.709118 2.709118 42.629118 42.629118
620 2.509902 2.509902 42.429902 42.429902
623 2.486184 2.486184 42.406184 42.406184
628 1.949455 1.949455 41.869455 41.869455
1422 1.948146 1.948146 41.868146 41.868146
1423 1.943976 1.943976 41.863976 41.863976
1970 1.465832 1.465832 41.385832 41.385832
1972 1.436146 1.436146 41.356146 41.356146
1973 1.387711 1.387711 41.307711 41.307711
1976 1.197091 1.197091 41.117091 41.117091
2011 1.146015 1.146015 41.066015 41.066015
2361 1.082031 1.082031 41.002031 41.002031
2371 0.668180 0.668180 40.588180 40.588180
3001 0.667046 0.667046 40.587046 40.587046
3003 0.662470 0.662470 40.582470 40.582470
3322 0.399590 0.399590 40.319590 40.319590
3713 0.371711 0.371711 40.291711 40.291711
3715 0.343472 0.343472 40.263472 40.263472
3717 0.304520 0.304520 40.224520 40.224520
3723 0.303886 0.303886 40.223886 40.223886
4351 0.302437 0.302437 40.222437 40.222437
4353 0.299938 0.299938 40.219938 40.219938
4670 0.093285 0.093285 40.013285 40.013285
4679 0.081664 0.081664 40.001664 40.001664
5472 0.079185 0.079185 39.999185 39.999185
6026 0.078513 0.078513 39.998513 39.998513
6030 0.059138 0.059138 39.979138 39.979138
6822 0.057467 0.057467 39.977467 39.977467
7372 0.037775 0.037775 39.957775 39.957775
7374 0.036378 0.036378 39.956378 39.956378
7381 0.030483 0.030483 39.950483 39.950483
7382 0.027834 0.027834 39.947834 39.947834
8171 0.026545 0.026545 39.946545 39.946545
9852 0.026522 0.026522 39.946522 39.946522
10002 0.019927 0.019927 39.939927 39.939927
10011 0.019402 0.019402 39.939402 39.939402
10832 0.017778 0.017778 39.937778 39.937778
13912 0.016681 0.016681 39.936681 39.936681
14549 0.007462 0.007462 39.927462 39.927462
15171 0.005167 0.005167 39.925167 39.925167
28748 0.004337 0.004337 39.924337 39.924337
30461 0.003718 0.003718 39.923718 39.923718
31202 0.001967 0.001967 39.921967 39.921967
40893 0.000868 0.000868 39.920868 39.920868
135000 0.115471 0.000868 0.115471 39.920868
"function evaluation" "current f(x)" "best-so-far f(x)" "current af(x)+b"  "best af(x)+b"
1 42.657481 42.657481 82.577481 82.577481
6 42.638164 42.638164 82.558164 82.558164
9 42.634263 42.634263 82.554263 82.554263
31 41.594110 41.594110 81.514110 81.514110
36 41.525631 41.525631 81.445631 81.445631
41 29.537008 29.537008 69.457008 69.457008
43 29.509884 29.509884 69.429884 69.429884
45 29.491532 29.491532 69.411532 69.411532
51 8.200893 8.200893 48.120893 48.120893
59 8.180496 8.180496 48.100496 48.100496
71 4.686674 4.686674 44.606674 44.606674
76 4.677960 4.677960 44.597960 44.597960
588 4.228455 4.228455 44.148455 44.148455
590 3.916831 3.916831 43.836831 43.836831
594 3.746924 3.746924 43.666924 43.666924
620 2.852620 2.852620 42.772620 42.772620
623 2.806404 2.806404 42.726404 42.726404
625 2.569797 2.569797 42.489797 42.489797
627 2.417644 2.417644 42.337644 42.337644
629 2.206804 2.206804 42.126804 42.126804
1421 2.203974 2.203974 42.123974 42.123974
1426 2.202508 2.202508 42.122508 42.122508
1427 2.201347 2.201347 42.121347 42.121347
1970 1.972634 1.972634 41.892634 41.892634
1972 1.806280 1.806280 41.726280 41.726280
1973 1.664233 1.664233 41.584233 41.584233
1975 1.599850 1.599850 41.519850 41.519850
2329 1.598100 1.598100 41.518100 41.518100
2334 1.494998 1.494998 41.414998 41.414998
2340 1.494848 1.494848 41.414848 41.414848
2981 1.492975 1.492975 41.412975 41.412975
2984 1.488974 1.488974 41.408974 41.408974
3320 1.287201 1.287201 41.207201 41.207201
3323 1.207461 1.207461 41.127461 41.127461
3324 0.928285 0.928285 40.848285 40.848285
3328 0.914943 0.914943 40.834943 40.834943
3596 0.771419 0.771419 40.691419 40.691419
3677 0.747208 0.747208 40.667208 40.667208
3682 0.556061 0.556061 40.476061 40.476061
4331 0.552753 0.552753 40.472753 40.472753
5027 0.390311 0.390311 40.310311 40.310311
5029 0.206481 0.206481 40.126481 40.126481
5030 0.154126 0.154126 40.074126 40.074126
5032 0.098538 0.098538 40.018538 40.018538
5682 0.097672 0.097672 40.017672 40.017672
5685 0.096707 0.096707 40.016707 40.016707
6030 0.095250 0.095250 40.015250 40.015250
6377 0.073169 0.073169 39.993169 39.993169
6385 0.069635 0.069635 39.989635 39.989635
6386 0.066238 0.066238 39.986238 39.986238
6389 0.062090 0.062090 39.982090 39.982090
7031 0.061935 0.061935 39.981935 39.981935
7034 0.061440 0.061440 39.981440 39.981440
7035 0.060052 0.060052 39.980052 39.980052
7370 0.056767 0.056767 39.976767 39.976767
7376 0.051918 0.051918 39.971918 39.971918
7831 0.044071 0.044071 39.964071 39.964071
7832 0.039369 0.039369 39.959369 39.959369
7833 0.030727 0.030727 39.950727 39.950727
8441 0.030613 0.030613 39.950613 39.950613
8444 0.029836 0.029836 39.949836 39.949836
8447 0.029508 0.029508 39.949508 39.949508
10074 0.029175 0.029175 39.949175 39.949175
10082 0.026972 0.026972 39.946972 39.946972
10486 0.026202 0.026202 39.946202 39.946202
10871 0.025497 0.025497 39.945497 39.945497
11118 0.024263 0.024263 39.944263 39.944263
11292 0.024178 0.024178 39.944178 39.944178
11423 0.019995 0.019995 39.939995 39.939995
11703 0.016313 0.016313 39.936313 39.936313
12037 0.011916 0.011916 39.931916 39.931916
12581 0.010071 0.010071 39.930071 39.930071
16384 0.009780 0.009780 39.929780 39.929780
17013 0.008321 0.008321 39.928321 39.928321
17734 0.007758 0.007758 39.927758 39.927758
18726 0.006991 0.006991 39.926991 39.926991
19298 0.006905 0.006905 39.926905 39.926905
19300 0.006547 0.006547 39.926547 39.926547
20076 0.004616 0.004616 39.924616 39.924616
20650 0.004417 0.004417 39.924417 39.924417
21852 0.003559 0.003559 39.923559 39.923559
29701 0.003208 0.003208 39.923208 39.923208
32288 0.000887 0.000887 39.920887 39.920887
62377 0.000876 0.000876 39.920876 39.920876
135000 0.156394 0.000876 0.156394 39.920876
"function evaluation" "current f(x)" "best-so-far f(x)" "current af(x)+b"  "best af(x)+b"
1 41.087479 41.087479 81.007479 81.007479
6 41.019478 41.019478 80.939478 80.939478
11 6.338098 6.338098 46.258098 46.258098
12 6.310214 6.310214 46.230214 46.230214
15 6.307391 6.307391 46.227391 46.227391
20 6.306660 6.306660 46.226660 46.226660
518 3.432226 3.432226 43.352226 43.352226
523 2.716923 2.716923 42.636923 42.636923
530 2.511212 2.511212 42.431212 42.431212
1362 2.510368 2.510368 42.430368 42.430368
1363 2.508709 2.508709 42.428709 42.428709
1368 2.502462 2.502462 42.422462 42.422462
1868 0.643703 0.643703 40.563703 40.563703
1870 0.538093 0.538093 40.458093 40.458093
2711 0.537218 0.537218 40.457218 40.457218
2715 0.535097 0.535097 40.455097 40.455097
2720 0.533326 0.533326 40.453326 40.453326
3218 0.421748 0.421748 40.341748 40.341748
3220 0.224284 0.224284 40.144284 40.144284
3224 0.088541 0.088541 40.008541 40.008541
4061 0.088103 0.088103 40.008103 40.008103
4063 0.088033 0.088033 40.008033 40.008033
4065 0.087744 0.087744 40.007744 40.007744
4068 0.086007 0.086007 40.006007 40.006007
4568 0.069474 0.069474 39.989474 39.989474
5412 0.065781 0.065781 39.985781 39.985781
5925 0.057966 0.057966 39.977966 39.977966
6761 0.055077 0.055077 39.975077 39.975077
7276 0.052858 0.052858 39.972858 39.972858
7277 0.026031 0.026031 39.946031 39.946031
7280 0.023981 0.023981 39.943981 39.943981
8111 0.022544 0.022544 39.942544 39.942544
8212 0.021963 0.021963 39.941963 39.941963
12723 0.015978 0.015978 39.935978 39.935978
13544 0.015219 0.015219 39.935219 39.935219
13547 0.014713 0.014713 39.934713 39.934713
14075 0.013454 0.013454 39.933454 39.933454
14076 0.008704 0.008704 39.928704 39.928704
14891 0.007268 0.007268 39.927268 39.927268
16211 0.007155 0.007155 39.927155 39.927155
19481 0.003858 0.003858 39.923858 39.923858
20296 0.003534 0.003534 39.923534 39.923534
22361 0.001214 0.001214 39.921214 39.921214
23103 0.001019 0.001019 39.921019 39.921019
117561 0.000914 0.000914 39.920914 39.920914
135000 0.141391 0.000914 0.141391 39.920914
"function evaluation" "current f(x)" "best-so-far f(x)" "current af(x)+b"  "best af(x)+b"
1 32.143477 32.143477 -24.466523 -24.466523
4 32.124079 32.124079 -24.485921 -24.485921
8 32.123795 32.123795 -24.486205 -24.486205
9 32.103968 32.103968 -24.506032 -24.506032
171 5.092914 5.092914 -51.517086 -51.517086
790 4.005224 4.005224 -52.604776 -52.604776
792 3.399332 3.399332 -53.210668 -53.210668
797 3.374098 3.374098 -53.235902 -53.235902
1521 3.371492 3.371492 -53.238508 -53.238508
1527 3.368202 3.368202 -53.241798 -53.241798
2140 3.015417 3.015417 -53.594583 -53.594583
2145 3.014252 3.014252 -53.595748 -53.595748
2146 2.890671 2.890671 -53.719329 -53.719329
2148 2.739725 2.739725 -53.870275 -53.870275
2669 1.737842 1.737842 -54.872158 -54.872158
2674 1.250127 1.250127 -55.359873 -55.359873
3182 1.249188 1.249188 -55.360812 -55.360812
3183 1.247240 1.247240 -55.362760 -55.362760
3186 1.246603 1.246603 -55.363397 -55.363397
3189 1.244566 1.244566 -55.365434 -55.365434
4017 1.101380 1.101380 -55.508620 -55.508620
4019 1.017966 1.017966 -55.592034 -55.592034
4021 0.960605 0.960605 -55.649395 -55.649395
4023 0.934991 0.934991 -55.675009 -55.675009
4531 0.934771 0.934771 -55.675229 -55.675229
4533 0.932481 0.932481 -55.677519 -55.677519
4536 0.932481 0.932481 -55.677519 -55.677519
4539 0.930104 0.930104 -55.679896 -55.679896
4554 0.721573 0.721573 -55.888427 -55.888427
4557 0.698556 0.698556 -55.911444 -55.911444
4561 0.645490 0.645490 -55.964510 -55.964510
4564 0.601755 0.601755 -56.008245 -56.008245
5401 0.600545 0.600545 -56.009455 -56.009455
5406 0.598743 0.598743 -56.011257 -56.011257
5409 0.598172 0.598172 -56.011828 -56.011828
5901 0.424838 0.424838 -56.185162 -56.185162
5904 0.407440 0.407440 -56.202560 -56.202560
5907 0.371538 0.371538 -56.238462 -56.238462
6142 0.358470 0.358470 -56.251530 -56.251530
6143 0.347272 0.347272 -56.262728 -56.262728
6145 0.324894 0.324894 -56.285106 -56.285106
6149 0.295534 0.295534 -56.314466 -56.314466
6717 0.216290 0.216290 -56.393710 -56.393710
6719 0.069543 0.069543 -56.540457 -56.540457
6723 0.054136 0.054136 -56.555864 -56.555864
7232 0.052353 0.052353 -56.557647 -56.557647
7238 0.051377 0.051377 -56.558623 -56.558623
8069 0.045967 0.045967 -56.564033 -56.564033
8072 0.034420 0.034420 -56.575580 -56.575580
8077 0.034030 0.034030 -56.575970 -56.575970
8582 0.033188 0.033188 -56.576812 -56.576812
8588 0.032035 0.032035 -56.577965 -56.577965
10293 0.022981 0.022981 -56.587019 -56.587019
10529 0.017989 0.017989 -56.592011 -56.592011
11142 0.015869 0.015869 -56.594131 -56.594131
11148 0.015710 0.015710 -56.594290 -56.594290
11150 0.015633 0.015633 -56.594367 -56.594367
13014 0.014954 0.014954 -56.595046 -56.595046
13712 0.014909 0.014909 -56.595091 -56.595091
13713 0.013437 0.013437 -56.596563 -56.596563
15716 0.001539 0.001539 -56.608461 -56.608461
135000 0.245737 0.001539 0.245737 -56.608461
"function evaluation" "current f(x)" "best-so-far f(x)" "current af(x)+b"  "best af(x)+b"
1 71.477791 71.477791 14.867791 14.867791
2 71.275754 71.275754 14.665754 14.665754
31 14.709884 14.709884 -41.900116 -41.900116
32 14.620964 14.620964 -41.989036 -41.989036
71 0.765361 0.765361 -55.844639 -55.844639
72 0.761895 0.761895 -55.848105 -55.848105
75 0.761097 0.761097 -55.848903 -55.848903
78 0.760985 0.760985 -55.849015 -55.849015
80 0.760790 0.760790 -55.849210 -55.849210
620 0.272970 0.272970 -56.337030 -56.337030
622 0.229527 0.229527 -56.380473 -56.380473
624 0.227561 0.227561 -56.382439 -56.382439
1422 0.223787 0.223787 -56.386213 -56.386213
1970 0.143944 0.143944 -56.466056 -56.466056
1972 0.134471 0.134471 -56.475529 -56.475529
1973 0.082635 0.082635 -56.527365 -56.527365
2772 0.081454 0.081454 -56.528546 -56.528546
2779 0.081440 0.081440 -56.528560 -56.528560
3322 0.058192 0.058192 -56.551808 -56.551808
3323 0.051139 0.051139 -56.558861 -56.558861
3324 0.041393 0.041393 -56.568607 -56.568607
3327 0.034832 0.034832 -56.575168 -56.575168
3332 0.030889 0.030889 -56.579111 -56.579111
3333 0.028102 0.028102 -56.581898 -56.581898
4121 0.026391 0.026391 -56.583609 -56.583609
4127 0.026099 0.026099 -56.583901 -56.583901
4129 0.025898 0.025898 -56.584102 -56.584102
10099 0.024328 0.024328 -56.585672 -56.585672
10881 0.023971 0.023971 -56.586029 -56.586029
10884 0.022786 0.022786 -56.587214 -56.587214
11437 0.011365 0.011365 -56.598635 -56.598635
11442 0.011084 0.011084 -56.598916 -56.598916
12232 0.009577 0.009577 -56.600423 -56.600423
12234 0.009081 0.009081 -56.600919 -56.600919
14453 0.008603 0.008603 -56.601397 -56.601397
15112 0.007703 0.007703 -56.602297 -56.602297
18840 0.006807 0.006807 -56.603193 -56.603193
19361 0.006003 0.006003 -56.603997 -56.603997
20711 0.005961 0.005961 -56.604039 -56.604039
38584 0.005614 0.005614 -56.604386 -56.604386
39312 0.004169 0.004169 -56.605831 -56.605831
39318 0.003650 0.003650 -56.606350 -56.606350
82806 0.003425 0.003425 -56.606575 -56.606575
86441 0.002069 0.002069 -56.607931 -56.607931
86447 0.001810 0.001810 -56.608190 -56.608190
135000 0.106362 0.001810 0.106362 -56.608190
"function evaluation" "current f(x)" "best-so-far f(x)" "current af(x)+b"  "best af(x)+b"
1 40.087549 40.087549 -16.522451 -16.522451
2 40.065433 40.065433 -16.544567 -16.544567
4 40.065091 40.065091 -16.544909 -16.544909
6 40.030960 40.030960 -16.579040 -16.579040
51 35.232665 35.232665 -21.377335 -21.377335
52 35.202416 35.202416 -21.407584 -21.407584
56 35.174301 35.174301 -21.435699 -21.435699
61 31.873004 31.873004 -24.736996 -24.736996
62 31.729252 31.729252 -24.880748 -24.880748
131 17.023818 17.023818 -39.586182 -39.586182
134 17.012316 17.012316 -39.597684 -39.597684
181 7.869873 7.869873 -48.740127 -48.740127
182 7.849119 7.849119 -48.760881 -48.760881
186 7.839427 7.839427 -48.770573 -48.770573
211 6.341658 6.341658 -50.268342 -50.268342
214 6.332803 6.332803 -50.277197 -50.277197
251 2.558879 2.558879 -54.051121 -54.051121
926 2.232191 2.232191 -54.377809 -54.377809
928 2.230628 2.230628 -54.379372 -54.379372
934 2.150035 2.150035 -54.459965 -54.459965
1601 2.146567 2.146567 -54.463433 -54.463433
1607 2.146415 2.146415 -54.463585 -54.463585
2208 0.699178 0.699178 -55.910822 -55.910822
2912 0.697189 0.697189 -55.912811 -55.912811
2914 0.696664 0.696664 -55.913336 -55.913336
2916 0.693740 0.693740 -55.916260 -55.916260
3558 0.538805 0.538805 -56.071195 -56.071195
3560 0.284542 0.284542 -56.325458 -56.325458
3563 0.164805 0.164805 -56.445195 -56.445195
4262 0.163323 0.163323 -56.446677 -56.446677
4265 0.162597 0.162597 -56.447403 -56.447403
4269 0.162432 0.162432 -56.447568 -56.447568
4917 0.110770 0.110770 -56.499230 -56.499230
5611 0.109611 0.109611 -56.500389 -56.500389
5614 0.108851 0.108851 -56.501149 -56.501149
5617 0.108251 0.108251 -56.501749 -56.501749
5901 0.097030 0.097030 -56.512970 -56.512970
5914 0.087728 0.087728 -56.522272 -56.522272
6269 0.058848 0.058848 -56.551152 -56.551152
6961 0.058564 0.058564 -56.551436 -56.551436
6963 0.057985 0.057985 -56.552015 -56.552015
6967 0.056453 0.056453 -56.553547 -56.553547
7255 0.024739 0.024739 -56.585261 -56.585261
8102 0.022277 0.022277 -56.587723 -56.587723
8108 0.022018 0.022018 -56.587982 -56.587982
11161 0.022015 0.022015 -56.587985 -56.587985
13671 0.021706 0.021706 -56.588294 -56.588294
13675 0.021422 0.021422 -56.588578 -56.588578
14531 0.019444 0.019444 -56.590556 -56.590556
15161 0.018909 0.018909 -56.591091 -56.591091
15163 0.018464 0.018464 -56.591536 -56.591536
15167 0.018010 0.018010 -56.591990 -56.591990
15169 0.017923 0.017923 -56.592077 -56.592077
15527 0.017797 0.017797 -56.592203 -56.592203
15643 0.014677 0.014677 -56.595323 -56.595323
15796 0.012867 0.012867 -56.597133 -56.597133
15800 0.012321 0.012321 -56.597679 -56.597679
16372 0.012305 0.012305 -56.597695 -56.597695
16378 0.012267 0.012267 -56.597733 -56.597733
16461 0.010987 0.010987 -56.599013 -56.599013
16467 0.010880 0.010880 -56.599120 -56.599120
17015 0.008647 0.008647 -56.601353 -56.601353
17153 0.008441 0.008441 -56.601559 -56.601559
17737 0.007772 0.007772 -56.602228 -56.602228
19584 0.005835 0.005835 -56.604165 -56.604165
20355 0.005734 0.005734 -56.604266 -56.604266
22276 0.004158 0.004158 -56.605842 -56.605842
23054 0.004018 0.004018 -56.605982 -56.605982
29198 0.002644 0.002644 -56.607356 -56.607356
29906 0.002523 0.002523 -56.607477 -56.607477
31894 0.002199 0.002199 -56.607801 -56.607801
32602 0.001314 0.001314 -56.608686 -56.608686
135000 0.114645 0.001314 0.114645 -56.608686
