"function evaluation" "current f(x)" "best-so-far f(x)" "current af(x)+b"  "best af(x)+b"
1 3393.140757 3393.140757 3423.110757 3423.110757
3 3393.140311 3393.140311 3423.110311 3423.110311
5 3393.139923 3393.139923 3423.109923 3423.109923
41 3050.727282 3050.727282 3080.697282 3080.697282
43 3050.727276 3050.727276 3080.697276 3080.697276
45 3050.726393 3050.726393 3080.696393 3080.696393
241 2706.128825 2706.128825 2736.098825 2736.098825
248 2706.128744 2706.128744 2736.098744 2736.098744
250 2706.128663 2706.128663 2736.098663 2736.098663
253 2706.128237 2706.128237 2736.098237 2736.098237
281 2494.414659 2494.414659 2524.384659 2524.384659
284 2494.414449 2494.414449 2524.384449 2524.384449
285 2494.413963 2494.413963 2524.383963 2524.383963
298 2494.413885 2494.413885 2524.383885 2524.383885
313 2494.413699 2494.413699 2524.383699 2524.383699
721 1925.761000 1925.761000 1955.731000 1955.731000
723 1925.760779 1925.760779 1955.730779 1955.730779
727 1925.760575 1925.760575 1955.730575 1955.730575
730 1925.760366 1925.760366 1955.730366 1955.730366
737 1925.760342 1925.760342 1955.730342 1955.730342
752 1925.760070 1925.760070 1955.730070 1955.730070
270000 933240347888148474168963183929238082178760345703542746466930277440681009903875117640089513158964671783236956137155348101922409152512.000000 1925.760070 933240347888148474168963183929238082178760345703542746466930277440681009903875117640089513158964671783236956137155348101922409152512.000000 1955.730070
"function evaluation" "current f(x)" "best-so-far f(x)" "current af(x)+b"  "best af(x)+b"
1 3729.042579 3729.042579 3759.012579 3759.012579
4 3729.042184 3729.042184 3759.012184 3759.012184
11 3729.042173 3729.042173 3759.012173 3759.012173
13 3729.042043 3729.042043 3759.012043 3759.012043
18 3729.041888 3729.041888 3759.011888 3759.011888
29 3729.041878 3729.041878 3759.011878 3759.011878
33 3729.041569 3729.041569 3759.011569 3759.011569
41 2758.923131 2758.923131 2788.893131 2788.893131
42 2758.921883 2758.921883 2788.891883 2788.891883
45 2758.921720 2758.921720 2788.891720 2788.891720
61 2758.921560 2758.921560 2788.891560 2788.891560
121 2745.434274 2745.434274 2775.404274 2775.404274
122 2745.432944 2745.432944 2775.402944 2775.402944
130 2745.432687 2745.432687 2775.402687 2775.402687
201 2519.140359 2519.140359 2549.110359 2549.110359
202 2519.138425 2519.138425 2549.108425 2549.108425
226 2519.138333 2519.138333 2549.108333 2549.108333
641 1828.917079 1828.917079 1858.887079 1858.887079
644 1828.916998 1828.916998 1858.886998 1858.886998
646 1828.916479 1828.916479 1858.886479 1858.886479
647 1828.916380 1828.916380 1858.886380 1858.886380
666 1828.916378 1828.916378 1858.886378 1858.886378
669 1828.916047 1828.916047 1858.886047 1858.886047
270000 7996108948881463653162917844947644470912557414680593560217515738774905596583037399745765732319140137970855710885816139954257920.000000 1828.916047 7996108948881463653162917844947644470912557414680593560217515738774905596583037399745765732319140137970855710885816139954257920.000000 1858.886047
"function evaluation" "current f(x)" "best-so-far f(x)" "current af(x)+b"  "best af(x)+b"
1 2871.321633 2871.321633 2901.291633 2901.291633
2 2871.320502 2871.320502 2901.290502 2901.290502
10 2871.320223 2871.320223 2901.290223 2901.290223
26 2871.320009 2871.320009 2901.290009 2901.290009
81 2580.721503 2580.721503 2610.691503 2610.691503
82 2580.721129 2580.721129 2610.691129 2610.691129
83 2580.721001 2580.721001 2610.691001 2610.691001
85 2580.720370 2580.720370 2610.690370 2610.690370
241 2174.787899 2174.787899 2204.757899 2204.757899
242 2174.786897 2174.786897 2204.756897 2204.756897
252 2174.786871 2174.786871 2204.756871 2204.756871
258 2174.786608 2174.786608 2204.756608 2204.756608
272 2174.786600 2174.786600 2204.756600 2204.756600
270000 1670234764858916699353425686742469499562085172743603525077450687445183342301374177622038195475475038891253369376964900449650017828864.000000 2174.786600 1670234764858916699353425686742469499562085172743603525077450687445183342301374177622038195475475038891253369376964900449650017828864.000000 2204.756600
"function evaluation" "current f(x)" "best-so-far f(x)" "current af(x)+b"  "best af(x)+b"
1 2891.263516 2891.263516 2839.553516 2839.553516
2 2891.262830 2891.262830 2839.552830 2839.552830
5 2891.262452 2891.262452 2839.552452 2839.552452
7 2891.262354 2891.262354 2839.552354 2839.552354
16 2891.262343 2891.262343 2839.552343 2839.552343
81 2361.988661 2361.988661 2310.278661 2310.278661
82 2361.988633 2361.988633 2310.278633 2310.278633
83 2361.988215 2361.988215 2310.278215 2310.278215
86 2361.988158 2361.988158 2310.278158 2310.278158
90 2361.987337 2361.987337 2310.277337 2310.277337
270000 2984378703002813483286938347857053283166901072362689511613975695509760629841838465009329248264255826090743109681275096123861630976.000000 2361.987337 2984378703002813483286938347857053283166901072362689511613975695509760629841838465009329248264255826090743109681275096123861630976.000000 2310.277337
"function evaluation" "current f(x)" "best-so-far f(x)" "current af(x)+b"  "best af(x)+b"
1 3896.348466 3896.348466 3844.638466 3844.638466
2 3896.346809 3896.346809 3844.636809 3844.636809
7 3896.346464 3896.346464 3844.636464 3844.636464
41 3771.561942 3771.561942 3719.851942 3719.851942
42 3771.560886 3771.560886 3719.850886 3719.850886
45 3771.560791 3771.560791 3719.850791 3719.850791
47 3771.560497 3771.560497 3719.850497 3719.850497
62 3771.560349 3771.560349 3719.850349 3719.850349
81 3532.045388 3532.045388 3480.335388 3480.335388
82 3532.044866 3532.044866 3480.334866 3480.334866
84 3532.044708 3532.044708 3480.334708 3480.334708
87 3532.044559 3532.044559 3480.334559 3480.334559
92 3532.044320 3532.044320 3480.334320 3480.334320
97 3532.043832 3532.043832 3480.333832 3480.333832
121 2250.385032 2250.385032 2198.675032 2198.675032
123 2250.384821 2250.384821 2198.674821 2198.674821
126 2250.384818 2250.384818 2198.674818 2198.674818
130 2250.383762 2250.383762 2198.673762 2198.673762
1001 2190.892985 2190.892985 2139.182985 2139.182985
1007 2190.892593 2190.892593 2139.182593 2139.182593
1012 2190.892497 2190.892497 2139.182497 2139.182497
1024 2190.892352 2190.892352 2139.182352 2139.182352
270000 44371710060590084036679410676156713772656015928861568457177877781919908662975845587540547084922853534794796074237648839541212053504.000000 2190.892352 44371710060590084036679410676156713772656015928861568457177877781919908662975845587540547084922853534794796074237648839541212053504.000000 2139.182352
"function evaluation" "current f(x)" "best-so-far f(x)" "current af(x)+b"  "best af(x)+b"
1 2983.521487 2983.521487 2931.811487 2931.811487
3 2983.521448 2983.521448 2931.811448 2931.811448
5 2983.521163 2983.521163 2931.811163 2931.811163
9 2983.521112 2983.521112 2931.811112 2931.811112
16 2983.520968 2983.520968 2931.810968 2931.810968
19 2983.520609 2983.520609 2931.810609 2931.810609
81 2955.442361 2955.442361 2903.732361 2903.732361
84 2955.442078 2955.442078 2903.732078 2903.732078
90 2955.441316 2955.441316 2903.731316 2903.731316
121 2814.767029 2814.767029 2763.057029 2763.057029
122 2814.766245 2814.766245 2763.056245 2763.056245
127 2814.765812 2814.765812 2763.055812 2763.055812
136 2814.765695 2814.765695 2763.055695 2763.055695
270000 12097544744939004840455390473294357063343263311332627047053775101846771353828541182298953790834611135970647725863177961594163298304.000000 2814.765695 12097544744939004840455390473294357063343263311332627047053775101846771353828541182298953790834611135970647725863177961594163298304.000000 2763.055695
"function evaluation" "current f(x)" "best-so-far f(x)" "current af(x)+b"  "best af(x)+b"
1 3615.703705 3615.703705 3335.753705 3335.753705
6 3615.703569 3615.703569 3335.753569 3335.753569
9 3615.703162 3615.703162 3335.753162 3335.753162
81 2510.444446 2510.444446 2230.494446 2230.494446
83 2510.444445 2510.444445 2230.494445 2230.494445
86 2510.444098 2510.444098 2230.494098 2230.494098
87 2510.444017 2510.444017 2230.494017 2230.494017
89 2510.443972 2510.443972 2230.493972 2230.493972
241 2473.058511 2473.058511 2193.108511 2193.108511
961 2466.473998 2466.473998 2186.523998 2186.523998
962 2466.473784 2466.473784 2186.523784 2186.523784
964 2466.473463 2466.473463 2186.523463 2186.523463
966 2466.473166 2466.473166 2186.523166 2186.523166
1121 2411.920173 2411.920173 2131.970173 2131.970173
1123 2411.920160 2411.920160 2131.970160 2131.970160
1127 2411.919898 2411.919898 2131.969898 2131.969898
1160 2411.919438 2411.919438 2131.969438 2131.969438
1241 2320.308880 2320.308880 2040.358880 2040.358880
1243 2320.308720 2320.308720 2040.358720 2040.358720
1246 2320.308141 2320.308141 2040.358141 2040.358141
270000 1094107122968712043205247170464996788672228814328253239819241641662773997727212211177722564325371754701483375690225491568773897912320.000000 2320.308141 1094107122968712043205247170464996788672228814328253239819241641662773997727212211177722564325371754701483375690225491568773897912320.000000 2040.358141
"function evaluation" "current f(x)" "best-so-far f(x)" "current af(x)+b"  "best af(x)+b"
1 2841.131105 2841.131105 2561.181105 2561.181105
6 2841.130813 2841.130813 2561.180813 2561.180813
25 2841.130721 2841.130721 2561.180721 2561.180721
32 2841.130705 2841.130705 2561.180705 2561.180705
41 2797.677483 2797.677483 2517.727483 2517.727483
44 2797.677395 2797.677395 2517.727395 2517.727395
46 2797.677256 2797.677256 2517.727256 2517.727256
59 2797.676987 2797.676987 2517.726987 2517.726987
65 2797.676842 2797.676842 2517.726842 2517.726842
361 2733.790141 2733.790141 2453.840141 2453.840141
362 2733.789927 2733.789927 2453.839927 2453.839927
363 2733.789765 2733.789765 2453.839765 2453.839765
366 2733.789681 2733.789681 2453.839681 2453.839681
368 2733.789385 2733.789385 2453.839385 2453.839385
371 2733.789266 2733.789266 2453.839266 2453.839266
385 2733.789170 2733.789170 2453.839170 2453.839170
401 2503.337987 2503.337987 2223.387987 2223.387987
404 2503.337941 2503.337941 2223.387941 2223.387941
407 2503.337936 2503.337936 2223.387936 2223.387936
414 2503.337831 2503.337831 2223.387831 2223.387831
432 2503.337292 2503.337292 2223.387292 2223.387292
521 2092.598758 2092.598758 1812.648758 1812.648758
523 2092.598531 2092.598531 1812.648531 1812.648531
529 2092.598353 2092.598353 1812.648353 1812.648353
552 2092.598238 2092.598238 1812.648238 1812.648238
270000 531835799537024237552225067379098361727328637099367695515888124993248165439851508776519877153535553053325416340223314341802085974016.000000 2092.598238 531835799537024237552225067379098361727328637099367695515888124993248165439851508776519877153535553053325416340223314341802085974016.000000 1812.648238
"function evaluation" "current f(x)" "best-so-far f(x)" "current af(x)+b"  "best af(x)+b"
1 3403.979923 3403.979923 3124.029923 3124.029923
4 3403.979830 3403.979830 3124.029830 3124.029830
9 3403.979651 3403.979651 3124.029651 3124.029651
25 3403.979494 3403.979494 3124.029494 3124.029494
32 3403.978844 3403.978844 3124.028844 3124.028844
41 2741.956449 2741.956449 2462.006449 2462.006449
49 2741.956308 2741.956308 2462.006308 2462.006308
76 2741.956255 2741.956255 2462.006255 2462.006255
281 2652.270207 2652.270207 2372.320207 2372.320207
298 2652.270102 2652.270102 2372.320102 2372.320102
1681 2618.798568 2618.798568 2338.848568 2338.848568
1682 2618.798115 2618.798115 2338.848115 2338.848115
1683 2618.797708 2618.797708 2338.847708 2338.847708
1686 2618.797057 2618.797057 2338.847057 2338.847057
1921 2442.102758 2442.102758 2162.152758 2162.152758
1923 2442.102684 2442.102684 2162.152684 2162.152684
1926 2442.102301 2442.102301 2162.152301 2162.152301
1929 2442.102076 2442.102076 2162.152076 2162.152076
270000 437149298605731981335518712426317774803472232053401098304417890837438558757895215320953604614477199044261560365367732743766968107008.000000 2442.102076 437149298605731981335518712426317774803472232053401098304417890837438558757895215320953604614477199044261560365367732743766968107008.000000 2162.152076
"function evaluation" "current f(x)" "best-so-far f(x)" "current af(x)+b"  "best af(x)+b"
1 3444.508214 3444.508214 4376.498214 4376.498214
2 3444.507594 3444.507594 4376.497594 4376.497594
4 3444.507119 3444.507119 4376.497119 4376.497119
17 3444.507058 3444.507058 4376.497058 4376.497058
41 2369.938915 2369.938915 3301.928915 3301.928915
42 2369.938609 2369.938609 3301.928609 3301.928609
43 2369.938445 2369.938445 3301.928445 3301.928445
45 2369.938120 2369.938120 3301.928120 3301.928120
62 2369.937690 2369.937690 3301.927690 3301.927690
161 2293.534007 2293.534007 3225.524007 3225.524007
162 2293.532200 2293.532200 3225.522200 3225.522200
177 2293.531808 2293.531808 3225.521808 3225.521808
441 2180.121539 2180.121539 3112.111539 3112.111539
444 2180.121465 2180.121465 3112.111465 3112.111465
448 2180.121073 2180.121073 3112.111073 3112.111073
454 2180.120855 2180.120855 3112.110855 3112.110855
462 2180.120614 2180.120614 3112.110614 3112.110614
881 1804.193745 1804.193745 2736.183745 2736.183745
882 1804.193018 1804.193018 2736.183018 2736.183018
886 1804.192774 1804.192774 2736.182774 2736.182774
890 1804.192691 1804.192691 2736.182691 2736.182691
891 1804.192489 1804.192489 2736.182489 2736.182489
270000 41402153947182675898489354729753994064269178691498312678686937337213868566245915968172008557594872074929857258204292201261826048.000000 1804.192489 41402153947182675898489354729753994064269178691498312678686937337213868566245915968172008557594872074929857258204292201261826048.000000 2736.182489
"function evaluation" "current f(x)" "best-so-far f(x)" "current af(x)+b"  "best af(x)+b"
1 2506.601956 2506.601956 3438.591956 3438.591956
11 2506.601454 2506.601454 3438.591454 3438.591454
22 2506.601439 2506.601439 3438.591439 3438.591439
38 2506.601274 2506.601274 3438.591274 3438.591274
561 2470.711074 2470.711074 3402.701074 3402.701074
562 2470.710586 2470.710586 3402.700586 3402.700586
564 2470.710293 2470.710293 3402.700293 3402.700293
567 2470.709837 2470.709837 3402.699837 3402.699837
721 2174.898865 2174.898865 3106.888865 3106.888865
722 2174.896478 2174.896478 3106.886478 3106.886478
270000 166575479362825521436536300468941493889542050797415498363165540535996246571392989653121694458710517065040201658358726494653513728.000000 2174.896478 166575479362825521436536300468941493889542050797415498363165540535996246571392989653121694458710517065040201658358726494653513728.000000 3106.886478
"function evaluation" "current f(x)" "best-so-far f(x)" "current af(x)+b"  "best af(x)+b"
1 2850.186320 2850.186320 3782.176320 3782.176320
4 2850.185842 2850.185842 3782.175842 3782.175842
7 2850.185516 2850.185516 3782.175516 3782.175516
22 2850.185345 2850.185345 3782.175345 3782.175345
321 2629.211912 2629.211912 3561.201912 3561.201912
322 2629.210189 2629.210189 3561.200189 3561.200189
352 2629.210119 2629.210119 3561.200119 3561.200119
353 2629.209980 2629.209980 3561.199980 3561.199980
361 2470.316096 2470.316096 3402.306096 3402.306096
366 2470.316011 2470.316011 3402.306011 3402.306011
367 2470.315710 2470.315710 3402.305710 3402.305710
374 2470.315121 2470.315121 3402.305121 3402.305121
841 2454.432073 2454.432073 3386.422073 3386.422073
842 2454.430733 2454.430733 3386.420733 3386.420733
850 2454.430595 2454.430595 3386.420595 3386.420595
1081 2281.638179 2281.638179 3213.628179 3213.628179
1082 2281.637873 2281.637873 3213.627873 3213.627873
1084 2281.637817 2281.637817 3213.627817 3213.627817
1087 2281.637672 2281.637672 3213.627672 3213.627672
1090 2281.637635 2281.637635 3213.627635 3213.627635
1091 2281.637570 2281.637570 3213.627570 3213.627570
1097 2281.637268 2281.637268 3213.627268 3213.627268
1102 2281.637131 2281.637131 3213.627131 3213.627131
270000 17324098522713162755346041415822813784095963196932911770099945467974349891429821874110102184677192004446371144247305728445529456640.000000 2281.637131 17324098522713162755346041415822813784095963196932911770099945467974349891429821874110102184677192004446371144247305728445529456640.000000 3213.627131
"function evaluation" "current f(x)" "best-so-far f(x)" "current af(x)+b"  "best af(x)+b"
1 3073.189597 3073.189597 3186.499597 3186.499597
2 3073.188629 3073.188629 3186.498629 3186.498629
6 3073.188342 3073.188342 3186.498342 3186.498342
8 3073.188257 3073.188257 3186.498257 3186.498257
13 3073.188054 3073.188054 3186.498054 3186.498054
27 3073.187937 3073.187937 3186.497937 3186.497937
81 2724.129015 2724.129015 2837.439015 2837.439015
82 2724.128903 2724.128903 2837.438903 2837.438903
84 2724.128305 2724.128305 2837.438305 2837.438305
95 2724.127739 2724.127739 2837.437739 2837.437739
361 2574.816201 2574.816201 2688.126201 2688.126201
362 2574.815853 2574.815853 2688.125853 2688.125853
366 2574.815287 2574.815287 2688.125287 2688.125287
368 2574.815259 2574.815259 2688.125259 2688.125259
378 2574.814901 2574.814901 2688.124901 2688.124901
521 2478.219792 2478.219792 2591.529792 2591.529792
522 2478.219778 2478.219778 2591.529778 2591.529778
523 2478.219424 2478.219424 2591.529424 2591.529424
526 2478.219228 2478.219228 2591.529228 2591.529228
528 2478.219088 2478.219088 2591.529088 2591.529088
533 2478.218919 2478.218919 2591.528919 2591.528919
538 2478.218658 2478.218658 2591.528658 2591.528658
1241 2374.375291 2374.375291 2487.685291 2487.685291
1242 2374.374905 2374.374905 2487.684905 2487.684905
1253 2374.374316 2374.374316 2487.684316 2487.684316
1267 2374.374190 2374.374190 2487.684190 2487.684190
1279 2374.374127 2374.374127 2487.684127 2487.684127
270000 634260340372723985488685725064340006239539356370692220313679763034193950654754450160626032247617863883400113446781432893538304.000000 2374.374127 634260340372723985488685725064340006239539356370692220313679763034193950654754450160626032247617863883400113446781432893538304.000000 2487.684127
"function evaluation" "current f(x)" "best-so-far f(x)" "current af(x)+b"  "best af(x)+b"
1 4771.090654 4771.090654 4884.400654 4884.400654
2 4771.090176 4771.090176 4884.400176 4884.400176
4 4771.090114 4771.090114 4884.400114 4884.400114
6 4771.089656 4771.089656 4884.399656 4884.399656
8 4771.089578 4771.089578 4884.399578 4884.399578
15 4771.089481 4771.089481 4884.399481 4884.399481
27 4771.089476 4771.089476 4884.399476 4884.399476
41 2767.810854 2767.810854 2881.120854 2881.120854
42 2767.809598 2767.809598 2881.119598 2881.119598
69 2767.809408 2767.809408 2881.119408 2881.119408
72 2767.808491 2767.808491 2881.118491 2881.118491
121 2721.364854 2721.364854 2834.674854 2834.674854
122 2721.364795 2721.364795 2834.674795 2834.674795
126 2721.364087 2721.364087 2834.674087 2834.674087
131 2721.364080 2721.364080 2834.674080 2834.674080
145 2721.364000 2721.364000 2834.674000 2834.674000
157 2721.363985 2721.363985 2834.673985 2834.673985
241 2608.894772 2608.894772 2722.204772 2722.204772
242 2608.894673 2608.894673 2722.204673 2722.204673
244 2608.894272 2608.894272 2722.204272 2722.204272
250 2608.893896 2608.893896 2722.203896 2722.203896
261 2608.893729 2608.893729 2722.203729 2722.203729
264 2608.893173 2608.893173 2722.203173 2722.203173
281 2555.370438 2555.370438 2668.680438 2668.680438
282 2555.369336 2555.369336 2668.679336 2668.679336
285 2555.369335 2555.369335 2668.679335 2668.679335
291 2555.368795 2555.368795 2668.678795 2668.678795
721 2421.806562 2421.806562 2535.116562 2535.116562
722 2421.805667 2421.805667 2535.115667 2535.115667
728 2421.805647 2421.805647 2535.115647 2535.115647
732 2421.805560 2421.805560 2535.115560 2535.115560
747 2421.805257 2421.805257 2535.115257 2535.115257
752 2421.804830 2421.804830 2535.114830 2535.114830
1681 2187.842454 2187.842454 2301.152454 2301.152454
1682 2187.842220 2187.842220 2301.152220 2301.152220
1684 2187.841858 2187.841858 2301.151858 2301.151858
1686 2187.841401 2187.841401 2301.151401 2301.151401
270000 13200827165703082496708406229930292629261982570890915298773232511135446652222607495194353376652685779779678717448874610275647488.000000 2187.841401 13200827165703082496708406229930292629261982570890915298773232511135446652222607495194353376652685779779678717448874610275647488.000000 2301.151401
"function evaluation" "current f(x)" "best-so-far f(x)" "current af(x)+b"  "best af(x)+b"
1 2572.318881 2572.318881 2685.628881 2685.628881
4 2572.318681 2572.318681 2685.628681 2685.628681
5 2572.318303 2572.318303 2685.628303 2685.628303
15 2572.318161 2572.318161 2685.628161 2685.628161
24 2572.317639 2572.317639 2685.627639 2685.627639
81 2563.973637 2563.973637 2677.283637 2677.283637
82 2563.972998 2563.972998 2677.282998 2677.282998
85 2563.972933 2563.972933 2677.282933 2677.282933
90 2563.972762 2563.972762 2677.282762 2677.282762
104 2563.972602 2563.972602 2677.282602 2677.282602
112 2563.972403 2563.972403 2677.282403 2677.282403
161 2146.816319 2146.816319 2260.126319 2260.126319
162 2146.815816 2146.815816 2260.125816 2260.125816
164 2146.815160 2146.815160 2260.125160 2260.125160
270000 104113346724090176743412787176851640606559071426486215240516770194706225619923512053636103240784038847784139045644026658982723584.000000 2146.815160 104113346724090176743412787176851640606559071426486215240516770194706225619923512053636103240784038847784139045644026658982723584.000000 2260.125160
