"function evaluation" "current f(x)" "best-so-far f(x)" "current af(x)+b"  "best af(x)+b"
1 311264.805079 311264.805079 311300.705079 311300.705079
11 175999.126802 175999.126802 176035.026802 176035.026802
31 16809.413749 16809.413749 16845.313749 16845.313749
34 16806.026167 16806.026167 16841.926167 16841.926167
36 16767.858446 16767.858446 16803.758446 16803.758446
37 16764.457423 16764.457423 16800.357423 16800.357423
39 16746.283615 16746.283615 16782.183615 16782.183615
61 847.126759 847.126759 883.026759 883.026759
101 63.300161 63.300161 99.200161 99.200161
102 63.165618 63.165618 99.065618 99.065618
106 63.151824 63.151824 99.051824 99.051824
673 42.944403 42.944403 78.844403 78.844403
678 41.767582 41.767582 77.667582 77.667582
1454 41.752955 41.752955 77.652955 77.652955
1456 41.711322 41.711322 77.611322 77.611322
2021 23.005424 23.005424 58.905424 58.905424
2802 22.976000 22.976000 58.876000 58.876000
3376 22.305056 22.305056 58.205056 58.205056
4152 22.243160 22.243160 58.143160 58.143160
7579 12.431990 12.431990 48.331990 48.331990
8292 12.422806 12.422806 48.322806 48.322806
8927 2.399880 2.399880 38.299880 38.299880
9642 2.395721 2.395721 38.295721 38.295721
9643 2.392257 2.392257 38.292257 38.292257
9650 2.385193 2.385193 38.285193 38.285193
17034 1.487123 1.487123 37.387123 37.387123
17742 1.484144 1.484144 37.384144 37.384144
17743 1.482166 1.482166 37.382166 37.382166
17746 1.478614 1.478614 37.378614 37.378614
17750 1.471553 1.471553 37.371553 37.371553
29327 0.760552 0.760552 36.660552 36.660552
29982 0.756227 0.756227 36.656227 36.656227
29990 0.753504 0.753504 36.653504 36.653504
33377 0.435562 0.435562 36.335562 36.335562
34032 0.434594 0.434594 36.334594 36.334594
34033 0.434196 0.434196 36.334196 36.334196
34038 0.434173 0.434173 36.334173 36.334173
34040 0.426029 0.426029 36.326029 36.326029
52841 0.340969 0.340969 36.240969 36.240969
52844 0.205165 0.205165 36.105165 36.105165
68736 0.164426 0.164426 36.064426 36.064426
69282 0.160253 0.160253 36.060253 36.060253
94388 0.080009 0.080009 35.980009 35.980009
94932 0.079376 0.079376 35.979376 35.979376
95732 0.041453 0.041453 35.941453 35.941453
96282 0.039268 0.039268 35.939268 35.939268
98441 0.025006 0.025006 35.925006 35.925006
98982 0.022016 0.022016 35.922016 35.922016
135000 6669.963811 0.022016 6669.963811 35.922016
"function evaluation" "current f(x)" "best-so-far f(x)" "current af(x)+b"  "best af(x)+b"
1 301800.699578 301800.699578 301836.599578 301836.599578
8 301793.265146 301793.265146 301829.165146 301829.165146
9 301763.064598 301763.064598 301798.964598 301798.964598
11 164.928845 164.928845 200.828845 200.828845
12 164.191115 164.191115 200.091115 200.091115
311 121.920939 121.920939 157.820939 157.820939
312 121.741010 121.741010 157.641010 157.641010
520 116.243139 116.243139 152.143139 152.143139
525 115.419036 115.419036 151.319036 151.319036
530 114.882312 114.882312 150.782312 150.782312
1030 109.662463 109.662463 145.562463 145.562463
1662 109.581982 109.581982 145.481982 145.481982
1868 75.897392 75.897392 111.797392 111.797392
1870 44.634925 44.634925 80.534925 80.534925
1874 42.397762 42.397762 78.297762 78.297762
1875 41.600777 41.600777 77.500777 77.500777
2541 24.702892 24.702892 60.602892 60.602892
3102 24.667473 24.667473 60.567473 60.567473
3222 23.671083 23.671083 59.571083 59.571083
3224 23.385538 23.385538 59.285538 59.285538
3225 11.530532 11.530532 47.430532 47.430532
3229 11.443749 11.443749 47.343749 47.343749
4062 11.431706 11.431706 47.331706 47.331706
4063 11.417047 11.417047 47.317047 47.317047
4070 11.396550 11.396550 47.296550 47.296550
10174 8.569669 8.569669 44.469669 44.469669
10178 6.826300 6.826300 42.726300 42.726300
10183 6.065324 6.065324 41.965324 41.965324
10932 6.049411 6.049411 41.949411 41.949411
10940 6.038267 6.038267 41.938267 41.938267
14568 5.160746 5.160746 41.060746 41.060746
14569 3.935276 3.935276 39.835276 39.835276
15182 3.922689 3.922689 39.822689 39.822689
15183 3.918828 3.918828 39.818828 39.818828
18262 3.190077 3.190077 39.090077 39.090077
18845 1.834320 1.834320 37.734320 37.734320
19362 1.827736 1.827736 37.727736 37.727736
19363 1.811180 1.811180 37.711180 37.711180
32020 1.378370 1.378370 37.278370 37.278370
32672 1.378130 1.378130 37.278130 37.278130
32673 1.376418 1.376418 37.276418 37.276418
32680 1.374967 1.374967 37.274967 37.274967
34715 0.534233 0.534233 36.434233 36.434233
35372 0.528509 0.528509 36.428509 36.428509
35373 0.526829 0.526829 36.426829 36.426829
35380 0.519028 0.519028 36.419028 36.419028
38764 0.227571 0.227571 36.127571 36.127571
39422 0.225524 0.225524 36.125524 36.125524
39430 0.219508 0.219508 36.119508 36.119508
48216 0.158132 0.158132 36.058132 36.058132
48872 0.157040 0.157040 36.057040 36.057040
48880 0.153761 0.153761 36.053761 36.053761
50919 0.149929 0.149929 36.049929 36.049929
51572 0.149757 0.149757 36.049757 36.049757
51573 0.149654 0.149654 36.049654 36.049654
51580 0.146778 0.146778 36.046778 36.046778
54964 0.100025 0.100025 36.000025 36.000025
54969 0.081164 0.081164 35.981164 35.981164
55625 0.081069 0.081069 35.981069 35.981069
55630 0.080002 0.080002 35.980002 35.980002
91328 0.050426 0.050426 35.950426 35.950426
92022 0.049352 0.049352 35.949352 35.949352
92023 0.048885 0.048885 35.948885 35.948885
92030 0.045659 0.045659 35.945659 35.945659
135000 33253.803985 0.045659 33253.803985 35.945659
"function evaluation" "current f(x)" "best-so-far f(x)" "current af(x)+b"  "best af(x)+b"
1 124380.710381 124380.710381 124416.610381 124416.610381
8 124310.338397 124310.338397 124346.238397 124346.238397
61 63027.013552 63027.013552 63062.913552 63062.913552
65 63001.063584 63001.063584 63036.963584 63036.963584
141 19468.167584 19468.167584 19504.067584 19504.067584
142 19439.449263 19439.449263 19475.349263 19475.349263
145 19410.545162 19410.545162 19446.445162 19446.445162
149 19375.366356 19375.366356 19411.266356 19411.266356
311 237.845527 237.845527 273.745527 273.745527
312 237.512328 237.512328 273.412328 273.412328
316 237.453819 237.453819 273.353819 273.353819
1030 214.208966 214.208966 250.108966 250.108966
1033 210.626442 210.626442 246.526442 246.526442
1662 210.564757 210.564757 246.464757 246.464757
1666 210.543107 210.543107 246.443107 246.443107
2303 58.207633 58.207633 94.107633 94.107633
2305 53.103403 53.103403 89.003403 89.003403
2492 21.539589 21.539589 57.439589 57.439589
3072 21.480878 21.480878 57.380878 57.380878
10184 12.329710 12.329710 48.229710 48.229710
10932 12.308147 12.308147 48.208147 48.208147
11490 12.260597 12.260597 48.160597 48.160597
11529 4.387035 4.387035 40.287035 40.287035
12282 4.360997 4.360997 40.260997 40.260997
12845 3.185214 3.185214 39.085214 39.085214
13612 3.166364 3.166364 39.066364 39.066364
13620 3.164932 3.164932 39.064932 39.064932
14192 2.625932 2.625932 38.525932 38.525932
14196 1.594994 1.594994 37.494994 37.494994
14199 1.408645 1.408645 37.308645 37.308645
14962 1.406396 1.406396 37.306396 37.306396
14963 1.404816 1.404816 37.304816 37.304816
14970 1.401001 1.401001 37.301001 37.301001
16897 0.602470 0.602470 36.502470 36.502470
17662 0.580921 0.580921 36.480921 36.480921
29415 0.408920 0.408920 36.308920 36.308920
30032 0.403457 0.403457 36.303457 36.303457
32114 0.249096 0.249096 36.149096 36.149096
32732 0.244654 0.244654 36.144654 36.144654
32740 0.244145 0.244145 36.144145 36.144145
49673 0.166196 0.166196 36.066196 36.066196
50282 0.160184 0.160184 36.060184 36.060184
87542 0.135359 0.135359 36.035359 36.035359
88122 0.129183 0.129183 36.029183 36.029183
101042 0.119255 0.119255 36.019255 36.019255
101622 0.112958 0.112958 36.012958 36.012958
104282 0.112097 0.112097 36.012097 36.012097
104290 0.109095 0.109095 36.009095 36.009095
135000 245.425761 0.109095 245.425761 36.009095
"function evaluation" "current f(x)" "best-so-far f(x)" "current af(x)+b"  "best af(x)+b"
1 12069.382218 12069.382218 12100.752218 12100.752218
2 11919.997377 11919.997377 11951.367377 11951.367377
391 172.906416 172.906416 204.276416 204.276416
392 172.839776 172.839776 204.209776 204.209776
394 172.767528 172.767528 204.137528 204.137528
398 172.607225 172.607225 203.977225 203.977225
451 154.475367 154.475367 185.845367 185.845367
452 154.309096 154.309096 185.679096 185.679096
454 154.281720 154.281720 185.651720 185.651720
458 154.185634 154.185634 185.555634 185.555634
504 119.697481 119.697481 151.067481 151.067481
510 119.612431 119.612431 150.982431 150.982431
512 114.422009 114.422009 145.792009 145.792009
1198 63.006539 63.006539 94.376539 94.376539
1761 62.993617 62.993617 94.363617 94.363617
1764 62.972837 62.972837 94.342837 94.342837
1768 62.930207 62.930207 94.300207 94.300207
2521 53.217886 53.217886 84.587886 84.587886
2558 51.540025 51.540025 82.910025 82.910025
3112 51.518764 51.518764 82.888764 82.888764
3114 51.493470 51.493470 82.863470 82.863470
3118 51.447779 51.447779 82.817779 82.817779
3205 41.572395 41.572395 72.942395 72.942395
3212 36.883912 36.883912 68.253912 68.253912
4052 36.877517 36.877517 68.247517 68.247517
4054 36.838444 36.838444 68.208444 68.208444
4058 36.812954 36.812954 68.182954 68.182954
4916 25.020601 25.020601 56.390601 56.390601
4985 22.969345 22.969345 54.339345 54.339345
5652 22.956782 22.956782 54.326782 54.326782
5656 22.955604 22.955604 54.325604 54.325604
5658 22.941781 22.941781 54.311781 54.311781
6465 7.649845 7.649845 39.019845 39.019845
7081 7.647635 7.647635 39.017635 39.017635
7084 7.622893 7.622893 38.992893 38.992893
7088 7.617215 7.617215 38.987215 38.987215
7833 7.390990 7.390990 38.760990 38.760990
7834 7.044097 7.044097 38.414097 38.414097
8441 7.042430 7.042430 38.412430 38.412430
8444 7.027936 7.027936 38.397936 38.397936
9190 5.769341 5.769341 37.139341 37.139341
9791 5.640562 5.640562 37.010562 37.010562
9800 5.631980 5.631980 37.001980 37.001980
9963 3.168148 3.168148 34.538148 34.538148
10801 3.159268 3.159268 34.529268 34.529268
10808 3.140353 3.140353 34.510353 34.510353
11408 1.805624 1.805624 33.175624 33.175624
11414 1.763130 1.763130 33.133130 33.133130
12211 1.750118 1.750118 33.120118 33.120118
12218 1.739445 1.739445 33.109445 33.109445
14112 0.763802 0.763802 32.133802 32.133802
14912 0.761649 0.761649 32.131649 32.131649
14914 0.757047 0.757047 32.127047 32.127047
29027 0.337196 0.337196 31.707196 31.707196
29802 0.329906 0.329906 31.699906 31.699906
29806 0.329844 0.329844 31.699844 31.699844
39654 0.321486 0.321486 31.691486 31.691486
39664 0.281818 0.281818 31.651818 31.651818
40502 0.243612 0.243612 31.613612 31.613612
40506 0.242981 0.242981 31.612981 31.612981
40509 0.240270 0.240270 31.610270 31.610270
72232 0.148004 0.148004 31.518004 31.518004
73001 0.146861 0.146861 31.516861 31.516861
73008 0.146242 0.146242 31.516242 31.516242
135000 176338.064726 0.146242 176338.064726 31.516242
"function evaluation" "current f(x)" "best-so-far f(x)" "current af(x)+b"  "best af(x)+b"
1 704302.373259 704302.373259 704333.743259 704333.743259
5 704041.057860 704041.057860 704072.427860 704072.427860
11 24860.419905 24860.419905 24891.789905 24891.789905
12 24486.173252 24486.173252 24517.543252 24517.543252
31 21874.891782 21874.891782 21906.261782 21906.261782
33 21810.291067 21810.291067 21841.661067 21841.661067
151 21165.806532 21165.806532 21197.176532 21197.176532
155 21133.142914 21133.142914 21164.512914 21164.512914
171 17820.423590 17820.423590 17851.793590 17851.793590
211 12833.136852 12833.136852 12864.506852 12864.506852
212 12790.182346 12790.182346 12821.552346 12821.552346
214 12775.257211 12775.257211 12806.627211 12806.627211
217 12746.225041 12746.225041 12777.595041 12777.595041
301 12365.689248 12365.689248 12397.059248 12397.059248
302 12326.357000 12326.357000 12357.727000 12357.727000
304 12312.690133 12312.690133 12344.060133 12344.060133
307 12286.014949 12286.014949 12317.384949 12317.384949
441 7487.883453 7487.883453 7519.253453 7519.253453
442 7436.034430 7436.034430 7467.404430 7467.404430
447 7416.503241 7416.503241 7447.873241 7447.873241
481 1938.256448 1938.256448 1969.626448 1969.626448
641 125.873283 125.873283 157.243283 157.243283
758 107.559478 107.559478 138.929478 138.929478
790 72.225494 72.225494 103.595494 103.595494
1311 46.926084 46.926084 78.296084 78.296084
1312 40.819318 40.819318 72.189318 72.189318
1821 40.789274 40.789274 72.159274 72.159274
1828 40.766890 40.766890 72.136890 72.136890
4005 23.635152 23.635152 55.005152 55.005152
4011 16.485477 16.485477 47.855477 47.855477
4522 16.441978 16.441978 47.811978 47.811978
4526 16.437837 16.437837 47.807837 47.807837
4528 16.385401 16.385401 47.755401 47.755401
7551 6.619495 6.619495 37.989495 37.989495
8272 6.610857 6.610857 37.980857 37.980857
8278 6.600664 6.600664 37.970664 37.970664
11403 3.772724 3.772724 35.142724 35.142724
12212 3.771321 3.771321 35.141321 35.141321
12214 3.768429 3.768429 35.138429 35.138429
12216 3.761178 3.761178 35.131178 35.131178
12218 3.748251 3.748251 35.118251 35.118251
17368 3.070461 3.070461 34.440461 34.440461
17941 3.065074 3.065074 34.435074 34.435074
17944 3.057312 3.057312 34.427312 34.427312
17948 3.046954 3.046954 34.416954 34.416954
18308 2.773763 2.773763 34.143763 34.143763
18311 2.732059 2.732059 34.102059 34.102059
18319 2.439255 2.439255 33.809255 33.809255
19051 2.435615 2.435615 33.805615 33.805615
19054 2.430236 2.430236 33.800236 33.800236
19058 2.428637 2.428637 33.798637 33.798637
19659 2.211188 2.211188 33.581188 33.581188
20402 2.199007 2.199007 33.569007 33.569007
20404 2.193181 2.193181 33.563181 33.563181
20408 2.190710 2.190710 33.560710 33.560710
25559 0.827245 0.827245 32.197245 32.197245
26091 0.824251 0.824251 32.194251 32.194251
26094 0.823591 0.823591 32.193591 32.193591
26098 0.810663 0.810663 32.180663 32.180663
28258 0.509373 0.509373 31.879373 31.879373
28792 0.500137 0.500137 31.870137 31.870137
28798 0.491544 0.491544 31.861544 31.861544
29607 0.313106 0.313106 31.683106 31.683106
30142 0.309970 0.309970 31.679970 31.679970
30148 0.301861 0.301861 31.671861 31.671861
39758 0.244325 0.244325 31.614325 31.614325
40561 0.242281 0.242281 31.612281 31.612281
40568 0.237775 0.237775 31.607775 31.607775
55960 0.202219 0.202219 31.572219 31.572219
56762 0.202075 0.202075 31.572075 31.572075
56764 0.199240 0.199240 31.569240 31.569240
56766 0.198361 0.198361 31.568361 31.568361
56768 0.194056 0.194056 31.564056 31.564056
65806 0.145786 0.145786 31.515786 31.515786
66442 0.145253 0.145253 31.515253 31.515253
66446 0.144195 0.144195 31.514195 31.514195
66448 0.142377 0.142377 31.512377 31.512377
67146 0.135595 0.135595 31.505595 31.505595
67152 0.073627 0.073627 31.443627 31.443627
67791 0.073223 0.073223 31.443223 31.443223
67794 0.072343 0.072343 31.442343 31.442343
67796 0.071716 0.071716 31.441716 31.441716
67798 0.067987 0.067987 31.437987 31.437987
72544 0.043246 0.043246 31.413246 31.413246
73192 0.042875 0.042875 31.412875 31.412875
73198 0.042192 0.042192 31.412192 31.412192
135000 16135.901534 0.042192 16135.901534 31.412192
"function evaluation" "current f(x)" "best-so-far f(x)" "current af(x)+b"  "best af(x)+b"
1 317071.899965 317071.899965 317103.269965 317103.269965
11 196153.574078 196153.574078 196184.944078 196184.944078
15 196107.033639 196107.033639 196138.403639 196138.403639
17 195951.526989 195951.526989 195982.896989 195982.896989
31 118963.570776 118963.570776 118994.940776 118994.940776
35 118922.362180 118922.362180 118953.732180 118953.732180
51 114.297105 114.297105 145.667105 145.667105
52 114.279904 114.279904 145.649904 145.649904
54 114.269445 114.269445 145.639445 145.639445
58 114.250709 114.250709 145.620709 145.620709
201 101.574863 101.574863 132.944863 132.944863
204 101.526798 101.526798 132.896798 132.896798
208 101.475783 101.475783 132.845783 132.845783
588 97.334799 97.334799 128.704799 128.704799
590 87.966029 87.966029 119.336029 119.336029
614 44.686294 44.686294 76.056294 76.056294
1411 44.638486 44.638486 76.008486 76.008486
1990 23.932037 23.932037 55.302037 55.302037
2782 23.922970 23.922970 55.292970 55.292970
2784 23.915453 23.915453 55.285453 55.285453
2789 23.911284 23.911284 55.281284 55.281284
5993 5.802779 5.802779 37.172779 37.172779
6801 5.799918 5.799918 37.169918 37.169918
6804 5.778639 5.778639 37.148639 37.148639
6808 5.773098 5.773098 37.143098 37.143098
7338 3.809137 3.809137 35.179137 35.179137
8152 3.799331 3.799331 35.169331 35.169331
8154 3.791211 3.791211 35.161211 35.161211
8158 3.788692 3.788692 35.158692 35.158692
17401 2.994971 2.994971 34.364971 34.364971
17962 2.981007 2.981007 34.351007 34.351007
17968 2.968266 2.968266 34.338266 34.338266
23751 2.533157 2.533157 33.903157 33.903157
24472 2.530398 2.530398 33.900398 33.900398
24478 2.519222 2.519222 33.889222 33.889222
32318 2.496374 2.496374 33.866374 33.866374
32852 2.321820 2.321820 33.691820 33.691820
32854 2.163325 2.163325 33.533325 33.533325
32857 1.918501 1.918501 33.288501 33.288501
38590 1.642845 1.642845 33.012845 33.012845
38594 0.715141 0.715141 32.085141 32.085141
39321 0.714218 0.714218 32.084218 32.084218
39328 0.709326 0.709326 32.079326 32.079326
43998 0.410649 0.410649 31.780649 31.780649
44721 0.410082 0.410082 31.780082 31.780082
44728 0.404894 0.404894 31.774894 31.774894
45352 0.392368 0.392368 31.762368 31.762368
46072 0.390943 0.390943 31.760943 31.760943
46076 0.390490 0.390490 31.760490 31.760490
46078 0.386352 0.386352 31.756352 31.756352
72343 0.243734 0.243734 31.613734 31.613734
73071 0.242923 0.242923 31.612923 31.612923
73078 0.236798 0.236798 31.606798 31.606798
79093 0.167252 0.167252 31.537252 31.537252
79822 0.164609 0.164609 31.534609 31.534609
79826 0.162024 0.162024 31.532024 31.532024
100812 0.147795 0.147795 31.517795 31.517795
100814 0.103559 0.103559 31.473559 31.473559
101491 0.102153 0.102153 31.472153 31.472153
101494 0.100895 0.100895 31.470895 31.470895
101496 0.100297 0.100297 31.470297 31.470297
101498 0.096808 0.096808 31.466808 31.466808
131866 0.043521 0.043521 31.413521 31.413521
132542 0.042830 0.042830 31.412830 31.412830
132546 0.042541 0.042541 31.412541 31.412541
135000 9788.818355 0.042541 9788.818355 31.412541
"function evaluation" "current f(x)" "best-so-far f(x)" "current af(x)+b"  "best af(x)+b"
1 409898.278243 409898.278243 408898.278243 408898.278243
6 409735.399163 409735.399163 408735.399163 408735.399163
8 409670.947979 409670.947979 408670.947979 408670.947979
10 409387.199482 409387.199482 408387.199482 408387.199482
11 209255.475538 209255.475538 208255.475538 208255.475538
14 209212.654570 209212.654570 208212.654570 208212.654570
16 208923.060313 208923.060313 207923.060313 207923.060313
21 150151.317182 150151.317182 149151.317182 149151.317182
24 150146.767487 150146.767487 149146.767487 149146.767487
26 149838.535122 149838.535122 148838.535122 148838.535122
31 129778.847772 129778.847772 128778.847772 128778.847772
32 129717.044861 129717.044861 128717.044861 128717.044861
34 129596.554897 129596.554897 128596.554897 128596.554897
36 129496.755509 129496.755509 128496.755509 128496.755509
51 63464.068779 63464.068779 62464.068779 62464.068779
52 63463.660155 63463.660155 62463.660155 62463.660155
54 63459.547722 63459.547722 62459.547722 62459.547722
56 63430.518999 63430.518999 62430.518999 62430.518999
121 7024.436179 7024.436179 6024.436179 6024.436179
441 1585.042027 1585.042027 585.042027 585.042027
444 1569.791046 1569.791046 569.791046 569.791046
450 1530.043277 1530.043277 530.043277 530.043277
739 217.582951 217.582951 -782.417049 -782.417049
742 19.984467 19.984467 -980.015533 -980.015533
1261 18.919376 18.919376 -981.080624 -981.080624
1792 18.829217 18.829217 -981.170783 -981.170783
2091 18.370087 18.370087 -981.629913 -981.629913
2102 15.348929 15.348929 -984.651071 -984.651071
2194 12.527978 12.527978 -987.472022 -987.472022
2902 12.525563 12.525563 -987.474437 -987.474437
2903 12.524461 12.524461 -987.475539 -987.475539
2905 12.523699 12.523699 -987.476301 -987.476301
2909 12.523316 12.523316 -987.476684 -987.476684
3546 6.958554 6.958554 -993.041446 -993.041446
3547 6.933980 6.933980 -993.066020 -993.066020
3554 6.390944 6.390944 -993.609056 -993.609056
4252 6.379915 6.379915 -993.620085 -993.620085
4253 6.374656 6.374656 -993.625344 -993.625344
4891 5.133136 5.133136 -994.866864 -994.866864
4893 5.107582 5.107582 -994.892418 -994.892418
4897 4.436291 4.436291 -995.563709 -995.563709
4901 4.410476 4.410476 -995.589524 -995.589524
5602 4.402653 4.402653 -995.597347 -995.597347
5603 4.393942 4.393942 -995.606058 -995.606058
5605 4.389935 4.389935 -995.610065 -995.610065
11543 4.270598 4.270598 -995.729402 -995.729402
11653 3.440889 3.440889 -996.559111 -996.559111
12352 3.436753 3.436753 -996.563247 -996.563247
12353 3.429051 3.429051 -996.570949 -996.570949
12355 3.414846 3.414846 -996.585154 -996.585154
12991 1.861301 1.861301 -998.138699 -998.138699
13702 1.822505 1.822505 -998.177495 -998.177495
27741 1.486923 1.486923 -998.513077 -998.513077
28492 1.480388 1.480388 -998.519612 -998.519612
28499 1.475445 1.475445 -998.524555 -998.524555
52524 1.273198 1.273198 -998.726802 -998.726802
53072 1.267177 1.267177 -998.732823 -998.732823
53073 1.266667 1.266667 -998.733333 -998.733333
53075 1.260606 1.260606 -998.739394 -998.739394
54911 0.909946 0.909946 -999.090054 -999.090054
55592 0.887498 0.887498 -999.112502 -999.112502
55599 0.883651 0.883651 -999.116349 -999.116349
58900 0.731207 0.731207 -999.268793 -999.268793
59602 0.729467 0.729467 -999.270533 -999.270533
59609 0.728487 0.728487 -999.271513 -999.271513
60247 0.268039 0.268039 -999.731961 -999.731961
60953 0.262738 0.262738 -999.737262 -999.737262
135000 150.433773 0.262738 150.433773 -999.737262
"function evaluation" "current f(x)" "best-so-far f(x)" "current af(x)+b"  "best af(x)+b"
1 73615.693273 73615.693273 72615.693273 72615.693273
3 73575.502683 73575.502683 72575.502683 72575.502683
6 73446.345299 73446.345299 72446.345299 72446.345299
21 10801.079493 10801.079493 9801.079493 9801.079493
23 10788.798769 10788.798769 9788.798769 9788.798769
26 10749.186282 10749.186282 9749.186282 9749.186282
535 2531.883773 2531.883773 1531.883773 1531.883773
539 217.009855 217.009855 -782.990145 -782.990145
547 206.555714 206.555714 -793.444286 -793.444286
1371 205.268201 205.268201 -794.731799 -794.731799
1373 203.769380 203.769380 -796.230620 -796.230620
1376 198.632591 198.632591 -801.367409 -801.367409
2106 12.301736 12.301736 -987.698264 -987.698264
2852 12.296592 12.296592 -987.703408 -987.703408
2853 12.283991 12.283991 -987.716009 -987.716009
7506 6.577375 6.577375 -993.422625 -993.422625
7513 5.544997 5.544997 -994.455003 -994.455003
7515 3.282247 3.282247 -996.717753 -996.717753
8252 3.262908 3.262908 -996.737092 -996.737092
11561 2.790568 2.790568 -997.209432 -997.209432
12302 2.777538 2.777538 -997.222462 -997.222462
16966 2.503386 2.503386 -997.496614 -997.496614
17702 2.495816 2.495816 -997.504184 -997.504184
18310 2.423572 2.423572 -997.576428 -997.576428
18312 2.327736 2.327736 -997.672264 -997.672264
19052 2.321419 2.321419 -997.678581 -997.678581
19055 2.312231 2.312231 -997.687769 -997.687769
21017 1.619088 1.619088 -998.380912 -998.380912
21752 1.611272 1.611272 -998.388728 -998.388728
21755 1.597331 1.597331 -998.402669 -998.402669
22358 0.738260 0.738260 -999.261740 -999.261740
23102 0.735713 0.735713 -999.264287 -999.264287
23709 0.700989 0.700989 -999.299011 -999.299011
23717 0.695166 0.695166 -999.304834 -999.304834
24452 0.689187 0.689187 -999.310813 -999.310813
25059 0.653299 0.653299 -999.346701 -999.346701
25802 0.646302 0.646302 -999.353698 -999.353698
25805 0.643171 0.643171 -999.356829 -999.356829
26418 0.467441 0.467441 -999.532559 -999.532559
27152 0.462730 0.462730 -999.537270 -999.537270
27155 0.457652 0.457652 -999.542348 -999.542348
29118 0.244445 0.244445 -999.755555 -999.755555
29852 0.241019 0.241019 -999.758981 -999.758981
29855 0.240800 0.240800 -999.759200 -999.759200
29859 0.239875 0.239875 -999.760125 -999.760125
135000 28411.264352 0.239875 28411.264352 -999.760125
"function evaluation" "current f(x)" "best-so-far f(x)" "current af(x)+b"  "best af(x)+b"
1 279447.258115 279447.258115 278447.258115 278447.258115
21 192516.101117 192516.101117 191516.101117 191516.101117
24 192511.254348 192511.254348 191511.254348 191511.254348
26 192460.367109 192460.367109 191460.367109 191460.367109
30 192271.706248 192271.706248 191271.706248 191271.706248
81 132454.162109 132454.162109 131454.162109 131454.162109
121 115620.426737 115620.426737 114620.426737 114620.426737
124 115601.941667 115601.941667 114601.941667 114601.941667
126 115549.921700 115549.921700 114549.921700 114549.921700
130 115526.660728 115526.660728 114526.660728 114526.660728
141 36532.086514 36532.086514 35532.086514 35532.086514
148 36512.232565 36512.232565 35512.232565 35512.232565
150 36466.335852 36466.335852 35466.335852 35466.335852
301 97.505032 97.505032 -902.494968 -902.494968
302 97.328229 97.328229 -902.671771 -902.671771
309 97.226165 97.226165 -902.773835 -902.773835
1011 90.683778 90.683778 -909.316222 -909.316222
1013 69.840483 69.840483 -930.159517 -930.159517
1014 68.483932 68.483932 -931.516068 -931.516068
1652 68.445744 68.445744 -931.554256 -931.554256
1653 68.441748 68.441748 -931.558252 -931.558252
1659 68.381431 68.381431 -931.618569 -931.618569
1885 24.302899 24.302899 -975.697101 -975.697101
2722 24.280027 24.280027 -975.719973 -975.719973
2723 24.279703 24.279703 -975.720297 -975.720297
3671 22.220985 22.220985 -977.779015 -977.779015
4322 22.208811 22.208811 -977.791189 -977.791189
4323 22.193265 22.193265 -977.806735 -977.806735
4325 22.180997 22.180997 -977.819003 -977.819003
6317 20.691735 20.691735 -979.308265 -979.308265
6712 18.430542 18.430542 -981.569458 -981.569458
7222 18.386309 18.386309 -981.613691 -981.613691
7225 18.373793 18.373793 -981.626207 -981.626207
7976 14.370789 14.370789 -985.629211 -985.629211
8522 14.327808 14.327808 -985.672192 -985.672192
9409 13.985108 13.985108 -986.014892 -986.014892
9922 13.976811 13.976811 -986.023189 -986.023189
9923 13.958826 13.958826 -986.041174 -986.041174
9925 13.927759 13.927759 -986.072241 -986.072241
10769 12.319720 12.319720 -987.680280 -987.680280
11282 12.314003 12.314003 -987.685997 -987.685997
11283 12.307408 12.307408 -987.692592 -987.692592
11289 12.299710 12.299710 -987.700290 -987.700290
11760 9.306126 9.306126 -990.693874 -990.693874
12128 6.435575 6.435575 -993.564425 -993.564425
12632 6.432146 6.432146 -993.567854 -993.567854
12633 6.418311 6.418311 -993.581689 -993.581689
12639 6.414241 6.414241 -993.585759 -993.585759
14800 3.062024 3.062024 -996.937976 -996.937976
15322 3.038985 3.038985 -996.961015 -996.961015
22907 2.798153 2.798153 -997.201847 -997.201847
22920 2.288508 2.288508 -997.711492 -997.711492
23432 2.274973 2.274973 -997.725027 -997.725027
23433 2.270837 2.270837 -997.729163 -997.729163
25603 2.010709 2.010709 -997.989291 -997.989291
25604 1.682511 1.682511 -998.317489 -998.317489
25606 1.662903 1.662903 -998.337097 -998.337097
25607 1.402018 1.402018 -998.597982 -998.597982
25608 1.353347 1.353347 -998.646653 -998.646653
26122 1.348902 1.348902 -998.651098 -998.651098
26950 0.974817 0.974817 -999.025183 -999.025183
26960 0.936840 0.936840 -999.063160 -999.063160
27472 0.915262 0.915262 -999.084738 -999.084738
28306 0.426022 0.426022 -999.573978 -999.573978
28822 0.420418 0.420418 -999.579582 -999.579582
33708 0.388729 0.388729 -999.611271 -999.611271
34222 0.386585 0.386585 -999.613415 -999.613415
34225 0.385169 0.385169 -999.614831 -999.614831
37752 0.249849 0.249849 -999.750151 -999.750151
38272 0.248132 0.248132 -999.751868 -999.751868
38275 0.243255 0.243255 -999.756745 -999.756745
40452 0.068125 0.068125 -999.931875 -999.931875
40972 0.063087 0.063087 -999.936913 -999.936913
45860 0.044505 0.044505 -999.955495 -999.955495
46372 0.043170 0.043170 -999.956830 -999.956830
135000 25676.302256 0.043170 25676.302256 -999.956830
"function evaluation" "current f(x)" "best-so-far f(x)" "current af(x)+b"  "best af(x)+b"
1 1181732.649220 1181732.649220 1181864.569220 1181864.569220
11 153255.143072 153255.143072 153387.063072 153387.063072
21 95331.366735 95331.366735 95463.286735 95463.286735
25 95305.173961 95305.173961 95437.093961 95437.093961
522 91494.246240 91494.246240 91626.166240 91626.166240
524 88422.944516 88422.944516 88554.864516 88554.864516
526 65342.602641 65342.602641 65474.522641 65474.522641
527 62501.103820 62501.103820 62633.023820 62633.023820
535 34908.482041 34908.482041 35040.402041 35040.402041
537 25874.929776 25874.929776 26006.849776 26006.849776
543 22573.190809 22573.190809 22705.110809 22705.110809
1371 22375.828142 22375.828142 22507.748142 22507.748142
3289 18153.504640 18153.504640 18285.424640 18285.424640
3296 17994.096944 17994.096944 18126.016944 18126.016944
3303 16663.941460 16663.941460 16795.861460 16795.861460
3320 10629.368705 10629.368705 10761.288705 10761.288705
3327 8838.647867 8838.647867 8970.567867 8970.567867
4121 8801.392308 8801.392308 8933.312308 8933.312308
4126 8744.223860 8744.223860 8876.143860 8876.143860
135000 295255.726562 8744.223860 295255.726562 8876.143860
"function evaluation" "current f(x)" "best-so-far f(x)" "current af(x)+b"  "best af(x)+b"
1 1363792.503494 1363792.503494 1363924.423494 1363924.423494
11 572526.539642 572526.539642 572658.459642 572658.459642
15 572504.208509 572504.208509 572636.128509 572636.128509
21 551404.757023 551404.757023 551536.677023 551536.677023
31 343424.455008 343424.455008 343556.375008 343556.375008
35 343323.534017 343323.534017 343455.454017 343455.454017
61 17621.326650 17621.326650 17753.246650 17753.246650
361 11059.101384 11059.101384 11191.021384 11191.021384
421 10873.806560 10873.806560 11005.726560 11005.726560
424 10872.762285 10872.762285 11004.682285 11004.682285
426 10817.777166 10817.777166 10949.697166 10949.697166
603 5198.370669 5198.370669 5330.290669 5330.290669
606 3793.025895 3793.025895 3924.945895 3924.945895
1113 2002.332059 2002.332059 2134.252059 2134.252059
1115 1241.436331 1241.436331 1373.356331 1373.356331
1117 1063.865927 1063.865927 1195.785927 1195.785927
1126 762.138826 762.138826 894.058826 894.058826
1713 760.530921 760.530921 892.450921 892.450921
1715 747.695931 747.695931 879.615931 879.615931
135000 259686.422802 747.695931 259686.422802 879.615931
"function evaluation" "current f(x)" "best-so-far f(x)" "current af(x)+b"  "best af(x)+b"
1 2380204.627286 2380204.627286 2380336.547286 2380336.547286
5 2379940.498105 2379940.498105 2380072.418105 2380072.418105
11 219019.444703 219019.444703 219151.364703 219151.364703
51 138249.433829 138249.433829 138381.353829 138381.353829
211 114015.062299 114015.062299 114146.982299 114146.982299
291 109466.780663 109466.780663 109598.700663 109598.700663
586 105004.115416 105004.115416 105136.035416 105136.035416
588 71778.339384 71778.339384 71910.259384 71910.259384
858 70319.537321 70319.537321 70451.457321 70451.457321
860 63434.473465 63434.473465 63566.393465 63566.393465
861 47182.956588 47182.956588 47314.876588 47314.876588
863 46009.067118 46009.067118 46140.987118 46140.987118
997 43062.437383 43062.437383 43194.357383 43194.357383
1641 42863.768343 42863.768343 42995.688343 42995.688343
1644 42860.719382 42860.719382 42992.639382 42992.639382
3222 38336.705839 38336.705839 38468.625839 38468.625839
3226 5931.662400 5931.662400 6063.582400 6063.582400
3448 3638.965647 3638.965647 3770.885647 3770.885647
3721 90.144038 90.144038 222.064038 222.064038
4355 78.029838 78.029838 209.949838 209.949838
135000 104346.598132 78.029838 104346.598132 209.949838
"function evaluation" "current f(x)" "best-so-far f(x)" "current af(x)+b"  "best af(x)+b"
1 1625994.076261 1625994.076261 1626584.916261 1626584.916261
3 1624753.089967 1624753.089967 1625343.929967 1625343.929967
11 1158536.052983 1158536.052983 1159126.892983 1159126.892983
13 1157821.123383 1157821.123383 1158411.963383 1158411.963383
21 849717.818768 849717.818768 850308.658768 850308.658768
23 848047.138086 848047.138086 848637.978086 848637.978086
41 581519.914503 581519.914503 582110.754503 582110.754503
43 581452.225529 581452.225529 582043.065529 582043.065529
51 461813.636724 461813.636724 462404.476724 462404.476724
52 461558.973464 461558.973464 462149.813464 462149.813464
53 460505.774179 460505.774179 461096.614179 461096.614179
71 308627.211029 308627.211029 309218.051029 309218.051029
72 308501.311839 308501.311839 309092.151839 309092.151839
73 308499.090880 308499.090880 309089.930880 309089.930880
75 308360.449894 308360.449894 308951.289894 308951.289894
91 142645.760925 142645.760925 143236.600925 143236.600925
92 142592.965302 142592.965302 143183.805302 143183.805302
93 142173.504840 142173.504840 142764.344840 142764.344840
131 34.953701 34.953701 625.793701 625.793701
132 34.904134 34.904134 625.744134 625.744134
134 34.857521 34.857521 625.697521 625.697521
136 34.854220 34.854220 625.694220 625.694220
140 34.850545 34.850545 625.690545 625.690545
724 22.335947 22.335947 613.175947 613.175947
735 21.890420 21.890420 612.730420 612.730420
1482 21.886392 21.886392 612.726392 612.726392
1484 21.871542 21.871542 612.711542 612.711542
1486 21.856267 21.856267 612.696267 612.696267
1490 21.847426 21.847426 612.687426 612.687426
4825 21.758154 21.758154 612.598154 612.598154
5562 21.749188 21.749188 612.589188 612.589188
5564 21.675556 21.675556 612.515556 612.515556
6107 12.564108 12.564108 603.404108 603.404108
6872 12.559703 12.559703 603.399703 603.399703
6874 12.558506 12.558506 603.398506 603.398506
6878 12.557797 12.557797 603.397797 603.397797
8817 6.145562 6.145562 596.985562 596.985562
9572 6.130527 6.130527 596.970527 596.970527
9574 6.122491 6.122491 596.962491 596.962491
9578 6.118035 6.118035 596.958035 596.958035
15191 4.875285 4.875285 595.715285 595.715285
15197 4.457759 4.457759 595.297759 595.297759
53328 4.181906 4.181906 595.021906 595.021906
54102 4.175675 4.175675 595.015675 595.015675
54104 4.160329 4.160329 595.000329 595.000329
70761 1.341212 1.341212 592.181212 592.181212
71582 1.339358 1.339358 592.179358 592.179358
71584 1.336614 1.336614 592.176614 592.176614
71586 1.335602 1.335602 592.175602 592.175602
71588 1.333045 1.333045 592.173045 592.173045
86959 0.895349 0.895349 591.735349 591.735349
87781 0.424793 0.424793 591.264793 591.264793
87783 0.407393 0.407393 591.247393 591.247393
135000 19116.597846 0.407393 19116.597846 591.247393
"function evaluation" "current f(x)" "best-so-far f(x)" "current af(x)+b"  "best af(x)+b"
1 354923.863022 354923.863022 355514.703022 355514.703022
3 354854.333467 354854.333467 355445.173467 355445.173467
5 354839.223027 354839.223027 355430.063027 355430.063027
7 354797.397188 354797.397188 355388.237188 355388.237188
11 11583.493151 11583.493151 12174.333151 12174.333151
12 11534.230070 11534.230070 12125.070070 12125.070070
13 11471.592164 11471.592164 12062.432164 12062.432164
131 8690.736331 8690.736331 9281.576331 9281.576331
133 8678.208398 8678.208398 9269.048398 9269.048398
139 8677.167496 8677.167496 9268.007496 9268.007496
518 4753.085201 4753.085201 5343.925201 5343.925201
520 3445.708453 3445.708453 4036.548453 4036.548453
521 2260.631105 2260.631105 2851.471105 2851.471105
522 1524.258772 1524.258772 2115.098772 2115.098772
525 1410.422037 1410.422037 2001.262037 2001.262037
528 647.778760 647.778760 1238.618760 1238.618760
711 319.038071 319.038071 909.878071 909.878071
722 49.716566 49.716566 640.556566 640.556566
724 10.969875 10.969875 601.809875 601.809875
1482 10.953236 10.953236 601.793236 601.793236
1484 10.898201 10.898201 601.738201 601.738201
36118 7.130619 7.130619 597.970619 597.970619
36751 7.130019 7.130019 597.970019 597.970019
36754 7.109098 7.109098 597.949098 597.949098
75218 5.223114 5.223114 596.063114 596.063114
75220 3.234746 3.234746 594.074746 594.074746
75872 3.217766 3.217766 594.057766 594.057766
75878 3.204758 3.204758 594.044758 594.044758
86021 1.364990 1.364990 592.204990 592.204990
86672 1.362846 1.362846 592.202846 592.202846
86678 1.361544 1.361544 592.201544 592.201544
87360 1.235039 1.235039 592.075039 592.075039
87369 0.729668 0.729668 591.569668 591.569668
88022 0.729098 0.729098 591.569098 591.569098
88026 0.728474 0.728474 591.568474 591.568474
88028 0.727514 0.727514 591.567514 591.567514
92765 0.721534 0.721534 591.561534 591.561534
93422 0.709348 0.709348 591.549348 591.549348
93423 0.631048 0.631048 591.471048 591.471048
135000 17031.376842 0.631048 17031.376842 591.471048
"function evaluation" "current f(x)" "best-so-far f(x)" "current af(x)+b"  "best af(x)+b"
1 116609.498820 116609.498820 117200.338820 117200.338820
2 116558.260913 116558.260913 117149.100913 117149.100913
3 116447.736022 116447.736022 117038.576022 117038.576022
5 116439.645747 116439.645747 117030.485747 117030.485747
241 62537.028402 62537.028402 63127.868402 63127.868402
351 22831.902513 22831.902513 23422.742513 23422.742513
352 22757.722014 22757.722014 23348.562014 23348.562014
353 22601.353309 22601.353309 23192.193309 23192.193309
909 19419.652679 19419.652679 20010.492679 20010.492679
912 13392.592331 13392.592331 13983.432331 13983.432331
1096 6965.388470 6965.388470 7556.228470 7556.228470
1098 1955.418316 1955.418316 2546.258316 2546.258316
1103 1948.733810 1948.733810 2539.573810 2539.573810
1702 1946.147446 1946.147446 2536.987446 2536.987446
1703 1939.578233 1939.578233 2530.418233 2530.418233
3207 1925.857515 1925.857515 2516.697515 2516.697515
3208 122.402205 122.402205 713.242205 713.242205
3222 113.033292 113.033292 703.873292 703.873292
3241 96.026164 96.026164 686.866164 686.866164
3242 64.507333 64.507333 655.347333 655.347333
3245 29.230967 29.230967 620.070967 620.070967
4072 29.195766 29.195766 620.035766 620.035766
4074 29.162690 29.162690 620.002690 620.002690
4078 29.132152 29.132152 619.972152 619.972152
4577 23.616558 23.616558 614.456558 614.456558
5412 23.609238 23.609238 614.449238 614.449238
5414 23.608283 23.608283 614.448283 614.448283
5416 23.603991 23.603991 614.443991 614.443991
5418 23.601159 23.601159 614.441159 614.441159
5923 19.049202 19.049202 609.889202 609.889202
6762 19.006038 19.006038 609.846038 609.846038
6766 18.975894 18.975894 609.815894 609.815894
6768 18.952233 18.952233 609.792233 609.792233
10417 6.630806 6.630806 597.470806 597.470806
11072 6.627290 6.627290 597.467290 597.467290
11074 6.620277 6.620277 597.460277 597.460277
11076 6.620189 6.620189 597.460189 597.460189
11080 6.617455 6.617455 597.457455 597.457455
20206 5.664269 5.664269 596.504269 596.504269
20721 5.661152 5.661152 596.501152 596.501152
20724 5.644199 5.644199 596.484199 596.484199
20726 5.642356 5.642356 596.482356 596.482356
20728 5.638421 5.638421 596.478421 596.478421
48212 3.709403 3.709403 594.549403 594.549403
48872 3.705553 3.705553 594.545553 594.545553
48874 3.701820 3.701820 594.541820 594.541820
48876 3.693270 3.693270 594.533270 594.533270
48878 3.691559 3.691559 594.531559 594.531559
121304 1.355798 1.355798 592.195798 592.195798
121881 1.354622 1.354622 592.194622 592.194622
121884 1.351433 1.351433 592.191433 592.191433
125352 0.944621 0.944621 591.784621 591.784621
125931 0.943680 0.943680 591.783680 591.783680
125934 0.920519 0.920519 591.760519 591.760519
135000 34991.236112 0.920519 34991.236112 591.760519
