"function evaluation" "current f(x)" "best-so-far f(x)" "current af(x)+b"  "best af(x)+b"
1 384.411313 384.411313 367.471313 367.471313
6 383.628975 383.628975 366.688975 366.688975
20 383.562602 383.562602 366.622602 366.622602
28 383.430933 383.430933 366.490933 366.490933
29 383.018785 383.018785 366.078785 366.078785
41 46.857452 46.857452 29.917452 29.917452
45 46.709329 46.709329 29.769329 29.769329
62 46.700124 46.700124 29.760124 29.760124
121 44.893658 44.893658 27.953658 27.953658
126 44.806964 44.806964 27.866964 27.866964
131 44.803370 44.803370 27.863370 27.863370
140 44.663100 44.663100 27.723100 27.723100
161 19.531380 19.531380 2.591380 2.591380
162 19.464663 19.464663 2.524663 2.524663
165 19.420872 19.420872 2.480872 2.480872
182 19.420519 19.420519 2.480519 2.480519
187 19.413356 19.413356 2.473356 2.473356
197 19.412001 19.412001 2.472001 2.472001
2069 17.831729 17.831729 0.891729 0.891729
2071 15.533243 15.533243 -1.406757 -1.406757
2077 14.071232 14.071232 -2.868768 -2.868768
2080 13.395597 13.395597 -3.544403 -3.544403
3011 13.357470 13.357470 -3.582530 -3.582530
3021 13.344654 13.344654 -3.595346 -3.595346
3031 13.333006 13.333006 -3.606994 -3.606994
10710 13.279061 13.279061 -3.660939 -3.660939
11118 11.651130 11.651130 -5.288870 -5.288870
12722 11.638719 11.638719 -5.301281 -5.301281
12726 11.625128 11.625128 -5.314872 -5.314872
13962 9.167609 9.167609 -7.772391 -7.772391
13974 8.691177 8.691177 -8.248823 -8.248823
15571 8.675879 8.675879 -8.264121 -8.264121
15594 8.668452 8.668452 -8.271548 -8.271548
16293 8.377178 8.377178 -8.562822 -8.562822
17181 8.369552 8.369552 -8.570448 -8.570448
17183 8.368650 8.368650 -8.571350 -8.571350
17186 8.363669 8.363669 -8.576331 -8.576331
17187 8.344239 8.344239 -8.595761 -8.595761
30546 8.223721 8.223721 -8.716279 -8.716279
31431 8.187929 8.187929 -8.752071 -8.752071
36766 8.101522 8.101522 -8.838478 -8.838478
38371 8.094513 8.094513 -8.845487 -8.845487
38373 8.091423 8.091423 -8.848577 -8.848577
38377 8.074222 8.074222 -8.865778 -8.865778
38384 8.060626 8.060626 -8.879374 -8.879374
59046 8.044674 8.044674 -8.895326 -8.895326
59047 7.998668 7.998668 -8.941332 -8.941332
59931 7.995251 7.995251 -8.944749 -8.944749
59934 7.986140 7.986140 -8.953860 -8.953860
59940 7.982311 7.982311 -8.957689 -8.957689
59949 7.980700 7.980700 -8.959300 -8.959300
59955 7.973102 7.973102 -8.966898 -8.966898
59967 7.958687 7.958687 -8.981313 -8.981313
61945 6.594705 6.594705 -10.345295 -10.345295
62901 6.594069 6.594069 -10.345931 -10.345931
62903 6.586291 6.586291 -10.353709 -10.353709
62905 6.575038 6.575038 -10.364962 -10.364962
98999 6.407270 6.407270 -10.532730 -10.532730
99953 6.399933 6.399933 -10.540067 -10.540067
99957 6.395941 6.395941 -10.544059 -10.544059
99964 6.369925 6.369925 -10.570075 -10.570075
153415 5.956230 5.956230 -10.983770 -10.983770
154742 5.939515 5.939515 -11.000485 -11.000485
154763 5.933184 5.933184 -11.006816 -11.006816
156258 5.686325 5.686325 -11.253675 -11.253675
156262 4.404130 4.404130 -12.535870 -12.535870
157592 4.385334 4.385334 -12.554666 -12.554666
157606 4.384514 4.384514 -12.555486 -12.555486
157615 4.382925 4.382925 -12.557075 -12.557075
157625 4.375693 4.375693 -12.564307 -12.564307
167661 4.342931 4.342931 -12.597069 -12.597069
167664 3.957991 3.957991 -12.982009 -12.982009
168992 3.940528 3.940528 -12.999472 -12.999472
168993 3.939737 3.939737 -13.000263 -13.000263
169007 3.924489 3.924489 -13.015511 -13.015511
169018 3.921423 3.921423 -13.018577 -13.018577
285000 58.663350 3.921423 58.663350 -13.018577
"function evaluation" "current f(x)" "best-so-far f(x)" "current af(x)+b"  "best af(x)+b"
1 310.626400 310.626400 293.686400 293.686400
2 307.507808 307.507808 290.567808 290.567808
5 306.821336 306.821336 289.881336 289.881336
19 306.601620 306.601620 289.661620 289.661620
27 306.460193 306.460193 289.520193 289.520193
30 305.885925 305.885925 288.945925 288.945925
41 27.374760 27.374760 10.434760 10.434760
42 27.322457 27.322457 10.382457 10.382457
45 27.285660 27.285660 10.345660 10.345660
52 27.243897 27.243897 10.303897 10.303897
67 27.238147 27.238147 10.298147 10.298147
801 24.997941 24.997941 8.057941 8.057941
804 24.996998 24.996998 8.056998 8.056998
809 24.980893 24.980893 8.040893 8.040893
831 24.975419 24.975419 8.035419 8.035419
841 24.740620 24.740620 7.800620 7.800620
845 24.698953 24.698953 7.758953 7.758953
875 24.696600 24.696600 7.756600 7.756600
1321 22.876748 22.876748 5.936748 5.936748
1322 22.700292 22.700292 5.760292 5.760292
2224 17.648140 17.648140 0.708140 0.708140
2451 17.340231 17.340231 0.400231 0.400231
2606 16.198365 16.198365 -0.741635 -0.741635
4251 16.154068 16.154068 -0.785932 -0.785932
4258 16.148585 16.148585 -0.791415 -0.791415
4259 16.130836 16.130836 -0.809164 -0.809164
4279 16.127678 16.127678 -0.812322 -0.812322
5191 14.678674 14.678674 -2.261326 -2.261326
5196 13.622530 13.622530 -3.317470 -3.317470
5197 13.218012 13.218012 -3.721988 -3.721988
5199 11.344690 11.344690 -5.595310 -5.595310
6502 11.334242 11.334242 -5.605758 -5.605758
6504 11.329606 11.329606 -5.610394 -5.610394
6506 11.325495 11.325495 -5.614505 -5.614505
6510 11.303913 11.303913 -5.636087 -5.636087
6511 11.290355 11.290355 -5.649645 -5.649645
6536 11.280005 11.280005 -5.659995 -5.659995
8041 8.339475 8.339475 -8.600525 -8.600525
8049 6.881086 6.881086 -10.058914 -10.058914
9351 6.874523 6.874523 -10.065477 -10.065477
9354 6.859662 6.859662 -10.080338 -10.080338
9357 6.841805 6.841805 -10.098195 -10.098195
27664 6.103411 6.103411 -10.836589 -10.836589
28502 6.077104 6.077104 -10.862896 -10.862896
28518 6.070621 6.070621 -10.869379 -10.869379
82185 5.937226 5.937226 -11.002774 -11.002774
83531 5.924519 5.924519 -11.015481 -11.015481
83538 5.904054 5.904054 -11.035946 -11.035946
83562 5.890498 5.890498 -11.049502 -11.049502
90695 5.569178 5.569178 -11.370822 -11.370822
92001 5.554287 5.554287 -11.385713 -11.385713
92007 5.543073 5.543073 -11.396927 -11.396927
153402 5.034393 5.034393 -11.905607 -11.905607
154701 5.033628 5.033628 -11.906372 -11.906372
154704 5.033088 5.033088 -11.906912 -11.906912
154705 5.031318 5.031318 -11.908682 -11.908682
154708 5.029688 5.029688 -11.910312 -11.910312
154709 5.027025 5.027025 -11.912975 -11.912975
154712 5.014716 5.014716 -11.925284 -11.925284
154718 5.007848 5.007848 -11.932152 -11.932152
285000 10.301993 5.007848 10.301993 -11.932152
"function evaluation" "current f(x)" "best-so-far f(x)" "current af(x)+b"  "best af(x)+b"
1 98.629776 98.629776 81.689776 81.689776
2 97.827833 97.827833 80.887833 80.887833
5 97.688797 97.688797 80.748797 80.748797
27 97.641017 97.641017 80.701017 80.701017
30 97.615306 97.615306 80.675306 80.675306
41 74.484643 74.484643 57.544643 57.544643
42 73.983739 73.983739 57.043739 57.043739
281 51.851512 51.851512 34.911512 34.911512
284 51.829385 51.829385 34.889385 34.889385
287 51.753720 51.753720 34.813720 34.813720
321 44.021329 44.021329 27.081329 27.081329
322 43.718195 43.718195 26.778195 26.778195
325 43.695920 43.695920 26.755920 26.755920
332 43.630709 43.630709 26.690709 26.690709
350 43.485203 43.485203 26.545203 26.545203
361 40.787651 40.787651 23.847651 23.847651
362 40.779047 40.779047 23.839047 23.839047
364 40.755265 40.755265 23.815265 23.815265
366 40.734563 40.734563 23.794563 23.794563
369 40.731692 40.731692 23.791692 23.791692
373 40.718651 40.718651 23.778651 23.778651
376 40.707285 40.707285 23.767285 23.767285
385 40.664358 40.664358 23.724358 23.724358
521 30.282334 30.282334 13.342334 13.342334
522 30.245121 30.245121 13.305121 13.305121
524 30.244797 30.244797 13.304797 13.304797
526 30.239484 30.239484 13.299484 13.299484
528 30.202062 30.202062 13.262062 13.262062
721 28.961949 28.961949 12.021949 12.021949
724 28.943863 28.943863 12.003863 12.003863
726 28.873225 28.873225 11.933225 11.933225
748 28.861755 28.861755 11.921755 11.921755
961 28.018702 28.018702 11.078702 11.078702
965 27.992821 27.992821 11.052821 11.052821
970 27.967266 27.967266 11.027266 11.027266
1041 26.609419 26.609419 9.669419 9.669419
1042 26.608180 26.608180 9.668180 9.668180
1044 26.587368 26.587368 9.647368 9.647368
1046 26.525104 26.525104 9.585104 9.585104
1060 26.493778 26.493778 9.553778 9.553778
1161 18.790088 18.790088 1.850088 1.850088
1162 18.769504 18.769504 1.829504 1.829504
1163 18.760610 18.760610 1.820610 1.820610
1165 18.684727 18.684727 1.744727 1.744727
1167 18.670945 18.670945 1.730945 1.730945
1172 18.606395 18.606395 1.666395 1.666395
2413 17.785463 17.785463 0.845463 0.845463
2415 16.515175 16.515175 -0.424825 -0.424825
2497 15.412011 15.412011 -1.527989 -1.527989
4012 15.374240 15.374240 -1.565760 -1.565760
4021 15.369757 15.369757 -1.570243 -1.570243
4044 15.339932 15.339932 -1.600068 -1.600068
5074 14.647522 14.647522 -2.292478 -2.292478
6221 14.639716 14.639716 -2.300284 -2.300284
6227 14.622442 14.622442 -2.317558 -2.317558
6242 14.617041 14.617041 -2.322959 -2.322959
6244 14.609930 14.609930 -2.330070 -2.330070
6250 14.605734 14.605734 -2.334266 -2.334266
7979 12.158129 12.158129 -4.781871 -4.781871
9191 12.154298 12.154298 -4.785702 -4.785702
9194 12.138330 12.138330 -4.801670 -4.801670
9223 12.124474 12.124474 -4.815526 -4.815526
13628 10.417478 10.417478 -6.522522 -6.522522
14213 9.245247 9.245247 -7.694753 -7.694753
16131 9.234667 9.234667 -7.705333 -7.705333
16137 9.220330 9.220330 -7.719670 -7.719670
16146 9.217876 9.217876 -7.722124 -7.722124
16154 9.204130 9.204130 -7.735870 -7.735870
19429 8.937688 8.937688 -8.002312 -8.002312
20712 8.923947 8.923947 -8.016053 -8.016053
20717 8.918030 8.918030 -8.021970 -8.021970
20719 8.914102 8.914102 -8.025898 -8.025898
20729 8.913323 8.913323 -8.026677 -8.026677
20740 8.910548 8.910548 -8.029452 -8.029452
20743 8.892976 8.892976 -8.047024 -8.047024
25545 8.836041 8.836041 -8.103959 -8.103959
27371 8.812484 8.812484 -8.127516 -8.127516
27406 8.808838 8.808838 -8.131162 -8.131162
31234 7.896146 7.896146 -9.043854 -9.043854
33072 7.893956 7.893956 -9.046044 -9.046044
33073 7.893404 7.893404 -9.046596 -9.046596
33076 7.887909 7.887909 -9.052091 -9.052091
33077 7.866802 7.866802 -9.073198 -9.073198
39129 7.695259 7.695259 -9.244741 -9.244741
40062 7.674354 7.674354 -9.265646 -9.265646
40063 7.663617 7.663617 -9.276383 -9.276383
40073 7.653285 7.653285 -9.286715 -9.286715
40076 7.629335 7.629335 -9.310665 -9.310665
70401 7.297511 7.297511 -9.642489 -9.642489
71252 7.290865 7.290865 -9.649135 -9.649135
71253 7.263314 7.263314 -9.676686 -9.676686
71269 7.262881 7.262881 -9.677119 -9.677119
82200 6.966946 6.966946 -9.973054 -9.973054
83572 6.934032 6.934032 -10.005968 -10.005968
83575 6.930420 6.930420 -10.009580 -10.009580
83585 6.918228 6.918228 -10.021772 -10.021772
182290 6.738888 6.738888 -10.201112 -10.201112
184122 6.727287 6.727287 -10.212713 -10.212713
184124 6.726453 6.726453 -10.213547 -10.213547
184125 6.722005 6.722005 -10.217995 -10.217995
184148 6.711200 6.711200 -10.228800 -10.228800
285000 41.543272 6.711200 41.543272 -10.228800
"function evaluation" "current f(x)" "best-so-far f(x)" "current af(x)+b"  "best af(x)+b"
1 25.218783 25.218783 44.028783 44.028783
2 25.184458 25.184458 43.994458 43.994458
8 25.173971 25.173971 43.983971 43.983971
16 25.173742 25.173742 43.983742 43.983742
18 25.171053 25.171053 43.981053 43.981053
34 25.159072 25.159072 43.969072 43.969072
41 23.615632 23.615632 42.425632 42.425632
42 23.597163 23.597163 42.407163 42.407163
45 23.588191 23.588191 42.398191 42.398191
48 23.579487 23.579487 42.389487 42.389487
51 23.559748 23.559748 42.369748 42.369748
55 23.554104 23.554104 42.364104 42.364104
59 23.551801 23.551801 42.361801 42.361801
81 19.461943 19.461943 38.271943 38.271943
84 19.453514 19.453514 38.263514 38.263514
85 19.450993 19.450993 38.260993 38.260993
92 19.449974 19.449974 38.259974 38.259974
93 19.429513 19.429513 38.239513 38.239513
481 9.794235 9.794235 28.604235 28.604235
482 9.758854 9.758854 28.568854 28.568854
484 9.734262 9.734262 28.544262 28.544262
506 9.728297 9.728297 28.538297 28.538297
2205 8.421649 8.421649 27.231649 27.231649
2630 6.240295 6.240295 25.050295 25.050295
2636 5.795288 5.795288 24.605288 24.605288
4332 5.790688 5.790688 24.600688 24.600688
4333 5.773514 5.773514 24.583514 24.583514
4355 5.772635 5.772635 24.582635 24.582635
116633 5.756840 5.756840 24.566840 24.566840
118331 5.748108 5.748108 24.558108 24.558108
118334 5.738431 5.738431 24.548431 24.548431
118338 5.736869 5.736869 24.546869 24.546869
118352 5.728718 5.728718 24.538718 24.538718
139436 5.451006 5.451006 24.261006 24.261006
141131 5.423837 5.423837 24.233837 24.233837
141154 5.410235 5.410235 24.220235 24.220235
147983 4.101616 4.101616 22.911616 22.911616
149682 4.099974 4.099974 22.909974 22.909974
149684 4.075378 4.075378 22.885378 22.885378
149693 4.068539 4.068539 22.878539 22.878539
149705 4.056453 4.056453 22.866453 22.866453
227786 3.246468 3.246468 22.056468 22.056468
229482 3.222837 3.222837 22.032837 22.032837
229487 3.205482 3.205482 22.015482 22.015482
229519 3.203936 3.203936 22.013936 22.013936
285000 87.428748 3.203936 87.428748 22.013936
"function evaluation" "current f(x)" "best-so-far f(x)" "current af(x)+b"  "best af(x)+b"
1 40.784648 40.784648 59.594648 59.594648
8 40.777400 40.777400 59.587400 59.587400
9 40.745161 40.745161 59.555161 59.555161
41 37.980386 37.980386 56.790386 56.790386
46 37.969253 37.969253 56.779253 56.779253
69 37.966674 37.966674 56.776674 56.776674
73 37.939358 37.939358 56.749358 56.749358
76 37.908191 37.908191 56.718191 56.718191
81 24.926349 24.926349 43.736349 43.736349
82 24.894413 24.894413 43.704413 43.704413
84 24.821228 24.821228 43.631228 43.631228
241 18.035446 18.035446 36.845446 36.845446
246 18.035225 18.035225 36.845225 36.845225
248 18.008947 18.008947 36.818947 36.818947
251 17.985675 17.985675 36.795675 36.795675
256 17.970989 17.970989 36.780989 36.780989
281 13.528276 13.528276 32.338276 32.338276
284 13.525274 13.525274 32.335274 32.335274
285 13.501765 13.501765 32.311765 32.311765
291 13.500021 13.500021 32.310021 32.310021
308 13.496991 13.496991 32.306991 32.306991
1361 13.016816 13.016816 31.826816 31.826816
1371 12.990289 12.990289 31.800289 31.800289
2836 12.558977 12.558977 31.368977 31.368977
2837 11.498325 11.498325 30.308325 30.308325
4812 11.495945 11.495945 30.305945 30.305945
4813 11.492133 11.492133 30.302133 30.302133
4815 11.476591 11.476591 30.286591 30.286591
8318 10.799362 10.799362 29.609362 29.609362
8438 10.629200 10.629200 29.439200 29.439200
8445 9.120717 9.120717 27.930717 27.930717
10271 9.113275 9.113275 27.923275 27.923275
10274 9.109866 9.109866 27.919866 27.919866
10284 9.108350 9.108350 27.918350 27.918350
10290 9.098014 9.098014 27.908014 27.908014
10294 9.096568 9.096568 27.906568 27.906568
10300 9.096093 9.096093 27.906093 27.906093
10301 9.085910 9.085910 27.895910 27.895910
16989 8.773082 8.773082 27.583082 27.583082
16990 8.326300 8.326300 27.136300 27.136300
18821 8.321999 8.321999 27.131999 27.131999
18824 8.314936 8.314936 27.124936 27.124936
18825 8.311814 8.311814 27.121814 27.121814
18830 8.303486 8.303486 27.113486 27.113486
18854 8.296040 8.296040 27.106040 27.106040
31193 7.711150 7.711150 26.521150 26.521150
32951 7.668710 7.668710 26.478710 26.478710
34035 7.324191 7.324191 26.134191 26.134191
34036 7.303702 7.303702 26.113702 26.113702
35801 7.277126 7.277126 26.087126 26.087126
51193 6.852051 6.852051 25.662051 25.662051
53021 6.830582 6.830582 25.640582 25.640582
53032 6.826093 6.826093 25.636093 25.636093
53050 6.822059 6.822059 25.632059 25.632059
53055 6.812165 6.812165 25.622165 25.622165
53058 6.796368 6.796368 25.606368 25.606368
53984 6.132622 6.132622 24.942622 24.942622
55752 6.123377 6.123377 24.933377 24.933377
55755 6.103366 6.103366 24.913366 24.913366
256045 5.385974 5.385974 24.195974 24.195974
257422 5.371559 5.371559 24.181559 24.181559
257430 5.362511 5.362511 24.172511 24.172511
257455 5.355465 5.355465 24.165465 24.165465
285000 10.389608 5.355465 10.389608 24.165465
"function evaluation" "current f(x)" "best-so-far f(x)" "current af(x)+b"  "best af(x)+b"
1 32.062934 32.062934 50.872934 50.872934
2 32.060480 32.060480 50.870480 50.870480
3 32.031183 32.031183 50.841183 50.841183
5 32.013939 32.013939 50.823939 50.823939
81 20.309868 20.309868 39.119868 39.119868
83 20.307269 20.307269 39.117269 39.117269
85 20.299886 20.299886 39.109886 39.109886
92 20.295291 20.295291 39.105291 39.105291
107 20.290792 20.290792 39.100792 39.100792
112 20.278997 20.278997 39.088997 39.088997
1121 18.962457 18.962457 37.772457 37.772457
1122 18.932482 18.932482 37.742482 37.742482
1124 18.883766 18.883766 37.693766 37.693766
1128 18.881278 18.881278 37.691278 37.691278
1133 18.868444 18.868444 37.678444 37.678444
1151 18.820926 18.820926 37.630926 37.630926
1961 17.487248 17.487248 36.297248 36.297248
1962 17.469100 17.469100 36.279100 36.279100
1963 17.458228 17.458228 36.268228 36.268228
1969 17.456580 17.456580 36.266580 36.266580
1971 17.418004 17.418004 36.228004 36.228004
1981 17.413736 17.413736 36.223736 36.223736
2395 14.671155 14.671155 33.481155 33.481155
2405 12.916341 12.916341 31.726341 31.726341
2844 12.806984 12.806984 31.616984 31.616984
4811 12.804942 12.804942 31.614942 31.614942
4816 12.791433 12.791433 31.601433 31.601433
4817 12.781770 12.781770 31.591770 31.591770
4821 12.776424 12.776424 31.586424 31.586424
4831 12.762973 12.762973 31.572973 31.572973
5255 12.446198 12.446198 31.256198 31.256198
5331 11.929246 11.929246 30.739246 30.739246
5332 11.878860 11.878860 30.688860 30.688860
6821 11.866651 11.866651 30.676651 30.676651
6824 11.859321 11.859321 30.669321 30.669321
6845 11.844869 11.844869 30.654869 30.654869
8324 10.915945 10.915945 29.725945 29.725945
9991 10.858277 10.858277 29.668277 29.668277
10006 10.827547 10.827547 29.637547 29.637547
10835 10.660766 10.660766 29.470766 29.470766
12041 10.643967 10.643967 29.453967 29.453967
12045 10.621714 10.621714 29.431714 29.431714
12065 10.603321 10.603321 29.413321 29.413321
13799 9.912720 9.912720 28.722720 28.722720
15172 9.906597 9.906597 28.716597 28.716597
15176 9.902625 9.902625 28.712625 28.712625
15177 9.884693 9.884693 28.694693 28.694693
15179 9.879625 9.879625 28.689625 28.689625
15205 9.862335 9.862335 28.672335 28.672335
19566 9.100942 9.100942 27.910942 27.910942
19573 8.370610 8.370610 27.180610 27.180610
21031 8.366280 8.366280 27.176280 27.176280
21033 8.365153 8.365153 27.175153 27.175153
21035 8.363062 8.363062 27.173062 27.173062
21040 8.357714 8.357714 27.167714 27.167714
21043 8.353938 8.353938 27.163938 27.163938
21054 8.351156 8.351156 27.161156 27.161156
21055 8.340681 8.340681 27.150681 27.150681
34138 8.311548 8.311548 27.121548 27.121548
36041 8.292073 8.292073 27.102073 27.102073
36046 8.283470 8.283470 27.093470 27.093470
36051 8.269244 8.269244 27.079244 27.079244
36070 8.268206 8.268206 27.078206 27.078206
53461 8.196490 8.196490 27.006490 27.006490
53464 7.901381 7.901381 26.711381 26.711381
54512 7.873662 7.873662 26.683662 26.683662
54539 7.871253 7.871253 26.681253 26.681253
54542 7.867822 7.867822 26.677822 26.677822
68338 7.357628 7.357628 26.167628 26.167628
70241 7.351125 7.351125 26.161125 26.161125
70245 7.337405 7.337405 26.147405 26.147405
70247 7.328720 7.328720 26.138720 26.138720
70253 7.322764 7.322764 26.132764 26.132764
70260 7.310259 7.310259 26.120259 26.120259
70278 7.299301 7.299301 26.109301 26.109301
79742 7.108588 7.108588 25.918588 25.918588
81641 7.091600 7.091600 25.901600 25.901600
81644 7.075313 7.075313 25.885313 25.885313
81657 7.062525 7.062525 25.872525 25.872525
81664 7.061436 7.061436 25.871436 25.871436
82401 6.849648 6.849648 25.659648 25.659648
84052 6.848346 6.848346 25.658346 25.658346
84054 6.807024 6.807024 25.617024 25.617024
99532 6.677603 6.677603 25.487603 25.487603
99537 6.349734 6.349734 25.159734 25.159734
99538 5.871504 5.871504 24.681504 24.681504
101232 5.851555 5.851555 24.661555 24.661555
101234 5.839882 5.839882 24.649882 24.649882
285000 12.930837 5.839882 12.930837 24.649882
"function evaluation" "current f(x)" "best-so-far f(x)" "current af(x)+b"  "best af(x)+b"
1 229.132838 229.132838 502.282838 502.282838
3 228.951967 228.951967 502.101967 502.101967
5 228.930426 228.930426 502.080426 502.080426
7 228.713871 228.713871 501.863871 501.863871
16 227.847542 227.847542 500.997542 500.997542
41 135.993372 135.993372 409.143372 409.143372
50 135.910237 135.910237 409.060237 409.060237
71 135.761198 135.761198 408.911198 408.911198
121 120.309289 120.309289 393.459289 393.459289
122 120.099332 120.099332 393.249332 393.249332
123 120.023738 120.023738 393.173738 393.173738
129 119.928046 119.928046 393.078046 393.078046
139 119.838163 119.838163 392.988163 392.988163
152 119.734100 119.734100 392.884100 392.884100
161 45.710321 45.710321 318.860321 318.860321
162 45.437222 45.437222 318.587222 318.587222
169 45.408319 45.408319 318.558319 318.558319
178 45.361448 45.361448 318.511448 318.511448
441 35.872336 35.872336 309.022336 309.022336
442 35.823856 35.823856 308.973856 308.973856
444 35.665281 35.665281 308.815281 308.815281
454 35.606486 35.606486 308.756486 308.756486
458 35.448625 35.448625 308.598625 308.598625
2530 34.160469 34.160469 307.310469 307.310469
2535 27.440519 27.440519 300.590519 300.590519
2537 27.309184 27.309184 300.459184 300.459184
2779 25.162348 25.162348 298.312348 298.312348
4652 25.116273 25.116273 298.266273 298.266273
4654 25.067126 25.067126 298.217126 298.217126
4656 24.949716 24.949716 298.099716 298.099716
5621 21.681219 21.681219 294.831219 294.831219
7501 21.649315 21.649315 294.799315 294.799315
7503 21.642034 21.642034 294.792034 294.792034
7505 21.637447 21.637447 294.787447 294.787447
8092 15.342549 15.342549 288.492549 288.492549
8526 13.646794 13.646794 286.796794 286.796794
10471 13.634564 13.634564 286.784564 286.784564
10484 13.628088 13.628088 286.778088 286.778088
10489 13.607969 13.607969 286.757969 286.757969
10500 13.576883 13.576883 286.726883 286.726883
14142 11.758661 11.758661 284.908661 284.908661
15972 11.750748 11.750748 284.900748 284.900748
15973 11.738412 11.738412 284.888412 284.888412
15992 11.735178 11.735178 284.885178 284.885178
15997 11.730032 11.730032 284.880032 284.880032
16889 11.700302 11.700302 284.850302 284.850302
17072 11.576086 11.576086 284.726086 284.726086
19022 11.561605 11.561605 284.711605 284.711605
19026 11.559274 11.559274 284.709274 284.709274
19028 11.555366 11.555366 284.705366 284.705366
19036 11.548318 11.548318 284.698318 284.698318
19046 11.535089 11.535089 284.685089 284.685089
19053 11.532549 11.532549 284.682549 284.682549
19137 8.720487 8.720487 281.870487 281.870487
20034 8.695519 8.695519 281.845519 281.845519
20039 8.678484 8.678484 281.828484 281.828484
34144 7.766572 7.766572 280.916572 280.916572
36041 7.753954 7.753954 280.903954 280.903954
36044 7.735590 7.735590 280.885590 280.885590
36065 7.732347 7.732347 280.882347 280.882347
36986 7.378437 7.378437 280.528437 280.528437
38891 7.371028 7.371028 280.521028 280.521028
38893 7.361424 7.361424 280.511424 280.511424
38895 7.343224 7.343224 280.493224 280.493224
50935 7.173021 7.173021 280.323021 280.323021
52421 7.151178 7.151178 280.301178 280.301178
52423 7.145194 7.145194 280.295194 280.295194
52428 7.130202 7.130202 280.280202 280.280202
56627 6.485441 6.485441 279.635441 279.635441
58121 6.468755 6.468755 279.618755 279.618755
58127 6.467675 6.467675 279.617675 279.617675
58144 6.467535 6.467535 279.617535 279.617535
161777 5.939748 5.939748 279.089748 279.089748
162853 5.912600 5.912600 279.062600 279.062600
162869 5.910390 5.910390 279.060390 279.060390
182186 5.309314 5.309314 278.459314 278.459314
183881 5.300126 5.300126 278.450126 278.450126
183889 5.294444 5.294444 278.444444 278.444444
183904 5.285955 5.285955 278.435955 278.435955
187423 5.177278 5.177278 278.327278 278.327278
187427 5.076328 5.076328 278.226328 278.226328
187885 4.869982 4.869982 278.019982 278.019982
189582 4.862625 4.862625 278.012625 278.012625
189583 4.848741 4.848741 277.998741 277.998741
189590 4.845479 4.845479 277.995479 277.995479
207841 4.171166 4.171166 277.321166 277.321166
209531 4.166256 4.166256 277.316256 277.316256
209534 4.155494 4.155494 277.305494 277.305494
285000 11.008488 4.155494 11.008488 277.305494
"function evaluation" "current f(x)" "best-so-far f(x)" "current af(x)+b"  "best af(x)+b"
1 304.409672 304.409672 577.559672 577.559672
31 304.128294 304.128294 577.278294 577.278294
41 156.413224 156.413224 429.563224 429.563224
42 155.338618 155.338618 428.488618 428.488618
76 155.281275 155.281275 428.431275 428.431275
121 97.932877 97.932877 371.082877 371.082877
126 97.652175 97.652175 370.802175 370.802175
155 97.554690 97.554690 370.704690 370.704690
201 39.884605 39.884605 313.034605 313.034605
207 39.848878 39.848878 312.998878 312.998878
210 39.835846 39.835846 312.985846 312.985846
231 39.757304 39.757304 312.907304 312.907304
401 21.604689 21.604689 294.754689 294.754689
411 21.568693 21.568693 294.718693 294.718693
431 21.516452 21.516452 294.666452 294.666452
1641 20.062522 20.062522 293.212522 293.212522
1642 19.976672 19.976672 293.126672 293.126672
1644 19.971259 19.971259 293.121259 293.121259
1645 19.966240 19.966240 293.116240 293.116240
1647 19.960354 19.960354 293.110354 293.110354
1652 19.941692 19.941692 293.091692 293.091692
1660 19.861795 19.861795 293.011795 293.011795
2171 17.822246 17.822246 290.972246 290.972246
2173 14.356922 14.356922 287.506922 287.506922
2174 12.509374 12.509374 285.659374 285.659374
3252 12.490110 12.490110 285.640110 285.640110
3254 12.483617 12.483617 285.633617 285.633617
3258 12.478003 12.478003 285.628003 285.628003
3263 12.476573 12.476573 285.626573 285.626573
3289 12.449864 12.449864 285.599864 285.599864
7871 12.256896 12.256896 285.406896 285.406896
7947 12.222704 12.222704 285.372704 285.372704
8952 12.212919 12.212919 285.362919 285.362919
8956 12.204547 12.204547 285.354547 285.354547
9115 12.198718 12.198718 285.348718 285.348718
9125 12.193930 12.193930 285.343930 285.343930
9129 12.190530 12.190530 285.340530 285.340530
9141 12.175638 12.175638 285.325638 285.325638
10724 10.992610 10.992610 284.142610 284.142610
10728 9.087937 9.087937 282.237937 282.237937
11801 9.084225 9.084225 282.234225 282.234225
11804 9.074770 9.074770 282.224770 282.224770
11806 9.068253 9.068253 282.218253 282.218253
11808 9.066887 9.066887 282.216887 282.216887
11826 9.063538 9.063538 282.213538 282.213538
16430 8.252595 8.252595 281.402595 281.402595
17502 8.247590 8.247590 281.397590 281.397590
17504 8.236013 8.236013 281.386013 281.386013
17505 8.231856 8.231856 281.381856 281.381856
17521 8.218424 8.218424 281.368424 281.368424
19144 8.115250 8.115250 281.265250 281.265250
19339 7.215358 7.215358 280.365358 280.365358
20511 7.205654 7.205654 280.355654 280.355654
20514 7.188872 7.188872 280.338872 280.338872
21989 6.401218 6.401218 279.551218 279.551218
22882 6.396231 6.396231 279.546231 279.546231
22883 6.391329 6.391329 279.541329 279.541329
22885 6.381592 6.381592 279.531592 279.531592
22888 6.377069 6.377069 279.527069 279.527069
22892 6.366354 6.366354 279.516354 279.516354
22907 6.364701 6.364701 279.514701 279.514701
67711 4.783129 4.783129 277.933129 277.933129
68762 4.779830 4.779830 277.929830 277.929830
68766 4.773750 4.773750 277.923750 277.923750
68770 4.764096 4.764096 277.914096 277.914096
162283 4.604875 4.604875 277.754875 277.754875
164052 4.601859 4.601859 277.751859 277.751859
164054 4.592914 4.592914 277.742914 277.742914
164059 4.592773 4.592773 277.742773 277.742773
164062 4.589987 4.589987 277.739987 277.739987
164063 4.573189 4.573189 277.723189 277.723189
164074 4.566269 4.566269 277.716269 277.716269
210735 3.844378 3.844378 276.994378 276.994378
212502 3.831132 3.831132 276.981132 276.981132
212503 3.824488 3.824488 276.974488 276.974488
212520 3.817022 3.817022 276.967022 276.967022
285000 13.299462 3.817022 13.299462 276.967022
"function evaluation" "current f(x)" "best-so-far f(x)" "current af(x)+b"  "best af(x)+b"
1 23.597823 23.597823 296.747823 296.747823
2 23.545657 23.545657 296.695657 296.695657
4 23.517324 23.517324 296.667324 296.667324
26 23.513939 23.513939 296.663939 296.663939
37 23.509046 23.509046 296.659046 296.659046
2080 22.725930 22.725930 295.875930 295.875930
2188 20.749441 20.749441 293.899441 293.899441
2190 17.224773 17.224773 290.374773 290.374773
3291 17.187579 17.187579 290.337579 290.337579
3294 17.146063 17.146063 290.296063 290.296063
3310 17.144269 17.144269 290.294269 290.294269
3321 17.128077 17.128077 290.278077 290.278077
4993 16.806830 16.806830 289.956830 289.956830
5048 15.766180 15.766180 288.916180 288.916180
6141 15.751130 15.751130 288.901130 288.901130
6145 15.718393 15.718393 288.868393 288.868393
6147 15.711512 15.711512 288.861512 288.861512
7778 14.002582 14.002582 287.152582 287.152582
7861 13.217731 13.217731 286.367731 286.367731
8912 13.203755 13.203755 286.353755 286.353755
8914 13.186012 13.186012 286.336012 286.336012
8919 13.183749 13.183749 286.333749 286.333749
8929 13.163227 13.163227 286.313227 286.313227
10626 12.688016 12.688016 285.838016 285.838016
10725 11.961044 11.961044 285.111044 285.111044
11802 11.958929 11.958929 285.108929 285.108929
11803 11.955422 11.955422 285.105422 285.105422
11805 11.945216 11.945216 285.095216 285.095216
13493 11.546392 11.546392 284.696392 284.696392
13573 10.522770 10.522770 283.672770 283.672770
13581 9.610200 9.610200 282.760200 282.760200
14651 9.604583 9.604583 282.754583 282.754583
14654 9.600567 9.600567 282.750567 282.750567
14655 9.585481 9.585481 282.735481 282.735481
14661 9.579970 9.579970 282.729970 282.729970
14675 9.572516 9.572516 282.722516 282.722516
16377 9.387392 9.387392 282.537392 282.537392
16421 9.367494 9.367494 282.517494 282.517494
16424 8.468047 8.468047 281.618047 281.618047
16429 8.143611 8.143611 281.293611 281.293611
17501 8.130564 8.130564 281.280564 281.280564
17504 8.110425 8.110425 281.260425 281.260425
19192 7.934425 7.934425 281.084425 281.084425
19277 7.591515 7.591515 280.741515 280.741515
19279 7.419586 7.419586 280.569586 280.569586
20353 7.417868 7.417868 280.567868 280.567868
20357 7.417103 7.417103 280.567103 280.567103
20360 7.402093 7.402093 280.552093 280.552093
20384 7.399551 7.399551 280.549551 280.549551
22125 6.535164 6.535164 279.685164 279.685164
23204 6.518894 6.518894 279.668894 279.668894
23230 6.511670 6.511670 279.661670 279.661670
24982 6.213250 6.213250 279.363250 279.363250
26053 6.209748 6.209748 279.359748 279.359748
26055 6.197439 6.197439 279.347439 279.347439
26068 6.187736 6.187736 279.337736 279.337736
26072 6.185780 6.185780 279.335780 279.335780
31756 6.165634 6.165634 279.315634 279.315634
50631 5.674313 5.674313 278.824313 278.824313
51701 5.659713 5.659713 278.809713 278.809713
51705 5.655701 5.655701 278.805701 278.805701
51710 5.653655 5.653655 278.803655 278.803655
51711 5.631835 5.631835 278.781835 278.781835
56328 5.621191 5.621191 278.771191 278.771191
56331 5.350775 5.350775 278.500775 278.500775
57402 5.327911 5.327911 278.477911 278.477911
57424 5.319069 5.319069 278.469069 278.469069
57426 5.318630 5.318630 278.468630 278.468630
79654 4.954383 4.954383 278.104383 278.104383
79657 4.823913 4.823913 277.973913 277.973913
81441 4.804730 4.804730 277.954730 277.954730
81452 4.801934 4.801934 277.951934 277.951934
85351 4.689954 4.689954 277.839954 277.839954
87141 4.680251 4.680251 277.830251 277.830251
87144 4.673121 4.673121 277.823121 277.823121
87150 4.657479 4.657479 277.807479 277.807479
87152 4.656086 4.656086 277.806086 277.806086
107623 4.647383 4.647383 277.797383 277.797383
108702 4.644750 4.644750 277.794750 277.794750
108703 4.625485 4.625485 277.775485 277.775485
108706 4.619618 4.619618 277.769618 277.769618
127488 3.288661 3.288661 276.438661 276.438661
128452 3.283030 3.283030 276.433030 276.433030
128454 3.275817 3.275817 276.425817 276.425817
128458 3.264739 3.264739 276.414739 276.414739
128463 3.263047 3.263047 276.413047 276.413047
128480 3.262286 3.262286 276.412286 276.412286
164539 3.167709 3.167709 276.317709 276.317709
165501 3.162075 3.162075 276.312075 276.312075
165503 3.140726 3.140726 276.290726 276.290726
285000 21.767998 3.140726 21.767998 276.290726
"function evaluation" "current f(x)" "best-so-far f(x)" "current af(x)+b"  "best af(x)+b"
1 23.501851 23.501851 60.681851 60.681851
2 23.351001 23.351001 60.531001 60.531001
38 23.326545 23.326545 60.506545 60.506545
161 17.851621 17.851621 55.031621 55.031621
162 17.763831 17.763831 54.943831 54.943831
169 17.706205 17.706205 54.886205 54.886205
201 16.111982 16.111982 53.291982 53.291982
202 16.098962 16.098962 53.278962 53.278962
204 16.095942 16.095942 53.275942 53.275942
205 16.057697 16.057697 53.237697 53.237697
361 15.006775 15.006775 52.186775 52.186775
365 15.001725 15.001725 52.181725 52.181725
391 14.996335 14.996335 52.176335 52.176335
1961 11.667815 11.667815 48.847815 48.847815
1963 11.645959 11.645959 48.825959 48.825959
2074 10.637105 10.637105 47.817105 47.817105
2123 10.323597 10.323597 47.503597 47.503597
2132 9.523768 9.523768 46.703768 46.703768
3132 9.518519 9.518519 46.698519 46.698519
3134 9.500804 9.500804 46.680804 46.680804
3139 9.489730 9.489730 46.669730 46.669730
3145 9.480850 9.480850 46.660850 46.660850
3166 9.479767 9.479767 46.659767 46.659767
10673 9.092484 9.092484 46.272484 46.272484
10674 8.985305 8.985305 46.165305 46.165305
10679 8.411178 8.411178 45.591178 45.591178
11681 8.400760 8.400760 45.580760 45.580760
11683 8.398960 8.398960 45.578960 45.578960
11686 8.392664 8.392664 45.572664 45.572664
11691 8.352027 8.352027 45.532027 45.532027
16289 8.015339 8.015339 45.195339 45.195339
17182 8.004299 8.004299 45.184299 45.184299
17185 7.980140 7.980140 45.160140 45.160140
19138 7.490044 7.490044 44.670044 44.670044
20031 7.487954 7.487954 44.667954 44.667954
20033 7.464200 7.464200 44.644200 44.644200
20049 7.454097 7.454097 44.634097 44.634097
21991 7.416636 7.416636 44.596636 44.596636
22881 7.413737 7.413737 44.593737 44.593737
22884 7.394812 7.394812 44.574812 44.574812
22890 7.394173 7.394173 44.574173 44.574173
22906 7.385402 7.385402 44.565402 44.565402
24844 7.077105 7.077105 44.257105 44.257105
25731 7.070466 7.070466 44.250466 44.250466
25733 7.065420 7.065420 44.245420 44.245420
25736 7.056624 7.056624 44.236624 44.236624
25756 7.056166 7.056166 44.236166 44.236166
25757 7.044476 7.044476 44.224476 44.224476
33385 6.540816 6.540816 43.720816 43.720816
33387 5.816227 5.816227 42.996227 42.996227
33397 5.360239 5.360239 42.540239 42.540239
34282 5.356516 5.356516 42.536516 42.536516
34284 5.356407 5.356407 42.536407 42.536407
34286 5.354603 5.354603 42.534603 42.534603
34288 5.343390 5.343390 42.523390 42.523390
34318 5.334861 5.334861 42.514861 42.514861
285000 20.518016 5.334861 20.518016 42.514861
"function evaluation" "current f(x)" "best-so-far f(x)" "current af(x)+b"  "best af(x)+b"
1 24.200151 24.200151 61.380151 61.380151
2 24.094542 24.094542 61.274542 61.274542
37 24.091728 24.091728 61.271728 61.271728
401 19.105562 19.105562 56.285562 56.285562
402 19.063231 19.063231 56.243231 56.243231
406 19.061607 19.061607 56.241607 56.241607
408 19.048261 19.048261 56.228261 56.228261
409 19.025087 19.025087 56.205087 56.205087
412 19.008279 19.008279 56.188279 56.188279
521 15.276333 15.276333 52.456333 52.456333
524 15.262844 15.262844 52.442844 52.442844
533 15.260852 15.260852 52.440852 52.440852
537 15.236834 15.236834 52.416834 52.416834
2226 13.510578 13.510578 50.690578 50.690578
2232 13.215439 13.215439 50.395439 50.395439
2309 12.482890 12.482890 49.662890 49.662890
2311 11.703522 11.703522 48.883522 48.883522
3571 11.701996 11.701996 48.881996 48.881996
3573 11.697217 11.697217 48.877217 48.877217
3575 11.669384 11.669384 48.849384 48.849384
3601 11.667837 11.667837 48.847837 48.847837
5585 11.651019 11.651019 48.831019 48.831019
5586 11.314951 11.314951 48.494951 48.494951
5588 10.771466 10.771466 47.951466 47.951466
7421 10.757090 10.757090 47.937090 47.937090
7423 10.743887 10.743887 47.923887 47.923887
7431 10.739794 10.739794 47.919794 47.919794
7437 10.735445 10.735445 47.915445 47.915445
8432 6.846569 6.846569 44.026569 44.026569
10271 6.838879 6.838879 44.018879 44.018879
10276 6.838876 6.838876 44.018876 44.018876
10277 6.832897 6.832897 44.012897 44.012897
10281 6.821024 6.821024 44.001024 44.001024
22693 6.718405 6.718405 43.898405 43.898405
24521 6.694551 6.694551 43.874551 43.874551
24536 6.693201 6.693201 43.873201 43.873201
24551 6.691506 6.691506 43.871506 43.871506
36934 6.579092 6.579092 43.759092 43.759092
38771 6.578395 6.578395 43.758395 43.758395
38773 6.551647 6.551647 43.731647 43.731647
39792 6.459090 6.459090 43.639090 43.639090
41621 6.456882 6.456882 43.636882 43.636882
41623 6.447992 6.447992 43.627992 43.627992
41627 6.441425 6.441425 43.621425 43.621425
41649 6.434249 6.434249 43.614249 43.614249
41656 6.431243 6.431243 43.611243 43.611243
238728 6.253052 6.253052 43.433052 43.433052
239801 6.242497 6.242497 43.422497 43.422497
239811 6.240829 6.240829 43.420829 43.420829
239820 6.240608 6.240608 43.420608 43.420608
239828 6.238436 6.238436 43.418436 43.418436
247282 6.167667 6.167667 43.347667 43.347667
247283 5.716230 5.716230 42.896230 42.896230
248352 5.716214 5.716214 42.896214 42.896214
248354 5.707418 5.707418 42.887418 42.887418
248357 5.693518 5.693518 42.873518 42.873518
248365 5.684177 5.684177 42.864177 42.864177
248374 5.678390 5.678390 42.858390 42.858390
274005 5.670380 5.670380 42.850380 42.850380
274016 5.661020 5.661020 42.841020 42.841020
285000 10.123932 5.661020 10.123932 42.841020
"function evaluation" "current f(x)" "best-so-far f(x)" "current af(x)+b"  "best af(x)+b"
1 31.439316 31.439316 68.619316 68.619316
2 31.436452 31.436452 68.616452 68.616452
4 31.407270 31.407270 68.587270 68.587270
6 31.397838 31.397838 68.577838 68.577838
7 31.395258 31.395258 68.575258 68.575258
23 31.392453 31.392453 68.572453 68.572453
25 31.380872 31.380872 68.560872 68.560872
41 17.154073 17.154073 54.334073 54.334073
42 17.124610 17.124610 54.304610 54.304610
46 17.116086 17.116086 54.296086 54.296086
48 17.107502 17.107502 54.287502 54.287502
52 17.091171 17.091171 54.271171 54.271171
1601 15.584725 15.584725 52.764725 52.764725
1602 15.569830 15.569830 52.749830 52.749830
1603 15.553089 15.553089 52.733089 52.733089
1606 15.545051 15.545051 52.725051 52.725051
1628 15.544075 15.544075 52.724075 52.724075
2024 13.543520 13.543520 50.723520 50.723520
2469 12.163328 12.163328 49.343328 49.343328
2596 12.077705 12.077705 49.257705 49.257705
2607 11.943176 11.943176 49.123176 49.123176
4252 11.930696 11.930696 49.110696 49.110696
4253 11.927994 11.927994 49.107994 49.107994
4262 11.924694 11.924694 49.104694 49.104694
4264 11.919339 11.919339 49.099339 49.099339
4271 11.911222 11.911222 49.091222 49.091222
4856 10.984184 10.984184 48.164184 48.164184
5702 10.972230 10.972230 48.152230 48.152230
5710 10.967338 10.967338 48.147338 48.147338
5715 10.941418 10.941418 48.121418 48.121418
7704 10.830371 10.830371 48.010371 48.010371
7707 10.578941 10.578941 47.758941 47.758941
7708 10.410841 10.410841 47.590841 47.590841
8552 10.397213 10.397213 47.577213 47.577213
8554 10.385994 10.385994 47.565994 47.565994
11375 9.307924 9.307924 46.487924 46.487924
13321 9.263796 9.263796 46.443796 46.443796
13344 9.262684 9.262684 46.442684 46.442684
17041 8.164563 8.164563 45.344563 45.344563
18941 8.155324 8.155324 45.335324 45.335324
18944 8.139809 8.139809 45.319809 45.319809
18953 8.135821 8.135821 45.315821 45.315821
53968 8.116155 8.116155 45.296155 45.296155
55712 8.109665 8.109665 45.289665 45.289665
55713 8.097221 8.097221 45.277221 45.277221
55719 8.089679 8.089679 45.269679 45.269679
55728 8.083931 8.083931 45.263931 45.263931
55735 8.068949 8.068949 45.248949 45.248949
74033 7.705671 7.705671 44.885671 44.885671
75942 7.677561 7.677561 44.857561 44.857561
75950 7.675190 7.675190 44.855190 44.855190
131067 7.514554 7.514554 44.694554 44.694554
133022 7.457179 7.457179 44.637179 44.637179
133032 7.447401 7.447401 44.627401 44.627401
133034 7.438723 7.438723 44.618723 44.618723
170310 7.038933 7.038933 44.218933 44.218933
171362 7.020777 7.020777 44.200777 44.200777
171369 7.015051 7.015051 44.195051 44.195051
171380 7.014669 7.014669 44.194669 44.194669
198712 6.541624 6.541624 43.721624 43.721624
199621 6.533952 6.533952 43.713952 43.713952
199623 6.522497 6.522497 43.702497 43.702497
212960 6.041682 6.041682 43.221682 43.221682
213871 6.040198 6.040198 43.220198 43.220198
213873 6.021131 6.021131 43.201131 43.201131
213883 6.012057 6.012057 43.192057 43.192057
213885 6.008716 6.008716 43.188716 43.188716
241463 5.429643 5.429643 42.609643 42.609643
242372 5.421070 5.421070 42.601070 42.601070
242376 5.412748 5.412748 42.592748 42.592748
242393 5.411351 5.411351 42.591351 42.591351
242406 5.411345 5.411345 42.591345 42.591345
285000 13.506291 5.411345 13.506291 42.591345
"function evaluation" "current f(x)" "best-so-far f(x)" "current af(x)+b"  "best af(x)+b"
1 26.016787 26.016787 -121.883213 -121.883213
3 25.990405 25.990405 -121.909595 -121.909595
7 25.981930 25.981930 -121.918070 -121.918070
20 25.962190 25.962190 -121.937810 -121.937810
25 25.952045 25.952045 -121.947955 -121.947955
121 19.116487 19.116487 -128.783513 -128.783513
127 19.110921 19.110921 -128.789079 -128.789079
142 19.098957 19.098957 -128.801043 -128.801043
154 19.098868 19.098868 -128.801132 -128.801132
761 18.312147 18.312147 -129.587853 -129.587853
765 18.305318 18.305318 -129.594682 -129.594682
768 18.298246 18.298246 -129.601754 -129.601754
774 18.293889 18.293889 -129.606111 -129.606111
784 18.283795 18.283795 -129.616205 -129.616205
787 18.280067 18.280067 -129.619933 -129.619933
793 18.246680 18.246680 -129.653320 -129.653320
1361 17.011515 17.011515 -130.888485 -130.888485
1362 16.881749 16.881749 -131.018251 -131.018251
1370 16.859971 16.859971 -131.040029 -131.040029
1397 16.840997 16.840997 -131.059003 -131.059003
2179 16.361528 16.361528 -131.538472 -131.538472
2182 13.694635 13.694635 -134.205365 -134.205365
2290 13.231730 13.231730 -134.668270 -134.668270
2292 11.676024 11.676024 -136.223976 -136.223976
3532 11.661536 11.661536 -136.238464 -136.238464
3535 11.660841 11.660841 -136.239159 -136.239159
3537 11.657969 11.657969 -136.242031 -136.242031
3546 11.657644 11.657644 -136.242356 -136.242356
3550 11.649987 11.649987 -136.250013 -136.250013
3556 11.635810 11.635810 -136.264190 -136.264190
5146 11.489492 11.489492 -136.410508 -136.410508
6381 11.488872 11.488872 -136.411128 -136.411128
6383 11.484930 11.484930 -136.415070 -136.415070
6385 11.469192 11.469192 -136.430808 -136.430808
6392 11.453398 11.453398 -136.446602 -136.446602
7830 11.300285 11.300285 -136.599715 -136.599715
8831 11.299774 11.299774 -136.600226 -136.600226
8835 11.280559 11.280559 -136.619441 -136.619441
8846 11.264866 11.264866 -136.635134 -136.635134
10853 10.528218 10.528218 -137.371782 -137.371782
12081 10.526689 10.526689 -137.373311 -137.373311
12086 10.525890 10.525890 -137.374110 -137.374110
12088 10.525669 10.525669 -137.374331 -137.374331
12089 10.511038 10.511038 -137.388962 -137.388962
12092 10.505489 10.505489 -137.394511 -137.394511
12099 10.498899 10.498899 -137.401101 -137.401101
13699 9.831161 9.831161 -138.068839 -138.068839
14932 9.823612 9.823612 -138.076388 -138.076388
14933 9.817058 9.817058 -138.082942 -138.082942
14936 9.808632 9.808632 -138.091368 -138.091368
14938 9.802648 9.802648 -138.097352 -138.097352
14960 9.801135 9.801135 -138.098865 -138.098865
19401 9.637973 9.637973 -138.262027 -138.262027
20632 9.636109 9.636109 -138.263891 -138.263891
20634 9.624157 9.624157 -138.275843 -138.275843
20635 9.619897 9.619897 -138.280103 -138.280103
20664 9.613925 9.613925 -138.286075 -138.286075
22626 8.877182 8.877182 -139.022818 -139.022818
22786 8.828539 8.828539 -139.071461 -139.071461
22790 6.868179 6.868179 -141.031821 -141.031821
24761 6.867757 6.867757 -141.032243 -141.032243
24764 6.850865 6.850865 -141.049135 -141.049135
24774 6.839966 6.839966 -141.060034 -141.060034
24796 6.839489 6.839489 -141.060511 -141.060511
50470 6.800009 6.800009 -141.099991 -141.099991
51342 6.785860 6.785860 -141.114140 -141.114140
51352 6.781106 6.781106 -141.118894 -141.118894
51369 6.780124 6.780124 -141.119876 -141.119876
51372 6.776750 6.776750 -141.123250 -141.123250
53320 6.465789 6.465789 -141.434211 -141.434211
54191 6.463361 6.463361 -141.436639 -141.436639
54193 6.437444 6.437444 -141.462556 -141.462556
54197 6.430934 6.430934 -141.469066 -141.469066
285000 10.561882 6.430934 10.561882 -141.469066
"function evaluation" "current f(x)" "best-so-far f(x)" "current af(x)+b"  "best af(x)+b"
1 26.091545 26.091545 -121.808455 -121.808455
4 26.082241 26.082241 -121.817759 -121.817759
5 26.071838 26.071838 -121.828162 -121.828162
8 26.039828 26.039828 -121.860172 -121.860172
41 20.598500 20.598500 -127.301500 -127.301500
43 20.590126 20.590126 -127.309874 -127.309874
45 20.577563 20.577563 -127.322437 -127.322437
51 20.572337 20.572337 -127.327663 -127.327663
77 20.562490 20.562490 -127.337510 -127.337510
121 16.201359 16.201359 -131.698641 -131.698641
122 16.161004 16.161004 -131.738996 -131.738996
123 16.160848 16.160848 -131.739152 -131.739152
130 16.153264 16.153264 -131.746736 -131.746736
132 16.147813 16.147813 -131.752187 -131.752187
2060 16.092709 16.092709 -131.807291 -131.807291
2061 14.116159 14.116159 -133.783841 -133.783841
2139 13.276801 13.276801 -134.623199 -134.623199
2145 12.368106 12.368106 -135.531894 -135.531894
2174 12.157780 12.157780 -135.742220 -135.742220
2178 11.873126 11.873126 -136.026874 -136.026874
3252 11.865090 11.865090 -136.034910 -136.034910
3253 11.864191 11.864191 -136.035809 -136.035809
3255 11.835024 11.835024 -136.064976 -136.064976
3268 11.816080 11.816080 -136.083920 -136.083920
5146 11.130727 11.130727 -136.769273 -136.769273
6383 11.103204 11.103204 -136.796796 -136.796796
6387 11.095961 11.095961 -136.804039 -136.804039
11135 10.887674 10.887674 -137.012326 -137.012326
12761 10.874933 10.874933 -137.025067 -137.025067
12763 10.845409 10.845409 -137.054591 -137.054591
12789 10.833576 10.833576 -137.066424 -137.066424
19227 10.184402 10.184402 -137.715598 -137.715598
20231 10.157710 10.157710 -137.742290 -137.742290
20245 10.156008 10.156008 -137.743992 -137.743992
20254 10.153463 10.153463 -137.746537 -137.746537
20268 10.151045 10.151045 -137.748955 -137.748955
28101 9.944869 9.944869 -137.955131 -137.955131
29541 9.943765 9.943765 -137.956235 -137.956235
29544 9.932650 9.932650 -137.967350 -137.967350
29546 9.926331 9.926331 -137.973669 -137.973669
29571 9.926242 9.926242 -137.973758 -137.973758
29580 9.923838 9.923838 -137.976162 -137.976162
30948 9.156244 9.156244 -138.743756 -138.743756
32392 9.150754 9.150754 -138.749246 -138.749246
32396 9.125115 9.125115 -138.774885 -138.774885
32408 9.120389 9.120389 -138.779611 -138.779611
39493 9.048324 9.048324 -138.851676 -138.851676
39500 8.993612 8.993612 -138.906388 -138.906388
40941 8.992884 8.992884 -138.907116 -138.907116
40944 8.975031 8.975031 -138.924969 -138.924969
40961 8.971669 8.971669 -138.928331 -138.928331
45467 8.840606 8.840606 -139.059394 -139.059394
47281 8.835522 8.835522 -139.064478 -139.064478
47284 8.825149 8.825149 -139.074851 -139.074851
47285 8.824045 8.824045 -139.075955 -139.075955
47287 8.812760 8.812760 -139.087240 -139.087240
48046 8.178233 8.178233 -139.721767 -139.721767
49491 8.169212 8.169212 -139.730788 -139.730788
49493 8.164972 8.164972 -139.735028 -139.735028
49505 8.142401 8.142401 -139.757599 -139.757599
49525 8.140832 8.140832 -139.759168 -139.759168
50896 6.836927 6.836927 -141.063073 -141.063073
50899 6.770699 6.770699 -141.129301 -141.129301
52341 6.749877 6.749877 -141.150123 -141.150123
52348 6.744420 6.744420 -141.155580 -141.155580
52362 6.726393 6.726393 -141.173607 -141.173607
85093 6.148465 6.148465 -141.751535 -141.751535
86542 6.119733 6.119733 -141.780267 -141.780267
86545 6.115983 6.115983 -141.784017 -141.784017
90795 6.030211 6.030211 -141.869789 -141.869789
92242 6.029503 6.029503 -141.870497 -141.870497
92246 6.010511 6.010511 -141.889489 -141.889489
92247 6.006958 6.006958 -141.893042 -141.893042
285000 12.024620 6.006958 12.024620 -141.893042
"function evaluation" "current f(x)" "best-so-far f(x)" "current af(x)+b"  "best af(x)+b"
1 54.785544 54.785544 -93.114456 -93.114456
2 54.640920 54.640920 -93.259080 -93.259080
26 54.562652 54.562652 -93.337348 -93.337348
41 17.823055 17.823055 -130.076945 -130.076945
42 17.753412 17.753412 -130.146588 -130.146588
201 16.524656 16.524656 -131.375344 -131.375344
212 16.499962 16.499962 -131.400038 -131.400038
361 12.600430 12.600430 -135.299570 -135.299570
2150 11.247136 11.247136 -136.652864 -136.652864
3171 11.244957 11.244957 -136.655043 -136.655043
3174 11.238422 11.238422 -136.661578 -136.661578
3175 11.208116 11.208116 -136.691884 -136.691884
5008 10.923699 10.923699 -136.976301 -136.976301
6062 10.911824 10.911824 -136.988176 -136.988176
6063 10.891380 10.891380 -137.008620 -137.008620
6075 10.871302 10.871302 -137.028698 -137.028698
7840 10.593511 10.593511 -137.306489 -137.306489
7857 9.508350 9.508350 -138.391650 -138.391650
7864 9.009022 9.009022 -138.890978 -138.890978
8912 8.982866 8.982866 -138.917134 -138.917134
8917 8.972258 8.972258 -138.927742 -138.927742
8933 8.971328 8.971328 -138.928672 -138.928672
10709 8.086281 8.086281 -139.813719 -139.813719
11762 8.048738 8.048738 -139.851262 -139.851262
13558 7.553489 7.553489 -140.346511 -140.346511
14611 7.521470 7.521470 -140.378530 -140.378530
14639 7.493840 7.493840 -140.406160 -140.406160
190296 7.394020 7.394020 -140.505980 -140.505980
191391 7.391390 7.391390 -140.508610 -140.508610
191394 7.357950 7.357950 -140.542050 -140.542050
244965 7.286737 7.286737 -140.613263 -140.613263
246781 7.277609 7.277609 -140.622391 -140.622391
246785 7.251355 7.251355 -140.648645 -140.648645
247828 6.734388 6.734388 -141.165612 -141.165612
249632 6.715352 6.715352 -141.184648 -141.184648
249643 6.707834 6.707834 -141.192166 -141.192166
249646 6.705947 6.705947 -141.194053 -141.194053
249666 6.704186 6.704186 -141.195814 -141.195814
284854 6.173761 6.173761 -141.726239 -141.726239
285000 17.314432 6.173761 17.314432 -141.726239
