"function evaluation" "current f(x)" "best-so-far f(x)" "current af(x)+b"  "best af(x)+b"
1 163.555180 163.555180 154.345180 154.345180
2 163.555160 163.555160 154.345160 154.345160
4 163.555152 163.555152 154.345152 154.345152
6 163.555138 163.555138 154.345138 154.345138
8 163.555114 163.555114 154.345114 154.345114
9 163.555070 163.555070 154.345070 154.345070
11 74.364239 74.364239 65.154239 65.154239
12 74.364219 74.364219 65.154219 65.154219
14 74.364211 74.364211 65.154211 65.154211
16 74.364197 74.364197 65.154197 65.154197
18 74.364173 74.364173 65.154173 65.154173
19 74.364129 74.364129 65.154129 65.154129
111 56.494373 56.494373 47.284373 47.284373
112 56.494353 56.494353 47.284353 47.284353
114 56.494345 56.494345 47.284345 47.284345
116 56.494331 56.494331 47.284331 47.284331
118 56.494306 56.494306 47.284306 47.284306
119 56.494263 56.494263 47.284263 47.284263
411 42.043750 42.043750 32.833750 32.833750
412 42.043730 42.043730 32.833730 32.833730
414 42.043723 42.043723 32.833723 32.833723
416 42.043709 42.043709 32.833709 32.833709
418 42.043684 42.043684 32.833684 32.833684
419 42.043640 42.043640 32.833640 32.833640
421 21.762853 21.762853 12.552853 12.552853
422 21.762833 21.762833 12.552833 12.552833
424 21.762825 21.762825 12.552825 12.552825
426 21.762812 21.762812 12.552812 12.552812
428 21.762787 21.762787 12.552787 12.552787
429 21.762743 21.762743 12.552743 12.552743
120000 64888677172814880031589613082355717274620456609002997151694848.000000 21.762743 64888677172814880031589613082355717274620456609002997151694848.000000 12.552743
"function evaluation" "current f(x)" "best-so-far f(x)" "current af(x)+b"  "best af(x)+b"
1 88.915986 88.915986 79.705986 79.705986
2 88.915966 88.915966 79.705966 79.705966
4 88.915958 88.915958 79.705958 79.705958
6 88.915944 88.915944 79.705944 79.705944
8 88.915920 88.915920 79.705920 79.705920
9 88.915876 88.915876 79.705876 79.705876
11 73.182664 73.182664 63.972664 63.972664
12 73.182644 73.182644 63.972644 63.972644
14 73.182636 73.182636 63.972636 63.972636
16 73.182622 73.182622 63.972622 63.972622
18 73.182598 73.182598 63.972598 63.972598
19 73.182554 73.182554 63.972554 63.972554
41 70.980404 70.980404 61.770404 61.770404
42 70.980384 70.980384 61.770384 61.770384
44 70.980376 70.980376 61.770376 61.770376
46 70.980362 70.980362 61.770362 61.770362
48 70.980338 70.980338 61.770338 61.770338
49 70.980294 70.980294 61.770294 61.770294
141 23.602416 23.602416 14.392416 14.392416
142 23.602396 23.602396 14.392396 14.392396
144 23.602388 23.602388 14.392388 14.392388
146 23.602374 23.602374 14.392374 14.392374
148 23.602350 23.602350 14.392350 14.392350
149 23.602306 23.602306 14.392306 14.392306
120000 41733368291831420684170582304964461061565119493998628787191808.000000 23.602306 41733368291831420684170582304964461061565119493998628787191808.000000 14.392306
"function evaluation" "current f(x)" "best-so-far f(x)" "current af(x)+b"  "best af(x)+b"
1 143.634368 143.634368 134.424368 134.424368
2 143.634348 143.634348 134.424348 134.424348
4 143.634340 143.634340 134.424340 134.424340
6 143.634326 143.634326 134.424326 134.424326
8 143.634301 143.634301 134.424301 134.424301
9 143.634258 143.634258 134.424258 134.424258
11 74.374711 74.374711 65.164711 65.164711
12 74.374691 74.374691 65.164691 65.164691
14 74.374683 74.374683 65.164683 65.164683
16 74.374669 74.374669 65.164669 65.164669
18 74.374645 74.374645 65.164645 65.164645
19 74.374601 74.374601 65.164601 65.164601
81 34.830008 34.830008 25.620008 25.620008
82 34.829988 34.829988 25.619988 25.619988
84 34.829981 34.829981 25.619981 25.619981
86 34.829967 34.829967 25.619967 25.619967
88 34.829942 34.829942 25.619942 25.619942
89 34.829898 34.829898 25.619898 25.619898
131 18.966319 18.966319 9.756319 9.756319
132 18.966299 18.966299 9.756299 9.756299
134 18.966292 18.966292 9.756292 9.756292
136 18.966278 18.966278 9.756278 9.756278
138 18.966253 18.966253 9.756253 9.756253
139 18.966209 18.966209 9.756209 9.756209
120000 23724250109446958310222959049640435076498433681805729230487552.000000 18.966209 23724250109446958310222959049640435076498433681805729230487552.000000 9.756209
"function evaluation" "current f(x)" "best-so-far f(x)" "current af(x)+b"  "best af(x)+b"
1 118.496497 118.496497 774.486497 774.486497
2 118.496477 118.496477 774.486477 774.486477
3 118.496469 118.496469 774.486469 774.486469
5 118.496455 118.496455 774.486455 774.486455
8 118.496430 118.496430 774.486430 774.486430
9 118.496387 118.496387 774.486387 774.486387
11 112.609086 112.609086 768.599086 768.599086
12 112.609066 112.609066 768.599066 768.599066
13 112.609058 112.609058 768.599058 768.599058
15 112.609044 112.609044 768.599044 768.599044
18 112.609019 112.609019 768.599019 768.599019
19 112.608976 112.608976 768.598976 768.598976
21 100.354857 100.354857 756.344857 756.344857
22 100.354837 100.354837 756.344837 756.344837
23 100.354830 100.354830 756.344830 756.344830
25 100.354816 100.354816 756.344816 756.344816
28 100.354791 100.354791 756.344791 756.344791
29 100.354747 100.354747 756.344747 756.344747
31 76.157492 76.157492 732.147492 732.147492
32 76.157472 76.157472 732.147472 732.147472
33 76.157464 76.157464 732.147464 732.147464
35 76.157451 76.157451 732.147451 732.147451
38 76.157426 76.157426 732.147426 732.147426
39 76.157382 76.157382 732.147382 732.147382
61 54.486016 54.486016 710.476016 710.476016
62 54.485996 54.485996 710.475996 710.475996
63 54.485988 54.485988 710.475988 710.475988
65 54.485974 54.485974 710.475974 710.475974
68 54.485950 54.485950 710.475950 710.475950
69 54.485906 54.485906 710.475906 710.475906
221 41.854921 41.854921 697.844921 697.844921
222 41.854901 41.854901 697.844901 697.844901
223 41.854893 41.854893 697.844893 697.844893
225 41.854879 41.854879 697.844879 697.844879
228 41.854855 41.854855 697.844855 697.844855
229 41.854811 41.854811 697.844811 697.844811
341 35.072504 35.072504 691.062504 691.062504
342 35.072484 35.072484 691.062484 691.062484
343 35.072476 35.072476 691.062476 691.062476
345 35.072462 35.072462 691.062462 691.062462
348 35.072437 35.072437 691.062437 691.062437
349 35.072394 35.072394 691.062394 691.062394
120000 31370779554455541936944368403634078994469430363410178024407040.000000 35.072394 31370779554455541936944368403634078994469430363410178024407040.000000 691.062394
"function evaluation" "current f(x)" "best-so-far f(x)" "current af(x)+b"  "best af(x)+b"
1 145.271847 145.271847 801.261847 801.261847
2 145.271827 145.271827 801.261827 801.261827
3 145.271819 145.271819 801.261819 801.261819
5 145.271805 145.271805 801.261805 801.261805
8 145.271781 145.271781 801.261781 801.261781
9 145.271737 145.271737 801.261737 801.261737
21 69.839893 69.839893 725.829893 725.829893
22 69.839873 69.839873 725.829873 725.829873
23 69.839865 69.839865 725.829865 725.829865
25 69.839851 69.839851 725.829851 725.829851
28 69.839827 69.839827 725.829827 725.829827
29 69.839783 69.839783 725.829783 725.829783
91 67.544506 67.544506 723.534506 723.534506
92 67.544486 67.544486 723.534486 723.534486
93 67.544479 67.544479 723.534479 723.534479
95 67.544465 67.544465 723.534465 723.534465
98 67.544440 67.544440 723.534440 723.534440
99 67.544396 67.544396 723.534396 723.534396
171 60.800664 60.800664 716.790664 716.790664
172 60.800644 60.800644 716.790644 716.790644
173 60.800637 60.800637 716.790637 716.790637
175 60.800623 60.800623 716.790623 716.790623
178 60.800598 60.800598 716.790598 716.790598
179 60.800554 60.800554 716.790554 716.790554
231 50.298871 50.298871 706.288871 706.288871
232 50.298851 50.298851 706.288851 706.288851
233 50.298843 50.298843 706.288843 706.288843
235 50.298829 50.298829 706.288829 706.288829
238 50.298805 50.298805 706.288805 706.288805
239 50.298761 50.298761 706.288761 706.288761
481 43.403789 43.403789 699.393789 699.393789
482 43.403769 43.403769 699.393769 699.393769
483 43.403761 43.403761 699.393761 699.393761
485 43.403747 43.403747 699.393747 699.393747
488 43.403722 43.403722 699.393722 699.393722
489 43.403679 43.403679 699.393679 699.393679
120000 10959941445114429185802877718110158993312556595884522567892992.000000 43.403679 10959941445114429185802877718110158993312556595884522567892992.000000 699.393679
"function evaluation" "current f(x)" "best-so-far f(x)" "current af(x)+b"  "best af(x)+b"
1 139.771612 139.771612 795.761612 795.761612
2 139.771592 139.771592 795.761592 795.761592
3 139.771585 139.771585 795.761585 795.761585
5 139.771571 139.771571 795.761571 795.761571
8 139.771546 139.771546 795.761546 795.761546
9 139.771502 139.771502 795.761502 795.761502
21 126.976761 126.976761 782.966761 782.966761
22 126.976741 126.976741 782.966741 782.966741
23 126.976733 126.976733 782.966733 782.966733
25 126.976720 126.976720 782.966720 782.966720
28 126.976695 126.976695 782.966695 782.966695
29 126.976651 126.976651 782.966651 782.966651
31 117.140495 117.140495 773.130495 773.130495
32 117.140475 117.140475 773.130475 773.130475
33 117.140468 117.140468 773.130468 773.130468
35 117.140454 117.140454 773.130454 773.130454
38 117.140429 117.140429 773.130429 773.130429
39 117.140385 117.140385 773.130385 773.130385
51 79.047983 79.047983 735.037983 735.037983
52 79.047963 79.047963 735.037963 735.037963
53 79.047955 79.047955 735.037955 735.037955
55 79.047942 79.047942 735.037942 735.037942
58 79.047917 79.047917 735.037917 735.037917
59 79.047873 79.047873 735.037873 735.037873
81 61.989998 61.989998 717.979998 717.979998
82 61.989978 61.989978 717.979978 717.979978
83 61.989970 61.989970 717.979970 717.979970
85 61.989956 61.989956 717.979956 717.979956
88 61.989931 61.989931 717.979931 717.979931
89 61.989888 61.989888 717.979888 717.979888
281 45.989177 45.989177 701.979177 701.979177
282 45.989157 45.989157 701.979157 701.979157
283 45.989149 45.989149 701.979149 701.979149
285 45.989135 45.989135 701.979135 701.979135
288 45.989111 45.989111 701.979111 701.979111
289 45.989067 45.989067 701.979067 701.979067
120000 10795254261457197408957242307207987142915669261090715437367296.000000 45.989067 10795254261457197408957242307207987142915669261090715437367296.000000 701.979067
"function evaluation" "current f(x)" "best-so-far f(x)" "current af(x)+b"  "best af(x)+b"
1 112.926918 112.926918 179.636918 179.636918
3 112.926911 112.926911 179.636911 179.636911
5 112.926897 112.926897 179.636897 179.636897
8 112.926872 112.926872 179.636872 179.636872
9 112.926828 112.926828 179.636828 179.636828
11 84.361097 84.361097 151.071097 151.071097
13 84.361089 84.361089 151.071089 151.071089
15 84.361075 84.361075 151.071075 151.071075
18 84.361051 84.361051 151.071051 151.071051
19 84.361007 84.361007 151.071007 151.071007
21 61.414885 61.414885 128.124885 128.124885
23 61.414877 61.414877 128.124877 128.124877
25 61.414863 61.414863 128.124863 128.124863
28 61.414839 61.414839 128.124839 128.124839
29 61.414795 61.414795 128.124795 128.124795
31 24.403994 24.403994 91.113994 91.113994
33 24.403986 24.403986 91.113986 91.113986
35 24.403972 24.403972 91.113972 91.113972
38 24.403948 24.403948 91.113948 91.113948
39 24.403904 24.403904 91.113904 91.113904
120000 27879835888239695786141749007026091715487488422809941254864896.000000 24.403904 27879835888239695786141749007026091715487488422809941254864896.000000 91.113904
"function evaluation" "current f(x)" "best-so-far f(x)" "current af(x)+b"  "best af(x)+b"
1 47.530139 47.530139 114.240139 114.240139
3 47.530131 47.530131 114.240131 114.240131
5 47.530117 47.530117 114.240117 114.240117
8 47.530092 47.530092 114.240092 114.240092
9 47.530049 47.530049 114.240049 114.240049
161 30.240848 30.240848 96.950848 96.950848
163 30.240840 30.240840 96.950840 96.950840
165 30.240826 30.240826 96.950826 96.950826
168 30.240802 30.240802 96.950802 96.950802
169 30.240758 30.240758 96.950758 96.950758
120000 8699384013758914364877310947877525798701174903251081636085760.000000 30.240758 8699384013758914364877310947877525798701174903251081636085760.000000 96.950758
"function evaluation" "current f(x)" "best-so-far f(x)" "current af(x)+b"  "best af(x)+b"
1 110.123776 110.123776 176.833776 176.833776
3 110.123768 110.123768 176.833768 176.833768
5 110.123754 110.123754 176.833754 176.833754
8 110.123730 110.123730 176.833730 176.833730
9 110.123686 110.123686 176.833686 176.833686
11 93.075763 93.075763 159.785763 159.785763
13 93.075756 93.075756 159.785756 159.785756
15 93.075742 93.075742 159.785742 159.785742
18 93.075717 93.075717 159.785717 159.785717
19 93.075673 93.075673 159.785673 159.785673
21 75.962367 75.962367 142.672367 142.672367
23 75.962359 75.962359 142.672359 142.672359
25 75.962346 75.962346 142.672346 142.672346
28 75.962321 75.962321 142.672321 142.672321
29 75.962277 75.962277 142.672277 142.672277
31 55.187569 55.187569 121.897569 121.897569
33 55.187561 55.187561 121.897561 121.897561
35 55.187548 55.187548 121.897548 121.897548
38 55.187523 55.187523 121.897523 121.897523
39 55.187479 55.187479 121.897479 121.897479
121 37.856971 37.856971 104.566971 104.566971
123 37.856964 37.856964 104.566964 104.566964
125 37.856950 37.856950 104.566950 104.566950
128 37.856925 37.856925 104.566925 104.566925
129 37.856881 37.856881 104.566881 104.566881
431 26.808038 26.808038 93.518038 93.518038
433 26.808031 26.808031 93.518031 93.518031
435 26.808017 26.808017 93.518017 93.518017
438 26.807992 26.807992 93.517992 93.517992
439 26.807948 26.807948 93.517948 93.517948
120000 29813631228611768199813064331349161432355746251468211969064960.000000 26.807948 29813631228611768199813064331349161432355746251468211969064960.000000 93.517948
"function evaluation" "current f(x)" "best-so-far f(x)" "current af(x)+b"  "best af(x)+b"
1 59.431310 59.431310 1001.101310 1001.101310
3 59.431302 59.431302 1001.101302 1001.101302
6 59.431289 59.431289 1001.101289 1001.101289
8 59.431264 59.431264 1001.101264 1001.101264
9 59.431220 59.431220 1001.101220 1001.101220
61 50.986684 50.986684 992.656684 992.656684
63 50.986676 50.986676 992.656676 992.656676
66 50.986663 50.986663 992.656663 992.656663
68 50.986638 50.986638 992.656638 992.656638
69 50.986594 50.986594 992.656594 992.656594
161 34.105088 34.105088 975.775088 975.775088
163 34.105080 34.105080 975.775080 975.775080
166 34.105066 34.105066 975.775066 975.775066
168 34.105042 34.105042 975.775042 975.775042
169 34.104998 34.104998 975.774998 975.774998
120000 16979041083238642305575777431982137719273623009857475608313856.000000 34.104998 16979041083238642305575777431982137719273623009857475608313856.000000 975.774998
"function evaluation" "current f(x)" "best-so-far f(x)" "current af(x)+b"  "best af(x)+b"
1 144.866001 144.866001 1086.536001 1086.536001
3 144.865993 144.865993 1086.535993 1086.535993
6 144.865979 144.865979 1086.535979 1086.535979
8 144.865955 144.865955 1086.535955 1086.535955
9 144.865911 144.865911 1086.535911 1086.535911
11 92.742186 92.742186 1034.412186 1034.412186
13 92.742178 92.742178 1034.412178 1034.412178
16 92.742164 92.742164 1034.412164 1034.412164
18 92.742139 92.742139 1034.412139 1034.412139
19 92.742096 92.742096 1034.412096 1034.412096
31 88.504838 88.504838 1030.174838 1030.174838
33 88.504831 88.504831 1030.174831 1030.174831
36 88.504817 88.504817 1030.174817 1030.174817
38 88.504792 88.504792 1030.174792 1030.174792
39 88.504748 88.504748 1030.174748 1030.174748
61 85.419065 85.419065 1027.089065 1027.089065
63 85.419057 85.419057 1027.089057 1027.089057
66 85.419043 85.419043 1027.089043 1027.089043
68 85.419019 85.419019 1027.089019 1027.089019
69 85.418975 85.418975 1027.088975 1027.088975
91 76.348382 76.348382 1018.018382 1018.018382
93 76.348374 76.348374 1018.018374 1018.018374
96 76.348360 76.348360 1018.018360 1018.018360
98 76.348336 76.348336 1018.018336 1018.018336
99 76.348292 76.348292 1018.018292 1018.018292
101 62.676310 62.676310 1004.346310 1004.346310
103 62.676302 62.676302 1004.346302 1004.346302
106 62.676288 62.676288 1004.346288 1004.346288
108 62.676264 62.676264 1004.346264 1004.346264
109 62.676220 62.676220 1004.346220 1004.346220
351 58.431796 58.431796 1000.101796 1000.101796
353 58.431789 58.431789 1000.101789 1000.101789
356 58.431775 58.431775 1000.101775 1000.101775
358 58.431750 58.431750 1000.101750 1000.101750
359 58.431706 58.431706 1000.101706 1000.101706
120000 41365502764090693069424945314197327818596070474315597629882368.000000 58.431706 41365502764090693069424945314197327818596070474315597629882368.000000 1000.101706
"function evaluation" "current f(x)" "best-so-far f(x)" "current af(x)+b"  "best af(x)+b"
1 127.672193 127.672193 1069.342193 1069.342193
3 127.672185 127.672185 1069.342185 1069.342185
6 127.672171 127.672171 1069.342171 1069.342171
8 127.672147 127.672147 1069.342147 1069.342147
9 127.672103 127.672103 1069.342103 1069.342103
31 101.578214 101.578214 1043.248214 1043.248214
33 101.578206 101.578206 1043.248206 1043.248206
36 101.578192 101.578192 1043.248192 1043.248192
38 101.578168 101.578168 1043.248168 1043.248168
39 101.578124 101.578124 1043.248124 1043.248124
41 67.814547 67.814547 1009.484547 1009.484547
43 67.814539 67.814539 1009.484539 1009.484539
46 67.814525 67.814525 1009.484525 1009.484525
48 67.814501 67.814501 1009.484501 1009.484501
49 67.814457 67.814457 1009.484457 1009.484457
71 65.150249 65.150249 1006.820249 1006.820249
73 65.150241 65.150241 1006.820241 1006.820241
76 65.150228 65.150228 1006.820228 1006.820228
78 65.150203 65.150203 1006.820203 1006.820203
79 65.150159 65.150159 1006.820159 1006.820159
131 36.621384 36.621384 978.291384 978.291384
133 36.621376 36.621376 978.291376 978.291376
136 36.621362 36.621362 978.291362 978.291362
138 36.621338 36.621338 978.291338 978.291338
139 36.621294 36.621294 978.291294 978.291294
251 28.422469 28.422469 970.092469 970.092469
253 28.422461 28.422461 970.092461 970.092461
256 28.422447 28.422447 970.092447 970.092447
258 28.422423 28.422423 970.092423 970.092423
259 28.422379 28.422379 970.092379 970.092379
120000 40403611981398527459931065869751730762932006395556699918303232.000000 28.422379 40403611981398527459931065869751730762932006395556699918303232.000000 970.092379
"function evaluation" "current f(x)" "best-so-far f(x)" "current af(x)+b"  "best af(x)+b"
1 117.862312 117.862312 80.412312 80.412312
2 117.862292 117.862292 80.412292 80.412292
4 117.862284 117.862284 80.412284 80.412284
6 117.862271 117.862271 80.412271 80.412271
7 117.862246 117.862246 80.412246 80.412246
9 117.862202 117.862202 80.412202 80.412202
11 88.578550 88.578550 51.128550 51.128550
12 88.578530 88.578530 51.128530 51.128530
14 88.578522 88.578522 51.128522 51.128522
16 88.578508 88.578508 51.128508 51.128508
17 88.578483 88.578483 51.128483 51.128483
19 88.578440 88.578440 51.128440 51.128440
41 81.250285 81.250285 43.800285 43.800285
42 81.250265 81.250265 43.800265 43.800265
44 81.250257 81.250257 43.800257 43.800257
46 81.250243 81.250243 43.800243 43.800243
47 81.250219 81.250219 43.800219 43.800219
49 81.250175 81.250175 43.800175 43.800175
151 70.610341 70.610341 33.160341 33.160341
152 70.610321 70.610321 33.160321 33.160321
154 70.610313 70.610313 33.160313 33.160313
156 70.610299 70.610299 33.160299 33.160299
157 70.610275 70.610275 33.160275 33.160275
159 70.610231 70.610231 33.160231 33.160231
191 60.024510 60.024510 22.574510 22.574510
192 60.024490 60.024490 22.574490 22.574490
194 60.024482 60.024482 22.574482 22.574482
196 60.024468 60.024468 22.574468 22.574468
197 60.024444 60.024444 22.574444 22.574444
199 60.024400 60.024400 22.574400 22.574400
251 44.684552 44.684552 7.234552 7.234552
252 44.684532 44.684532 7.234532 7.234532
254 44.684525 44.684525 7.234525 7.234525
256 44.684511 44.684511 7.234511 7.234511
257 44.684486 44.684486 7.234486 7.234486
259 44.684442 44.684442 7.234442 7.234442
421 44.141098 44.141098 6.691098 6.691098
422 44.141078 44.141078 6.691078 6.691078
424 44.141070 44.141070 6.691070 6.691070
426 44.141056 44.141056 6.691056 6.691056
427 44.141032 44.141032 6.691032 6.691032
429 44.140988 44.140988 6.690988 6.690988
120000 8847135320714600754075765870337900056616642452114308402774016.000000 44.140988 8847135320714600754075765870337900056616642452114308402774016.000000 6.690988
"function evaluation" "current f(x)" "best-so-far f(x)" "current af(x)+b"  "best af(x)+b"
1 121.921784 121.921784 84.471784 84.471784
2 121.921764 121.921764 84.471764 84.471764
4 121.921756 121.921756 84.471756 84.471756
6 121.921742 121.921742 84.471742 84.471742
7 121.921717 121.921717 84.471717 84.471717
9 121.921674 121.921674 84.471674 84.471674
21 97.966199 97.966199 60.516199 60.516199
22 97.966179 97.966179 60.516179 60.516179
24 97.966171 97.966171 60.516171 60.516171
26 97.966157 97.966157 60.516157 60.516157
27 97.966133 97.966133 60.516133 60.516133
29 97.966089 97.966089 60.516089 60.516089
31 67.790315 67.790315 30.340315 30.340315
32 67.790295 67.790295 30.340295 30.340295
34 67.790287 67.790287 30.340287 30.340287
36 67.790273 67.790273 30.340273 30.340273
37 67.790249 67.790249 30.340249 30.340249
39 67.790205 67.790205 30.340205 30.340205
161 48.920430 48.920430 11.470430 11.470430
162 48.920410 48.920410 11.470410 11.470410
164 48.920403 48.920403 11.470403 11.470403
166 48.920389 48.920389 11.470389 11.470389
167 48.920364 48.920364 11.470364 11.470364
169 48.920320 48.920320 11.470320 11.470320
441 22.238886 22.238886 -15.211114 -15.211114
442 22.238866 22.238866 -15.211134 -15.211134
444 22.238858 22.238858 -15.211142 -15.211142
446 22.238844 22.238844 -15.211156 -15.211156
447 22.238820 22.238820 -15.211180 -15.211180
449 22.238776 22.238776 -15.211224 -15.211224
120000 5912071580557642162741885578132661777680830690160434758025216.000000 22.238776 5912071580557642162741885578132661777680830690160434758025216.000000 -15.211224
"function evaluation" "current f(x)" "best-so-far f(x)" "current af(x)+b"  "best af(x)+b"
1 143.451583 143.451583 106.001583 106.001583
2 143.451563 143.451563 106.001563 106.001563
4 143.451555 143.451555 106.001555 106.001555
6 143.451541 143.451541 106.001541 106.001541
7 143.451517 143.451517 106.001517 106.001517
9 143.451473 143.451473 106.001473 106.001473
11 125.481655 125.481655 88.031655 88.031655
12 125.481635 125.481635 88.031635 88.031635
14 125.481627 125.481627 88.031627 88.031627
16 125.481613 125.481613 88.031613 88.031613
17 125.481588 125.481588 88.031588 88.031588
19 125.481545 125.481545 88.031545 88.031545
21 54.189355 54.189355 16.739355 16.739355
22 54.189335 54.189335 16.739335 16.739335
24 54.189327 54.189327 16.739327 16.739327
26 54.189313 54.189313 16.739313 16.739313
27 54.189288 54.189288 16.739288 16.739288
29 54.189245 54.189245 16.739245 16.739245
181 41.938995 41.938995 4.488995 4.488995
182 41.938975 41.938975 4.488975 4.488975
184 41.938967 41.938967 4.488967 4.488967
186 41.938954 41.938954 4.488954 4.488954
187 41.938929 41.938929 4.488929 4.488929
189 41.938885 41.938885 4.488885 4.488885
120000 8854865342472136311450458461206125795968783665716355137536000.000000 41.938885 8854865342472136311450458461206125795968783665716355137536000.000000 4.488885
