"function evaluation" "current f(x)" "best-so-far f(x)" "current af(x)+b"  "best af(x)+b"
1 464.761277 464.761277 2.671277 2.671277
2 464.171828 464.171828 2.081828 2.081828
6 463.899975 463.899975 1.809975 1.809975
11 423.568206 423.568206 -38.521794 -38.521794
13 423.410409 423.410409 -38.679591 -38.679591
15 423.282236 423.282236 -38.807764 -38.807764
18 423.093091 423.093091 -38.996909 -38.996909
20 422.251415 422.251415 -39.838585 -39.838585
21 245.603658 245.603658 -216.486342 -216.486342
26 245.181771 245.181771 -216.908229 -216.908229
27 243.642750 243.642750 -218.447250 -218.447250
31 156.342630 156.342630 -305.747370 -305.747370
38 156.001992 156.001992 -306.088008 -306.088008
81 67.985152 67.985152 -394.104848 -394.104848
82 67.565431 67.565431 -394.524569 -394.524569
87 66.984382 66.984382 -395.105618 -395.105618
645 63.206461 63.206461 -398.883539 -398.883539
914 39.980717 39.980717 -422.109283 -422.109283
1591 39.858410 39.858410 -422.231590 -422.231590
1593 39.770039 39.770039 -422.319961 -422.319961
1595 39.166925 39.166925 -422.923075 -422.923075
135000 255.355331 39.166925 255.355331 -422.923075
"function evaluation" "current f(x)" "best-so-far f(x)" "current af(x)+b"  "best af(x)+b"
1 287.203074 287.203074 -174.886926 -174.886926
3 286.852494 286.852494 -175.237506 -175.237506
10 286.748248 286.748248 -175.341752 -175.341752
21 240.167058 240.167058 -221.922942 -221.922942
25 240.141155 240.141155 -221.948845 -221.948845
27 238.923035 238.923035 -223.166965 -223.166965
31 183.256523 183.256523 -278.833477 -278.833477
37 183.175270 183.175270 -278.914730 -278.914730
40 182.732189 182.732189 -279.357811 -279.357811
101 152.231553 152.231553 -309.858447 -309.858447
102 151.791435 151.791435 -310.298565 -310.298565
103 151.726844 151.726844 -310.363156 -310.363156
201 137.041527 137.041527 -325.048473 -325.048473
202 136.908742 136.908742 -325.181258 -325.181258
204 136.810324 136.810324 -325.279676 -325.279676
206 136.619906 136.619906 -325.470094 -325.470094
208 136.590409 136.590409 -325.499591 -325.499591
209 136.470490 136.470490 -325.619510 -325.619510
211 71.292360 71.292360 -390.797640 -390.797640
215 70.804911 70.804911 -391.285089 -391.285089
220 70.767515 70.767515 -391.322485 -391.322485
864 47.021277 47.021277 -415.068723 -415.068723
1561 47.004310 47.004310 -415.085690 -415.085690
1564 46.754885 46.754885 -415.335115 -415.335115
1565 46.565464 46.565464 -415.524536 -415.524536
1568 46.515650 46.515650 -415.574350 -415.574350
2213 44.683512 44.683512 -417.406488 -417.406488
2218 35.499886 35.499886 -426.590114 -426.590114
2912 35.481586 35.481586 -426.608414 -426.608414
2913 35.152066 35.152066 -426.937934 -426.937934
2916 34.690585 34.690585 -427.399415 -427.399415
2920 34.425776 34.425776 -427.664224 -427.664224
135000 334.800440 34.425776 334.800440 -427.664224
"function evaluation" "current f(x)" "best-so-far f(x)" "current af(x)+b"  "best af(x)+b"
1 609.570596 609.570596 147.480596 147.480596
2 609.163313 609.163313 147.073313 147.073313
11 130.736439 130.736439 -331.353561 -331.353561
14 130.564059 130.564059 -331.525941 -331.525941
16 130.453128 130.453128 -331.636872 -331.636872
31 83.816318 83.816318 -378.273682 -378.273682
38 83.452995 83.452995 -378.637005 -378.637005
40 83.089457 83.089457 -379.000543 -379.000543
552 36.337531 36.337531 -425.752469 -425.752469
1381 36.240672 36.240672 -425.849328 -425.849328
1383 36.190527 36.190527 -425.899473 -425.899473
1387 35.578454 35.578454 -426.511546 -426.511546
135000 486.510124 35.578454 486.510124 -426.511546
"function evaluation" "current f(x)" "best-so-far f(x)" "current af(x)+b"  "best af(x)+b"
1 246.254879 246.254879 323.914879 323.914879
2 245.897224 245.897224 323.557224 323.557224
4 245.675892 245.675892 323.335892 323.335892
5 245.622583 245.622583 323.282583 323.282583
9 244.443902 244.443902 322.103902 322.103902
71 193.481848 193.481848 271.141848 271.141848
73 192.704685 192.704685 270.364685 270.364685
80 191.791159 191.791159 269.451159 269.451159
81 186.847464 186.847464 264.507464 264.507464
84 186.619801 186.619801 264.279801 264.279801
85 186.347664 186.347664 264.007664 264.007664
88 186.208393 186.208393 263.868393 263.868393
141 133.733547 133.733547 211.393547 211.393547
146 133.308213 133.308213 210.968213 210.968213
341 105.583512 105.583512 183.243512 183.243512
342 105.288502 105.288502 182.948502 182.948502
343 105.153072 105.153072 182.813072 182.813072
346 104.515812 104.515812 182.175812 182.175812
350 104.037987 104.037987 181.697987 181.697987
431 89.909552 89.909552 167.569552 167.569552
432 89.430415 89.430415 167.090415 167.090415
433 88.926237 88.926237 166.586237 166.586237
438 88.525094 88.525094 166.185094 166.185094
1234 85.874731 85.874731 163.534731 163.534731
1237 62.675033 62.675033 140.335033 140.335033
1243 49.532578 49.532578 127.192578 127.192578
1782 49.252982 49.252982 126.912982 126.912982
1784 49.000892 49.000892 126.660892 126.660892
2089 46.570741 46.570741 124.230741 124.230741
2841 46.443868 46.443868 124.103868 124.103868
2843 46.276792 46.276792 123.936792 123.936792
2845 46.200027 46.200027 123.860027 123.860027
2847 46.100858 46.100858 123.760858 123.760858
2849 45.401503 45.401503 123.061503 123.061503
135000 184.275209 45.401503 184.275209 123.061503
"function evaluation" "current f(x)" "best-so-far f(x)" "current af(x)+b"  "best af(x)+b"
1 527.049103 527.049103 604.709103 604.709103
2 527.029604 527.029604 604.689604 604.689604
3 526.512015 526.512015 604.172015 604.172015
5 526.383431 526.383431 604.043431 604.043431
7 526.334010 526.334010 603.994010 603.994010
9 522.075261 522.075261 599.735261 599.735261
11 399.611477 399.611477 477.271477 477.271477
18 399.209155 399.209155 476.869155 476.869155
19 398.830758 398.830758 476.490758 476.490758
21 172.165213 172.165213 249.825213 249.825213
22 171.505490 171.505490 249.165490 249.165490
25 171.353480 171.353480 249.013480 249.013480
171 126.002367 126.002367 203.662367 203.662367
173 125.905205 125.905205 203.565205 203.565205
176 125.734435 125.734435 203.394435 203.394435
178 125.410797 125.410797 203.070797 203.070797
790 108.227654 108.227654 185.887654 185.887654
794 108.136944 108.136944 185.796944 185.796944
796 108.136787 108.136787 185.796787 185.796787
798 100.876812 100.876812 178.536812 178.536812
1522 100.535494 100.535494 178.195494 178.195494
1530 99.869446 99.869446 177.529446 177.529446
2568 99.171677 99.171677 176.831677 176.831677
2573 87.738985 87.738985 165.398985 165.398985
3122 87.410027 87.410027 165.070027 165.070027
3127 87.056049 87.056049 164.716049 164.716049
3129 86.540811 86.540811 164.200811 164.200811
3313 58.550097 58.550097 136.210097 136.210097
4111 58.440690 58.440690 136.100690 136.100690
4116 58.361893 58.361893 136.021893 136.021893
4119 58.181731 58.181731 135.841731 135.841731
24335 57.876509 57.876509 135.536509 135.536509
24337 56.762441 56.762441 134.422441 134.422441
51101 48.431361 48.431361 126.091361 126.091361
51681 48.389322 48.389322 126.049322 126.049322
51684 48.340910 48.340910 126.000910 126.000910
51685 48.326009 48.326009 125.986009 125.986009
51688 48.228221 48.228221 125.888221 125.888221
51689 47.751614 47.751614 125.411614 125.411614
135000 216.470581 47.751614 216.470581 125.411614
"function evaluation" "current f(x)" "best-so-far f(x)" "current af(x)+b"  "best af(x)+b"
1 1158.045214 1158.045214 1235.705214 1235.705214
4 1157.661300 1157.661300 1235.321300 1235.321300
6 1157.414748 1157.414748 1235.074748 1235.074748
8 1156.864012 1156.864012 1234.524012 1234.524012
9 1153.770834 1153.770834 1231.430834 1231.430834
11 307.184146 307.184146 384.844146 384.844146
12 306.660068 306.660068 384.320068 384.320068
15 305.845087 305.845087 383.505087 383.505087
21 97.370965 97.370965 175.030965 175.030965
22 96.737538 96.737538 174.397538 174.397538
30 96.428016 96.428016 174.088016 174.088016
301 89.494263 89.494263 167.154263 167.154263
302 89.024985 89.024985 166.684985 166.684985
303 88.720323 88.720323 166.380323 166.380323
306 88.689418 88.689418 166.349418 166.349418
308 88.207295 88.207295 165.867295 165.867295
535 70.151482 70.151482 147.811482 147.811482
1372 69.818890 69.818890 147.478890 147.478890
1380 69.019613 69.019613 146.679613 146.679613
3443 68.606690 68.606690 146.266690 146.266690
3630 58.357164 58.357164 136.017164 136.017164
4302 58.108312 58.108312 135.768312 135.768312
4305 57.830882 57.830882 135.490882 135.490882
4309 56.317738 56.317738 133.977738 133.977738
12054 53.813898 53.813898 131.473898 131.473898
12591 53.747759 53.747759 131.407759 131.407759
12594 53.326387 53.326387 130.986387 130.986387
15827 33.624243 33.624243 111.284243 111.284243
16481 33.430710 33.430710 111.090710 111.090710
16483 33.408980 33.408980 111.068980 111.068980
16486 33.222655 33.222655 110.882655 110.882655
16490 32.769721 32.769721 110.429721 110.429721
83013 29.322344 29.322344 106.982344 106.982344
83791 29.194269 29.194269 106.854269 106.854269
83794 29.135770 29.135770 106.795770 106.795770
83800 28.391558 28.391558 106.051558 106.051558
135000 227.060967 28.391558 227.060967 106.051558
"function evaluation" "current f(x)" "best-so-far f(x)" "current af(x)+b"  "best af(x)+b"
1 289.578336 289.578336 405.258336 405.258336
3 288.902546 288.902546 404.582546 404.582546
5 288.360999 288.360999 404.040999 404.040999
11 281.991412 281.991412 397.671412 397.671412
14 281.721663 281.721663 397.401663 397.401663
19 280.926064 280.926064 396.606064 396.606064
81 259.047167 259.047167 374.727167 374.727167
82 258.424554 258.424554 374.104554 374.104554
83 258.088582 258.088582 373.768582 373.768582
90 257.920771 257.920771 373.600771 373.600771
121 226.119591 226.119591 341.799591 341.799591
124 225.806208 225.806208 341.486208 341.486208
125 224.845927 224.845927 340.525927 340.525927
151 173.509242 173.509242 289.189242 289.189242
152 173.036467 173.036467 288.716467 288.716467
155 172.048188 172.048188 287.728188 287.728188
160 171.893347 171.893347 287.573347 287.573347
211 158.156596 158.156596 273.836596 273.836596
214 158.026084 158.026084 273.706084 273.706084
216 157.736513 157.736513 273.416513 273.416513
218 157.298668 157.298668 272.978668 272.978668
261 125.123171 125.123171 240.803171 240.803171
264 124.716350 124.716350 240.396350 240.396350
265 123.995455 123.995455 239.675455 239.675455
421 72.701069 72.701069 188.381069 188.381069
425 72.662538 72.662538 188.342538 188.342538
429 71.635013 71.635013 187.315013 187.315013
947 59.512159 59.512159 175.192159 175.192159
1611 59.511566 59.511566 175.191566 175.191566
1613 59.338553 59.338553 175.018553 175.018553
1618 58.959893 58.959893 174.639893 174.639893
2215 46.207554 46.207554 161.887554 161.887554
2912 46.181078 46.181078 161.861078 161.861078
2914 45.697425 45.697425 161.377425 161.377425
135000 193.658691 45.697425 193.658691 161.377425
"function evaluation" "current f(x)" "best-so-far f(x)" "current af(x)+b"  "best af(x)+b"
1 2795.623845 2795.623845 2911.303845 2911.303845
2 2794.936406 2794.936406 2910.616406 2910.616406
3 2794.816396 2794.816396 2910.496396 2910.496396
6 2794.634125 2794.634125 2910.314125 2910.314125
8 2794.406293 2794.406293 2910.086293 2910.086293
9 2790.253606 2790.253606 2905.933606 2905.933606
11 308.600743 308.600743 424.280743 424.280743
12 308.161278 308.161278 423.841278 423.841278
13 308.149076 308.149076 423.829076 423.829076
16 307.896877 307.896877 423.576877 423.576877
17 307.449367 307.449367 423.129367 423.129367
71 135.867581 135.867581 251.547581 251.547581
72 135.233026 135.233026 250.913026 250.913026
73 134.983829 134.983829 250.663829 250.663829
75 134.891148 134.891148 250.571148 250.571148
251 53.890395 53.890395 169.570395 169.570395
252 53.298956 53.298956 168.978956 168.978956
255 53.134789 53.134789 168.814789 168.814789
259 53.043370 53.043370 168.723370 168.723370
2282 51.312523 51.312523 166.992523 166.992523
2951 50.903275 50.903275 166.583275 166.583275
2954 50.619078 50.619078 166.299078 166.299078
99598 48.203147 48.203147 163.883147 163.883147
100221 48.171231 48.171231 163.851231 163.851231
100224 47.950458 47.950458 163.630458 163.630458
100225 47.794460 47.794460 163.474460 163.474460
135000 191.157447 47.794460 191.157447 163.474460
"function evaluation" "current f(x)" "best-so-far f(x)" "current af(x)+b"  "best af(x)+b"
1 4796.921506 4796.921506 4912.601506 4912.601506
3 4796.422511 4796.422511 4912.102511 4912.102511
9 4781.401178 4781.401178 4897.081178 4897.081178
11 432.145877 432.145877 547.825877 547.825877
13 431.939583 431.939583 547.619583 547.619583
15 431.493345 431.493345 547.173345 547.173345
17 431.123175 431.123175 546.803175 546.803175
19 428.389035 428.389035 544.069035 544.069035
31 283.133085 283.133085 398.813085 398.813085
32 282.909688 282.909688 398.589688 398.589688
33 282.256279 282.256279 397.936279 397.936279
35 281.823386 281.823386 397.503386 397.503386
41 267.633590 267.633590 383.313590 383.313590
43 267.560236 267.560236 383.240236 383.240236
45 267.191252 267.191252 382.871252 382.871252
49 266.838913 266.838913 382.518913 382.518913
51 222.282328 222.282328 337.962328 337.962328
52 221.961147 221.961147 337.641147 337.641147
55 221.840745 221.840745 337.520745 337.520745
57 221.701968 221.701968 337.381968 337.381968
60 220.508366 220.508366 336.188366 336.188366
131 111.211020 111.211020 226.891020 226.891020
132 110.878644 110.878644 226.558644 226.558644
133 110.827934 110.827934 226.507934 226.507934
136 110.770689 110.770689 226.450689 226.450689
138 109.711279 109.711279 225.391279 225.391279
141 82.029712 82.029712 197.709712 197.709712
142 81.828729 81.828729 197.508729 197.508729
143 81.223523 81.223523 196.903523 196.903523
291 60.107806 60.107806 175.787806 175.787806
292 60.019959 60.019959 175.699959 175.699959
294 59.991606 59.991606 175.671606 175.671606
296 59.986050 59.986050 175.666050 175.666050
298 59.122226 59.122226 174.802226 174.802226
1002 51.441400 51.441400 167.121400 167.121400
1003 47.263048 47.263048 162.943048 162.943048
1641 47.233953 47.233953 162.913953 162.913953
1643 47.124776 47.124776 162.804776 162.804776
1646 46.294676 46.294676 161.974676 161.974676
1987 40.278655 40.278655 155.958655 155.958655
2782 40.092582 40.092582 155.772582 155.772582
2784 39.960889 39.960889 155.640889 155.640889
2787 39.612222 39.612222 155.292222 155.292222
135000 78.450694 39.612222 78.450694 155.292222
"function evaluation" "current f(x)" "best-so-far f(x)" "current af(x)+b"  "best af(x)+b"
1 234.903475 234.903475 231.193475 231.193475
6 234.358764 234.358764 230.648764 230.648764
8 234.155945 234.155945 230.445945 230.445945
111 178.675232 178.675232 174.965232 174.965232
112 178.213123 178.213123 174.503123 174.503123
118 177.585275 177.585275 173.875275 173.875275
231 174.366150 174.366150 170.656150 170.656150
232 173.911699 173.911699 170.201699 170.201699
235 173.878865 173.878865 170.168865 170.168865
238 173.793216 173.793216 170.083216 170.083216
240 173.616970 173.616970 169.906970 169.906970
241 123.267148 123.267148 119.557148 119.557148
243 122.693840 122.693840 118.983840 118.983840
249 122.094277 122.094277 118.384277 118.384277
351 85.067414 85.067414 81.357414 81.357414
352 84.680945 84.680945 80.970945 80.970945
354 84.365248 84.365248 80.655248 80.655248
919 69.541964 69.541964 65.831964 65.831964
1592 69.314336 69.314336 65.604336 65.604336
1596 69.166359 69.166359 65.456359 65.456359
1598 68.525990 68.525990 64.815990 64.815990
1600 68.130246 68.130246 64.420246 64.420246
2302 53.668411 53.668411 49.958411 49.958411
2449 29.496456 29.496456 25.786456 25.786456
2453 21.634088 21.634088 17.924088 17.924088
3051 21.432738 21.432738 17.722738 17.722738
3055 21.313859 21.313859 17.603859 17.603859
135000 140.843934 21.313859 140.843934 17.603859
"function evaluation" "current f(x)" "best-so-far f(x)" "current af(x)+b"  "best af(x)+b"
1 568.999671 568.999671 565.289671 565.289671
2 568.484837 568.484837 564.774837 564.774837
3 567.675468 567.675468 563.965468 563.965468
10 567.471691 567.471691 563.761691 563.761691
11 339.355260 339.355260 335.645260 335.645260
12 338.890886 338.890886 335.180886 335.180886
18 338.303754 338.303754 334.593754 334.593754
20 338.281393 338.281393 334.571393 334.571393
31 80.371571 80.371571 76.661571 76.661571
32 79.801558 79.801558 76.091558 76.091558
33 79.581396 79.581396 75.871396 75.871396
40 79.163785 79.163785 75.453785 75.453785
554 55.583056 55.583056 51.873056 51.873056
1108 46.380344 46.380344 42.670344 42.670344
1702 46.294331 46.294331 42.584331 42.584331
1706 46.232925 46.232925 42.522925 42.522925
1708 45.521179 45.521179 41.811179 41.811179
1908 44.078552 44.078552 40.368552 40.368552
2731 43.778719 43.778719 40.068719 40.068719
2734 43.716174 43.716174 40.006174 40.006174
2736 43.403070 43.403070 39.693070 39.693070
127675 36.422761 36.422761 32.712761 32.712761
128415 36.322462 36.322462 32.612462 32.612462
128419 35.749495 35.749495 32.039495 32.039495
135000 167.748080 35.749495 167.748080 32.039495
"function evaluation" "current f(x)" "best-so-far f(x)" "current af(x)+b"  "best af(x)+b"
1 643.445066 643.445066 639.735066 639.735066
2 643.341271 643.341271 639.631271 639.631271
3 643.324859 643.324859 639.614859 639.614859
5 643.256332 643.256332 639.546332 639.546332
8 642.052517 642.052517 638.342517 638.342517
21 276.886194 276.886194 273.176194 273.176194
22 276.876326 276.876326 273.166326 273.166326
24 276.770941 276.770941 273.060941 273.060941
26 276.350151 276.350151 272.640151 272.640151
30 275.632917 275.632917 271.922917 271.922917
31 206.202528 206.202528 202.492528 202.492528
32 205.674537 205.674537 201.964537 201.964537
33 205.428832 205.428832 201.718832 201.718832
35 205.308149 205.308149 201.598149 201.598149
41 174.480114 174.480114 170.770114 170.770114
48 173.438093 173.438093 169.728093 169.728093
111 143.982404 143.982404 140.272404 140.272404
120 143.434642 143.434642 139.724642 139.724642
191 125.895333 125.895333 122.185333 122.185333
192 125.203737 125.203737 121.493737 121.493737
199 124.910308 124.910308 121.200308 121.200308
351 110.439846 110.439846 106.729846 106.729846
352 109.770000 109.770000 106.060000 106.060000
353 109.612513 109.612513 105.902513 105.902513
356 109.396392 109.396392 105.686392 105.686392
359 108.904556 108.904556 105.194556 105.194556
1096 63.894647 63.894647 60.184647 60.184647
1347 48.173629 48.173629 44.463629 44.463629
1841 47.855742 47.855742 44.145742 44.145742
1845 47.679270 47.679270 43.969270 43.969270
1848 47.669698 47.669698 43.959698 43.959698
2456 23.707449 23.707449 19.997449 19.997449
3052 23.655522 23.655522 19.945522 19.945522
3058 23.211290 23.211290 19.501290 19.501290
3059 22.771158 22.771158 19.061158 19.061158
135000 482.785858 22.771158 482.785858 19.061158
"function evaluation" "current f(x)" "best-so-far f(x)" "current af(x)+b"  "best af(x)+b"
1 127.487471 127.487471 259.667471 259.667471
10 127.148428 127.148428 259.328428 259.328428
111 126.477785 126.477785 258.657785 258.657785
114 126.376317 126.376317 258.556317 258.556317
116 125.950768 125.950768 258.130768 258.130768
381 119.774019 119.774019 251.954019 251.954019
385 119.764574 119.764574 251.944574 251.944574
387 119.740311 119.740311 251.920311 251.920311
390 118.730737 118.730737 250.910737 250.910737
401 88.733956 88.733956 220.913956 220.913956
403 88.627357 88.627357 220.807357 220.807357
405 88.484302 88.484302 220.664302 220.664302
408 88.398551 88.398551 220.578551 220.578551
409 88.034480 88.034480 220.214480 220.214480
1151 87.523422 87.523422 219.703422 219.703422
1181 78.908835 78.908835 211.088835 211.088835
1189 75.707332 75.707332 207.887332 207.887332
1190 47.824329 47.824329 180.004329 180.004329
1751 47.720856 47.720856 179.900856 179.900856
1753 47.645036 47.645036 179.825036 179.825036
1756 47.589310 47.589310 179.769310 179.769310
1758 47.455930 47.455930 179.635930 179.635930
1759 47.077513 47.077513 179.257513 179.257513
135000 279.738603 47.077513 279.738603 179.257513
"function evaluation" "current f(x)" "best-so-far f(x)" "current af(x)+b"  "best af(x)+b"
1 624.956983 624.956983 757.136983 757.136983
4 624.901874 624.901874 757.081874 757.081874
6 624.339801 624.339801 756.519801 756.519801
10 624.309975 624.309975 756.489975 756.489975
21 259.806614 259.806614 391.986614 391.986614
22 259.540569 259.540569 391.720569 391.720569
23 259.506051 259.506051 391.686051 391.686051
25 259.418880 259.418880 391.598880 391.598880
27 257.153309 257.153309 389.333309 389.333309
31 256.552897 256.552897 388.732897 388.732897
33 256.172519 256.172519 388.352519 388.352519
39 255.537173 255.537173 387.717173 387.717173
171 220.342947 220.342947 352.522947 352.522947
176 220.120156 220.120156 352.300156 352.300156
178 219.916324 219.916324 352.096324 352.096324
179 219.731808 219.731808 351.911808 351.911808
181 207.374083 207.374083 339.554083 339.554083
182 207.054143 207.054143 339.234143 339.234143
184 206.815617 206.815617 338.995617 338.995617
186 206.795418 206.795418 338.975418 338.975418
190 205.622234 205.622234 337.802234 337.802234
221 175.631896 175.631896 307.811896 307.811896
222 175.094084 175.094084 307.274084 307.274084
311 140.932197 140.932197 273.112197 273.112197
317 140.616941 140.616941 272.796941 272.796941
1031 135.982373 135.982373 268.162373 268.162373
1661 135.815997 135.815997 267.995997 267.995997
1664 135.576356 135.576356 267.756356 267.756356
1666 135.519719 135.519719 267.699719 267.699719
1668 135.468590 135.468590 267.648590 267.648590
1944 134.682279 134.682279 266.862279 266.862279
2161 127.977929 127.977929 260.157929 260.157929
2168 120.495688 120.495688 252.675688 252.675688
2233 94.879862 94.879862 227.059862 227.059862
2922 94.575731 94.575731 226.755731 226.755731
2926 94.278496 94.278496 226.458496 226.458496
2930 94.172906 94.172906 226.352906 226.352906
3498 88.288903 88.288903 220.468903 220.468903
3787 71.968937 71.968937 204.148937 204.148937
4391 71.939894 71.939894 204.119894 204.119894
4393 71.824778 71.824778 204.004778 204.004778
4396 71.719524 71.719524 203.899524 203.899524
4397 70.861643 70.861643 203.041643 203.041643
4399 70.621001 70.621001 202.801001 202.801001
14607 44.406730 44.406730 176.586730 176.586730
15202 44.022967 44.022967 176.202967 176.202967
15206 43.806213 43.806213 175.986213 175.986213
15207 43.576134 43.576134 175.756134 175.756134
135000 150.536031 43.576134 150.536031 175.756134
"function evaluation" "current f(x)" "best-so-far f(x)" "current af(x)+b"  "best af(x)+b"
1 676.157372 676.157372 808.337372 808.337372
2 675.776501 675.776501 807.956501 807.956501
4 675.483391 675.483391 807.663391 807.663391
6 675.167207 675.167207 807.347207 807.347207
21 158.582431 158.582431 290.762431 290.762431
29 158.247364 158.247364 290.427364 290.427364
81 155.994980 155.994980 288.174980 288.174980
84 155.983403 155.983403 288.163403 288.163403
85 155.651131 155.651131 287.831131 287.831131
141 93.889814 93.889814 226.069814 226.069814
142 93.389836 93.389836 225.569836 225.569836
143 93.297754 93.297754 225.477754 225.477754
147 92.524759 92.524759 224.704759 224.704759
739 36.693158 36.693158 168.873158 168.873158
1491 36.435749 36.435749 168.615749 168.615749
1496 36.424753 36.424753 168.604753 168.604753
1498 36.184470 36.184470 168.364470 168.364470
135000 231.047975 36.184470 231.047975 168.364470
