"function evaluation" "current f(x)" "best-so-far f(x)" "current af(x)+b"  "best af(x)+b"
1 110.156740 110.156740 100.946740 100.946740
2 110.146740 110.146740 100.936740 100.936740
4 110.142849 110.142849 100.932849 100.932849
6 110.135929 110.135929 100.925929 100.925929
8 110.123623 110.123623 100.913623 100.913623
9 110.101740 110.101740 100.891740 100.891740
11 52.229517 52.229517 43.019517 43.019517
12 52.219517 52.219517 43.009517 43.009517
14 52.215626 52.215626 43.005626 43.005626
16 52.208706 52.208706 42.998706 42.998706
18 52.196400 52.196400 42.986400 42.986400
19 52.174517 52.174517 42.964517 42.964517
41 45.840865 45.840865 36.630865 36.630865
42 45.830865 45.830865 36.620865 36.620865
44 45.826974 45.826974 36.616974 36.616974
46 45.820054 45.820054 36.610054 36.610054
48 45.807748 45.807748 36.597748 36.597748
49 45.785865 45.785865 36.575865 36.575865
351 37.484037 37.484037 28.274037 28.274037
352 37.474037 37.474037 28.264037 28.264037
354 37.470145 37.470145 28.260145 28.260145
356 37.463225 37.463225 28.253225 28.253225
358 37.450920 37.450920 28.240920 28.240920
359 37.429037 37.429037 28.219037 28.219037
571 33.439699 33.439699 24.229699 24.229699
952 32.172990 32.172990 22.962990 22.962990
1096 30.642165 30.642165 21.432165 21.432165
1101 30.391275 30.391275 21.181275 21.181275
1102 29.514976 29.514976 20.304976 20.304976
1103 29.300934 29.300934 20.090934 20.090934
1702 29.295934 29.295934 20.085934 20.085934
1704 29.292042 29.292042 20.082042 20.082042
1706 29.285122 29.285122 20.075122 20.075122
1708 29.272817 29.272817 20.062817 20.062817
1872 27.539960 27.539960 18.329960 18.329960
2296 25.793315 25.793315 16.583315 16.583315
2480 25.037386 25.037386 15.827386 15.827386
2482 22.052367 22.052367 12.842367 12.842367
3072 22.047367 22.047367 12.837367 12.837367
3074 22.043476 22.043476 12.833476 12.833476
3076 22.036556 22.036556 12.826556 12.826556
3078 22.024250 22.024250 12.814250 12.814250
3218 3.268877 3.268877 -5.941123 -5.941123
3220 3.040886 3.040886 -6.169114 -6.169114
3798 0.845331 0.845331 -8.364669 -8.364669
4402 0.840331 0.840331 -8.369669 -8.369669
4404 0.836439 0.836439 -8.373561 -8.373561
4829 0.000000 0.000000 -9.210000 -9.210000
135000 0.000000 0.000000 0.000000 -9.210000
"function evaluation" "current f(x)" "best-so-far f(x)" "current af(x)+b"  "best af(x)+b"
1 85.286363 85.286363 76.076363 76.076363
2 85.276363 85.276363 76.066363 76.066363
4 85.272472 85.272472 76.062472 76.062472
6 85.265552 85.265552 76.055552 76.055552
8 85.253246 85.253246 76.043246 76.043246
9 85.231363 85.231363 76.021363 76.021363
11 62.647682 62.647682 53.437682 53.437682
12 62.637682 62.637682 53.427682 53.427682
14 62.633791 62.633791 53.423791 53.423791
16 62.626871 62.626871 53.416871 53.416871
18 62.614565 62.614565 53.404565 53.404565
19 62.592682 62.592682 53.382682 53.382682
121 58.020561 58.020561 48.810561 48.810561
122 58.010561 58.010561 48.800561 48.800561
124 58.006670 58.006670 48.796670 48.796670
126 57.999750 57.999750 48.789750 48.789750
128 57.987444 57.987444 48.777444 48.777444
129 57.965561 57.965561 48.755561 48.755561
151 46.964590 46.964590 37.754590 37.754590
152 46.954590 46.954590 37.744590 37.744590
154 46.950698 46.950698 37.740698 37.740698
156 46.943778 46.943778 37.733778 37.733778
158 46.931473 46.931473 37.721473 37.721473
159 46.909590 46.909590 37.699590 37.699590
712 45.999343 45.999343 36.789343 36.789343
756 41.441481 41.441481 32.231481 32.231481
758 39.826654 39.826654 30.616654 30.616654
759 39.033822 39.033822 29.823822 29.823822
760 33.420880 33.420880 24.210880 24.210880
762 33.321517 33.321517 24.111517 24.111517
766 32.296748 32.296748 23.086748 23.086748
1502 32.291748 32.291748 23.081748 23.081748
1504 32.287856 32.287856 23.077856 23.077856
1506 32.280936 32.280936 23.070936 23.070936
1508 32.268630 32.268630 23.058630 23.058630
1509 32.246748 32.246748 23.036748 23.036748
2110 31.586854 31.586854 22.376854 22.376854
2852 31.581854 31.581854 22.371854 22.371854
2854 31.577962 31.577962 22.367962 22.367962
2856 31.571042 31.571042 22.361042 22.361042
2859 31.536854 31.536854 22.326854 22.326854
3204 31.359337 31.359337 22.149337 22.149337
3206 21.682595 21.682595 12.472595 12.472595
3208 17.012080 17.012080 7.802080 7.802080
3218 14.786270 14.786270 5.576270 5.576270
3223 12.947285 12.947285 3.737285 3.737285
3226 7.167443 7.167443 -2.042557 -2.042557
3227 3.517065 3.517065 -5.692935 -5.692935
3228 2.022969 2.022969 -7.187031 -7.187031
4062 2.017969 2.017969 -7.192031 -7.192031
4064 2.014078 2.014078 -7.195922 -7.195922
4576 1.646148 1.646148 -7.563852 -7.563852
4581 0.411490 0.411490 -8.798510 -8.798510
5329 0.000000 0.000000 -9.210000 -9.210000
135000 0.000000 0.000000 0.000000 -9.210000
"function evaluation" "current f(x)" "best-so-far f(x)" "current af(x)+b"  "best af(x)+b"
1 118.929460 118.929460 109.719460 109.719460
2 118.919460 118.919460 109.709460 109.709460
4 118.915568 118.915568 109.705568 109.705568
6 118.908648 118.908648 109.698648 109.698648
8 118.896342 118.896342 109.686342 109.686342
9 118.874460 118.874460 109.664460 109.664460
21 48.017918 48.017918 38.807918 38.807918
22 48.007918 48.007918 38.797918 38.797918
24 48.004026 48.004026 38.794026 38.794026
26 47.997106 47.997106 38.787106 38.787106
28 47.984801 47.984801 38.774801 38.774801
29 47.962918 47.962918 38.752918 38.752918
31 41.218431 41.218431 32.008431 32.008431
32 41.208431 41.208431 31.998431 31.998431
34 41.204540 41.204540 31.994540 31.994540
36 41.197620 41.197620 31.987620 31.987620
38 41.185314 41.185314 31.975314 31.975314
39 41.163431 41.163431 31.953431 31.953431
211 39.176445 39.176445 29.966445 29.966445
212 39.166445 39.166445 29.956445 29.956445
214 39.162554 39.162554 29.952554 29.952554
216 39.155634 39.155634 29.945634 29.945634
218 39.143328 39.143328 29.933328 29.933328
219 39.121445 39.121445 29.911445 29.911445
535 38.140566 38.140566 28.930566 28.930566
541 37.678758 37.678758 28.468758 28.468758
544 36.816815 36.816815 27.606815 27.606815
552 36.377050 36.377050 27.167050 27.167050
554 29.811927 29.811927 20.601927 20.601927
860 29.578848 29.578848 20.368848 20.368848
1562 29.573848 29.573848 20.363848 20.363848
1564 29.569957 29.569957 20.359957 20.359957
1566 29.563037 29.563037 20.353037 20.353037
1568 29.550731 29.550731 20.340731 20.340731
1902 23.248764 23.248764 14.038764 14.038764
1909 21.421969 21.421969 12.211969 12.211969
2734 21.413078 21.413078 12.203078 12.203078
2738 21.393852 21.393852 12.183852 12.183852
3237 18.977032 18.977032 9.767032 9.767032
3241 17.500017 17.500017 8.290017 8.290017
3242 4.273831 4.273831 -4.936169 -4.936169
3244 4.220843 4.220843 -4.989157 -4.989157
3248 3.416585 3.416585 -5.793415 -5.793415
4072 3.411585 3.411585 -5.798415 -5.798415
4074 3.407694 3.407694 -5.802306 -5.802306
4079 3.366585 3.366585 -5.843415 -5.843415
4585 1.419150 1.419150 -7.790850 -7.790850
4587 1.083130 1.083130 -8.126870 -8.126870
4590 0.923339 0.923339 -8.286661 -8.286661
4921 0.403928 0.403928 -8.806072 -8.806072
5142 0.064920 0.064920 -9.145080 -9.145080
5742 0.059920 0.059920 -9.150080 -9.150080
6492 0.033064 0.033064 -9.176936 -9.176936
7092 0.028064 0.028064 -9.181936 -9.181936
7392 0.015742 0.015742 -9.194258 -9.194258
7400 0.000000 0.000000 -9.210000 -9.210000
135000 0.000000 0.000000 0.000000 -9.210000
"function evaluation" "current f(x)" "best-so-far f(x)" "current af(x)+b"  "best af(x)+b"
1 78.185229 78.185229 734.175229 734.175229
2 78.175229 78.175229 734.165229 734.165229
3 78.171338 78.171338 734.161338 734.161338
5 78.164418 78.164418 734.154418 734.154418
8 78.152112 78.152112 734.142112 734.142112
9 78.130229 78.130229 734.120229 734.120229
21 72.095036 72.095036 728.085036 728.085036
22 72.085036 72.085036 728.075036 728.075036
23 72.081145 72.081145 728.071145 728.071145
25 72.074225 72.074225 728.064225 728.064225
28 72.061919 72.061919 728.051919 728.051919
29 72.040036 72.040036 728.030036 728.030036
41 61.110357 61.110357 717.100357 717.100357
42 61.100357 61.100357 717.090357 717.090357
43 61.096466 61.096466 717.086466 717.086466
45 61.089546 61.089546 717.079546 717.079546
48 61.077240 61.077240 717.067240 717.067240
49 61.055357 61.055357 717.045357 717.045357
141 28.445717 28.445717 684.435717 684.435717
142 28.435717 28.435717 684.425717 684.425717
143 28.431826 28.431826 684.421826 684.421826
145 28.424906 28.424906 684.414906 684.414906
148 28.412600 28.412600 684.402600 684.402600
149 28.390717 28.390717 684.380717 684.380717
739 25.821975 25.821975 681.811975 681.811975
741 24.781230 24.781230 680.771230 680.771230
749 22.614959 22.614959 678.604959 678.604959
751 22.451721 22.451721 678.441721 678.441721
1492 22.446721 22.446721 678.436721 678.436721
1493 22.442830 22.442830 678.432830 678.432830
1498 22.423604 22.423604 678.413604 678.413604
1499 22.401721 22.401721 678.391721 678.391721
2089 22.298209 22.298209 678.288209 678.288209
2093 21.914293 21.914293 677.904293 677.904293
2094 21.251339 21.251339 677.241339 677.241339
2270 20.554132 20.554132 676.544132 676.544132
2942 20.549132 20.549132 676.539132 676.539132
2943 20.545241 20.545241 676.535241 676.535241
2945 20.538321 20.538321 676.528321 676.528321
2948 20.526015 20.526015 676.516015 676.516015
3201 14.725294 14.725294 670.715294 670.715294
3203 9.175274 9.175274 665.165274 665.165274
3206 5.472093 5.472093 661.462093 661.462093
3213 0.640521 0.640521 656.630521 656.630521
4052 0.635521 0.635521 656.625521 656.625521
4053 0.631629 0.631629 656.621629 656.621629
4554 0.260412 0.260412 656.250412 656.250412
4564 0.239421 0.239421 656.229421 656.229421
5402 0.234421 0.234421 656.224421 656.224421
5903 0.000000 0.000000 655.990000 655.990000
135000 2.414719 0.000000 2.414719 655.990000
"function evaluation" "current f(x)" "best-so-far f(x)" "current af(x)+b"  "best af(x)+b"
1 115.118067 115.118067 771.108067 771.108067
2 115.108067 115.108067 771.098067 771.098067
3 115.104175 115.104175 771.094175 771.094175
5 115.097255 115.097255 771.087255 771.087255
8 115.084949 115.084949 771.074949 771.074949
9 115.063067 115.063067 771.053067 771.053067
21 85.918038 85.918038 741.908038 741.908038
22 85.908038 85.908038 741.898038 741.898038
23 85.904146 85.904146 741.894146 741.894146
25 85.897226 85.897226 741.887226 741.887226
28 85.884921 85.884921 741.874921 741.874921
29 85.863038 85.863038 741.853038 741.853038
31 43.554108 43.554108 699.544108 699.544108
32 43.544108 43.544108 699.534108 699.534108
33 43.540217 43.540217 699.530217 699.530217
35 43.533297 43.533297 699.523297 699.523297
38 43.520991 43.520991 699.510991 699.510991
39 43.499108 43.499108 699.489108 699.489108
141 37.274034 37.274034 693.264034 693.264034
142 37.264034 37.264034 693.254034 693.254034
143 37.260142 37.260142 693.250142 693.250142
145 37.253222 37.253222 693.243222 693.243222
148 37.240917 37.240917 693.230917 693.230917
149 37.219034 37.219034 693.209034 693.209034
341 26.244371 26.244371 682.234371 682.234371
342 26.234371 26.234371 682.224371 682.224371
343 26.230480 26.230480 682.220480 682.220480
345 26.223560 26.223560 682.213560 682.213560
348 26.211254 26.211254 682.201254 682.201254
349 26.189371 26.189371 682.179371 682.179371
1079 17.964149 17.964149 673.954149 673.954149
1082 15.952956 15.952956 671.942956 671.942956
1692 15.947956 15.947956 671.937956 671.937956
1693 15.944065 15.944065 671.934065 671.934065
1695 15.937145 15.937145 671.927145 671.927145
1698 15.924839 15.924839 671.914839 671.914839
1699 15.902956 15.902956 671.892956 671.892956
2433 13.683318 13.683318 669.673318 669.673318
3042 13.678318 13.678318 669.668318 669.668318
3043 13.674427 13.674427 669.664427 669.664427
3045 13.667507 13.667507 669.657507 669.657507
3048 13.655201 13.655201 669.645201 669.645201
3049 13.633318 13.633318 669.623318 669.623318
3269 3.254851 3.254851 659.244851 659.244851
3274 2.333110 2.333110 658.323110 658.323110
3278 1.998109 1.998109 657.988109 657.988109
3281 0.407833 0.407833 656.397833 656.397833
3826 0.000000 0.000000 655.990000 655.990000
135000 0.000000 0.000000 0.000000 655.990000
"function evaluation" "current f(x)" "best-so-far f(x)" "current af(x)+b"  "best af(x)+b"
1 153.954357 153.954357 809.944357 809.944357
2 153.944357 153.944357 809.934357 809.934357
3 153.940466 153.940466 809.930466 809.930466
5 153.933546 153.933546 809.923546 809.923546
8 153.921240 153.921240 809.911240 809.911240
9 153.899357 153.899357 809.889357 809.889357
11 132.415560 132.415560 788.405560 788.405560
12 132.405560 132.405560 788.395560 788.395560
13 132.401668 132.401668 788.391668 788.391668
15 132.394748 132.394748 788.384748 788.384748
18 132.382443 132.382443 788.372443 788.372443
19 132.360560 132.360560 788.350560 788.350560
21 112.990905 112.990905 768.980905 768.980905
22 112.980905 112.980905 768.970905 768.970905
23 112.977014 112.977014 768.967014 768.967014
25 112.970094 112.970094 768.960094 768.960094
28 112.957788 112.957788 768.947788 768.947788
29 112.935905 112.935905 768.925905 768.925905
41 95.373281 95.373281 751.363281 751.363281
42 95.363281 95.363281 751.353281 751.353281
43 95.359390 95.359390 751.349390 751.349390
45 95.352470 95.352470 751.342470 751.342470
48 95.340164 95.340164 751.330164 751.330164
49 95.318281 95.318281 751.308281 751.308281
61 67.768655 67.768655 723.758655 723.758655
62 67.758655 67.758655 723.748655 723.748655
63 67.754763 67.754763 723.744763 723.744763
65 67.747843 67.747843 723.737843 723.737843
68 67.735538 67.735538 723.725538 723.725538
69 67.713655 67.713655 723.703655 723.703655
71 65.014963 65.014963 721.004963 721.004963
72 65.004963 65.004963 720.994963 720.994963
73 65.001071 65.001071 720.991071 720.991071
75 64.994151 64.994151 720.984151 720.984151
78 64.981846 64.981846 720.971846 720.971846
79 64.959963 64.959963 720.949963 720.949963
271 53.641891 53.641891 709.631891 709.631891
272 53.631891 53.631891 709.621891 709.621891
273 53.627999 53.627999 709.617999 709.617999
275 53.621079 53.621079 709.611079 709.611079
278 53.608774 53.608774 709.598774 709.598774
279 53.586891 53.586891 709.576891 709.576891
381 37.857689 37.857689 693.847689 693.847689
382 37.847689 37.847689 693.837689 693.837689
383 37.843797 37.843797 693.833797 693.833797
385 37.836877 37.836877 693.826877 693.826877
388 37.824572 37.824572 693.814572 693.814572
389 37.802689 37.802689 693.792689 693.792689
1147 32.829421 32.829421 688.819421 688.819421
1152 32.000233 32.000233 687.990233 687.990233
1155 31.629377 31.629377 687.619377 687.619377
1732 31.624377 31.624377 687.614377 687.614377
1733 31.620486 31.620486 687.610486 687.610486
1738 31.601260 31.601260 687.591260 687.591260
2505 31.224339 31.224339 687.214339 687.214339
3082 31.219339 31.219339 687.209339 687.209339
3083 31.215448 31.215448 687.205448 687.205448
3085 31.208528 31.208528 687.198528 687.198528
3088 31.196222 31.196222 687.186222 687.186222
3089 31.174339 31.174339 687.164339 687.164339
3223 27.867746 27.867746 683.857746 683.857746
3271 21.204492 21.204492 677.194492 677.194492
3272 18.591189 18.591189 674.581189 674.581189
3274 18.326391 18.326391 674.316391 674.316391
3276 18.087875 18.087875 674.077875 674.077875
3374 10.963914 10.963914 666.953914 666.953914
3384 10.906966 10.906966 666.896966 666.896966
3748 8.962122 8.962122 664.952122 664.952122
4372 8.957122 8.957122 664.947122 664.947122
4373 8.953231 8.953231 664.943231 664.943231
4379 8.912122 8.912122 664.902122 664.902122
4570 8.228210 8.228210 664.218210 664.218210
4572 7.452909 7.452909 663.442909 663.442909
4581 5.450116 5.450116 661.440116 661.440116
4781 3.596921 3.596921 659.586921 659.586921
5176 2.598509 2.598509 658.588509 658.588509
5762 2.593509 2.593509 658.583509 658.583509
5924 2.079818 2.079818 658.069818 658.069818
6078 1.215057 1.215057 657.205057 657.205057
6852 1.210057 1.210057 657.200057 657.200057
7426 0.100682 0.100682 656.090682 656.090682
7430 0.036508 0.036508 656.026508 656.026508
7652 0.000000 0.000000 655.990000 655.990000
135000 0.000000 0.000000 0.000000 655.990000
"function evaluation" "current f(x)" "best-so-far f(x)" "current af(x)+b"  "best af(x)+b"
1 101.682645 101.682645 168.392645 168.392645
3 101.678754 101.678754 168.388754 168.388754
5 101.671834 101.671834 168.381834 168.381834
8 101.659528 101.659528 168.369528 168.369528
9 101.637645 101.637645 168.347645 168.347645
11 70.270189 70.270189 136.980189 136.980189
13 70.266297 70.266297 136.976297 136.976297
15 70.259377 70.259377 136.969377 136.969377
18 70.247072 70.247072 136.957072 136.957072
19 70.225189 70.225189 136.935189 136.935189
21 38.569218 38.569218 105.279218 105.279218
23 38.565326 38.565326 105.275326 105.275326
25 38.558406 38.558406 105.268406 105.268406
28 38.546100 38.546100 105.256100 105.256100
29 38.524218 38.524218 105.234218 105.234218
535 29.700757 29.700757 96.410757 96.410757
1371 29.695757 29.695757 96.405757 96.405757
1373 29.691865 29.691865 96.401865 96.401865
1375 29.684945 29.684945 96.394945 96.394945
1378 29.672640 29.672640 96.382640 96.382640
1891 28.953488 28.953488 95.663488 95.663488
2721 28.948488 28.948488 95.658488 95.658488
2725 28.937677 28.937677 95.647677 95.647677
2729 28.903488 28.903488 95.613488 95.613488
3201 19.120683 19.120683 85.830683 85.830683
3354 12.717323 12.717323 79.427323 79.427323
3356 3.231270 3.231270 69.941270 69.941270
4141 3.226270 3.226270 69.936270 69.936270
4148 3.203153 3.203153 69.913153 69.913153
4709 1.402415 1.402415 68.112415 68.112415
4717 1.170051 1.170051 67.880051 67.880051
5491 1.165051 1.165051 67.875051 67.875051
5493 1.161160 1.161160 67.871160 67.871160
6065 0.944207 0.944207 67.654207 67.654207
6067 0.934239 0.934239 67.644239 67.644239
6485 0.906710 0.906710 67.616710 67.616710
6492 0.874163 0.874163 67.584163 67.584163
6696 0.074971 0.074971 66.784971 66.784971
7213 0.066079 0.066079 66.776079 66.776079
9396 0.019095 0.019095 66.729095 66.729095
9913 0.010203 0.010203 66.720203 66.720203
10117 0.000000 0.000000 66.710000 66.710000
135000 0.000000 0.000000 0.000000 66.710000
"function evaluation" "current f(x)" "best-so-far f(x)" "current af(x)+b"  "best af(x)+b"
1 122.905240 122.905240 189.615240 189.615240
3 122.901348 122.901348 189.611348 189.611348
5 122.894428 122.894428 189.604428 189.604428
8 122.882123 122.882123 189.592123 189.592123
9 122.860240 122.860240 189.570240 189.570240
11 89.207418 89.207418 155.917418 155.917418
13 89.203527 89.203527 155.913527 155.913527
15 89.196607 89.196607 155.906607 155.906607
18 89.184301 89.184301 155.894301 155.894301
19 89.162418 89.162418 155.872418 155.872418
21 78.454973 78.454973 145.164973 145.164973
23 78.451082 78.451082 145.161082 145.161082
25 78.444162 78.444162 145.154162 145.154162
28 78.431856 78.431856 145.141856 145.141856
29 78.409973 78.409973 145.119973 145.119973
31 39.030986 39.030986 105.740986 105.740986
33 39.027094 39.027094 105.737094 105.737094
35 39.020174 39.020174 105.730174 105.730174
38 39.007869 39.007869 105.717869 105.717869
39 38.985986 38.985986 105.695986 105.695986
552 28.725965 28.725965 95.435965 95.435965
556 26.742183 26.742183 93.452183 93.452183
1381 26.737183 26.737183 93.447183 93.447183
1383 26.733291 26.733291 93.443291 93.443291
1385 26.726371 26.726371 93.436371 93.436371
1388 26.714066 26.714066 93.424066 93.424066
1389 26.692183 26.692183 93.402183 93.402183
1914 23.546520 23.546520 90.256520 90.256520
2731 23.541520 23.541520 90.251520 90.251520
2733 23.537628 23.537628 90.247628 90.247628
2735 23.530708 23.530708 90.240708 90.240708
2738 23.518403 23.518403 90.228403 90.228403
2739 23.496520 23.496520 90.206520 90.206520
3263 20.176453 20.176453 86.886453 86.886453
3265 18.742233 18.742233 85.452233 85.452233
3359 10.699213 10.699213 77.409213 77.409213
4143 10.690322 10.690322 77.400322 77.400322
4145 10.683402 10.683402 77.393402 77.393402
4704 2.717795 2.717795 69.427795 69.427795
4706 0.620909 0.620909 67.330909 67.330909
5491 0.615909 0.615909 67.325909 67.325909
5493 0.612018 0.612018 67.322018 67.322018
6061 0.029813 0.029813 66.739813 66.739813
6067 0.000000 0.000000 66.710000 66.710000
135000 0.000000 0.000000 0.000000 66.710000
"function evaluation" "current f(x)" "best-so-far f(x)" "current af(x)+b"  "best af(x)+b"
1 65.209474 65.209474 131.919474 131.919474
3 65.205583 65.205583 131.915583 131.915583
5 65.198663 65.198663 131.908663 131.908663
8 65.186357 65.186357 131.896357 131.896357
9 65.164474 65.164474 131.874474 131.874474
81 41.416615 41.416615 108.126615 108.126615
83 41.412723 41.412723 108.122723 108.122723
85 41.405803 41.405803 108.115803 108.115803
88 41.393498 41.393498 108.103498 108.103498
89 41.371615 41.371615 108.081615 108.081615
637 36.258847 36.258847 102.968847 102.968847
639 33.735025 33.735025 100.445025 100.445025
641 33.029425 33.029425 99.739425 99.739425
642 28.291785 28.291785 95.001785 95.001785
1431 28.286785 28.286785 94.996785 94.996785
1433 28.282894 28.282894 94.992894 94.992894
1435 28.275974 28.275974 94.985974 94.985974
1438 28.263668 28.263668 94.973668 94.973668
1987 24.358281 24.358281 91.068281 91.068281
1993 21.370960 21.370960 88.080960 88.080960
2781 21.365960 21.365960 88.075960 88.075960
2783 21.362069 21.362069 88.072069 88.072069
2785 21.355149 21.355149 88.065149 88.065149
2788 21.342843 21.342843 88.052843 88.052843
2789 21.320960 21.320960 88.030960 88.030960
3218 10.382399 10.382399 77.092399 77.092399
3337 5.217353 5.217353 71.927353 71.927353
3346 4.513962 4.513962 71.223962 71.223962
3347 4.222150 4.222150 70.932150 70.932150
3596 1.190348 1.190348 67.900348 67.900348
4281 1.185348 1.185348 67.895348 67.895348
4691 1.089250 1.089250 67.799250 67.799250
4697 0.799582 0.799582 67.509582 67.509582
4700 0.740037 0.740037 67.450037 67.450037
4952 0.239768 0.239768 66.949768 66.949768
5631 0.234768 0.234768 66.944768 66.944768
5638 0.211651 0.211651 66.921651 66.921651
6305 0.000000 0.000000 66.710000 66.710000
135000 0.000000 0.000000 0.000000 66.710000
"function evaluation" "current f(x)" "best-so-far f(x)" "current af(x)+b"  "best af(x)+b"
1 118.491279 118.491279 1060.161279 1060.161279
3 118.487388 118.487388 1060.157388 1060.157388
6 118.480468 118.480468 1060.150468 1060.150468
8 118.468162 118.468162 1060.138162 1060.138162
9 118.446279 118.446279 1060.116279 1060.116279
11 68.294658 68.294658 1009.964658 1009.964658
13 68.290766 68.290766 1009.960766 1009.960766
16 68.283846 68.283846 1009.953846 1009.953846
18 68.271540 68.271540 1009.941540 1009.941540
19 68.249658 68.249658 1009.919658 1009.919658
61 64.279148 64.279148 1005.949148 1005.949148
63 64.275256 64.275256 1005.945256 1005.945256
66 64.268336 64.268336 1005.938336 1005.938336
68 64.256031 64.256031 1005.926031 1005.926031
69 64.234148 64.234148 1005.904148 1005.904148
141 62.787299 62.787299 1004.457299 1004.457299
143 62.783408 62.783408 1004.453408 1004.453408
146 62.776488 62.776488 1004.446488 1004.446488
148 62.764182 62.764182 1004.434182 1004.434182
149 62.742299 62.742299 1004.412299 1004.412299
371 47.782410 47.782410 989.452410 989.452410
373 47.778519 47.778519 989.448519 989.448519
376 47.771599 47.771599 989.441599 989.441599
378 47.759293 47.759293 989.429293 989.429293
379 47.737410 47.737410 989.407410 989.407410
1130 39.763555 39.763555 981.433555 981.433555
1136 37.509074 37.509074 979.179074 979.179074
1721 37.504074 37.504074 979.174074 979.174074
1723 37.500183 37.500183 979.170183 979.170183
1726 37.493263 37.493263 979.163263 979.163263
1728 37.480957 37.480957 979.150957 979.150957
1729 37.459074 37.459074 979.129074 979.129074
1957 35.894810 35.894810 977.564810 977.564810
1960 35.801588 35.801588 977.471588 977.471588
2229 33.905341 33.905341 975.575341 975.575341
2230 30.398025 30.398025 972.068025 972.068025
2231 28.886164 28.886164 970.556164 970.556164
2232 27.173828 27.173828 968.843828 968.843828
2235 26.156195 26.156195 967.826195 967.826195
2921 26.151195 26.151195 967.821195 967.821195
2923 26.147303 26.147303 967.817303 967.817303
2926 26.140383 26.140383 967.810383 967.810383
2929 26.106195 26.106195 967.776195 967.776195
3222 21.285369 21.285369 962.955369 962.955369
3228 19.820583 19.820583 961.490583 961.490583
3275 14.379182 14.379182 956.049182 956.049182
3629 7.527501 7.527501 949.197501 949.197501
3632 7.525106 7.525106 949.195106 949.195106
3639 7.217740 7.217740 948.887740 948.887740
3816 2.259839 2.259839 943.929839 943.929839
3834 2.018672 2.018672 943.688672 943.688672
3841 1.979506 1.979506 943.649506 943.649506
4421 1.974506 1.974506 943.644506 943.644506
4644 1.041958 1.041958 942.711958 942.711958
4649 0.975674 0.975674 942.645674 942.645674
5176 0.969797 0.969797 942.639797 942.639797
5761 0.964797 0.964797 942.634797 942.634797
5768 0.941680 0.941680 942.611680 942.611680
5986 0.881317 0.881317 942.551317 942.551317
5988 0.000000 0.000000 941.670000 941.670000
135000 0.000000 0.000000 0.000000 941.670000
"function evaluation" "current f(x)" "best-so-far f(x)" "current af(x)+b"  "best af(x)+b"
1 151.216474 151.216474 1092.886474 1092.886474
3 151.212583 151.212583 1092.882583 1092.882583
6 151.205663 151.205663 1092.875663 1092.875663
8 151.193357 151.193357 1092.863357 1092.863357
9 151.171474 151.171474 1092.841474 1092.841474
11 99.330291 99.330291 1041.000291 1041.000291
13 99.326400 99.326400 1040.996400 1040.996400
16 99.319480 99.319480 1040.989480 1040.989480
18 99.307174 99.307174 1040.977174 1040.977174
19 99.285291 99.285291 1040.955291 1040.955291
31 73.361319 73.361319 1015.031319 1015.031319
33 73.357427 73.357427 1015.027427 1015.027427
36 73.350507 73.350507 1015.020507 1015.020507
38 73.338202 73.338202 1015.008202 1015.008202
39 73.316319 73.316319 1014.986319 1014.986319
41 63.186648 63.186648 1004.856648 1004.856648
43 63.182757 63.182757 1004.852757 1004.852757
46 63.175837 63.175837 1004.845837 1004.845837
48 63.163531 63.163531 1004.833531 1004.833531
49 63.141648 63.141648 1004.811648 1004.811648
81 55.177439 55.177439 996.847439 996.847439
83 55.173548 55.173548 996.843548 996.843548
86 55.166628 55.166628 996.836628 996.836628
88 55.154322 55.154322 996.824322 996.824322
89 55.132439 55.132439 996.802439 996.802439
141 52.785503 52.785503 994.455503 994.455503
143 52.781612 52.781612 994.451612 994.451612
146 52.774692 52.774692 994.444692 994.444692
148 52.762386 52.762386 994.432386 994.432386
149 52.740503 52.740503 994.410503 994.410503
321 50.156911 50.156911 991.826911 991.826911
323 50.153020 50.153020 991.823020 991.823020
326 50.146100 50.146100 991.816100 991.816100
328 50.133794 50.133794 991.803794 991.803794
329 50.111911 50.111911 991.781911 991.781911
401 43.668840 43.668840 985.338840 985.338840
403 43.664948 43.664948 985.334948 985.334948
406 43.658028 43.658028 985.328028 985.328028
408 43.645723 43.645723 985.315723 985.315723
409 43.623840 43.623840 985.293840 985.293840
639 42.769484 42.769484 984.439484 984.439484
645 41.545070 41.545070 983.215070 983.215070
646 41.149663 41.149663 982.819663 982.819663
742 40.975009 40.975009 982.645009 982.645009
1045 35.715095 35.715095 977.385095 977.385095
1184 34.270462 34.270462 975.940462 975.940462
1751 34.265462 34.265462 975.935462 975.935462
1753 34.261570 34.261570 975.931570 975.931570
1756 34.254650 34.254650 975.924650 975.924650
1758 34.242344 34.242344 975.912344 975.912344
1759 34.220462 34.220462 975.890462 975.890462
2091 33.881436 33.881436 975.551436 975.551436
2092 27.894401 27.894401 969.564401 969.564401
2395 23.449135 23.449135 965.119135 965.119135
2407 20.703427 20.703427 962.373427 962.373427
3021 20.698427 20.698427 962.368427 962.368427
3023 20.694535 20.694535 962.364535 962.364535
3026 20.687615 20.687615 962.357615 962.357615
3029 20.653427 20.653427 962.323427 962.323427
3201 16.302582 16.302582 957.972582 957.972582
3209 5.944030 5.944030 947.614030 947.614030
3275 3.587768 3.587768 945.257768 945.257768
3517 2.902069 2.902069 944.572069 944.572069
4231 2.897069 2.897069 944.567069 944.567069
4233 2.893178 2.893178 944.563178 944.563178
4551 1.170624 1.170624 942.840624 942.840624
4621 0.471767 0.471767 942.141767 942.141767
4622 0.228603 0.228603 941.898603 941.898603
4629 0.000000 0.000000 941.670000 941.670000
135000 0.000000 0.000000 0.000000 941.670000
"function evaluation" "current f(x)" "best-so-far f(x)" "current af(x)+b"  "best af(x)+b"
1 86.389998 86.389998 1028.059998 1028.059998
3 86.386107 86.386107 1028.056107 1028.056107
6 86.379187 86.379187 1028.049187 1028.049187
8 86.366881 86.366881 1028.036881 1028.036881
9 86.344998 86.344998 1028.014998 1028.014998
51 49.313633 49.313633 990.983633 990.983633
53 49.309741 49.309741 990.979741 990.979741
56 49.302821 49.302821 990.972821 990.972821
58 49.290516 49.290516 990.960516 990.960516
59 49.268633 49.268633 990.938633 990.938633
181 40.022934 40.022934 981.692934 981.692934
183 40.019042 40.019042 981.689042 981.689042
186 40.012122 40.012122 981.682122 981.682122
188 39.999816 39.999816 981.669816 981.669816
189 39.977934 39.977934 981.647934 981.647934
401 39.810309 39.810309 981.480309 981.480309
403 39.806418 39.806418 981.476418 981.476418
406 39.799498 39.799498 981.469498 981.469498
408 39.787192 39.787192 981.457192 981.457192
409 39.765309 39.765309 981.435309 981.435309
807 34.563430 34.563430 976.233430 976.233430
809 31.449573 31.449573 973.119573 973.119573
811 31.256214 31.256214 972.926214 972.926214
1187 28.446317 28.446317 970.116317 970.116317
1751 28.441317 28.441317 970.111317 970.111317
1756 28.430505 28.430505 970.100505 970.100505
1758 28.418200 28.418200 970.088200 970.088200
1759 28.396317 28.396317 970.066317 970.066317
2157 15.932951 15.932951 957.602951 957.602951
2883 15.924060 15.924060 957.594060 957.594060
2886 15.917140 15.917140 957.587140 957.587140
2888 15.904834 15.904834 957.574834 957.574834
2889 15.882951 15.882951 957.552951 957.552951
3222 10.444877 10.444877 952.114877 952.114877
3512 6.939485 6.939485 948.609485 948.609485
3514 6.423510 6.423510 948.093510 948.093510
3520 3.996116 3.996116 945.666116 945.666116
4233 3.987224 3.987224 945.657224 945.657224
4575 1.981243 1.981243 943.651243 943.651243
5411 1.976243 1.976243 943.646243 943.646243
6207 1.419414 1.419414 943.089414 943.089414
6931 1.414414 1.414414 943.084414 943.084414
6933 1.410523 1.410523 943.080523 943.080523
6936 1.403603 1.403603 943.073603 943.073603
7288 0.615051 0.615051 942.285051 942.285051
7293 0.064304 0.064304 941.734304 941.734304
7298 0.026090 0.026090 941.696090 941.696090
8123 0.017198 0.017198 941.687198 941.687198
8648 0.000000 0.000000 941.670000 941.670000
135000 1.106491 0.000000 1.106491 941.670000
"function evaluation" "current f(x)" "best-so-far f(x)" "current af(x)+b"  "best af(x)+b"
1 160.977540 160.977540 123.527540 123.527540
2 160.967540 160.967540 123.517540 123.517540
4 160.963649 160.963649 123.513649 123.513649
6 160.956729 160.956729 123.506729 123.506729
7 160.944423 160.944423 123.494423 123.494423
9 160.922540 160.922540 123.472540 123.472540
11 127.930512 127.930512 90.480512 90.480512
12 127.920512 127.920512 90.470512 90.470512
14 127.916621 127.916621 90.466621 90.466621
16 127.909701 127.909701 90.459701 90.459701
17 127.897395 127.897395 90.447395 90.447395
19 127.875512 127.875512 90.425512 90.425512
21 122.748330 122.748330 85.298330 85.298330
22 122.738330 122.738330 85.288330 85.288330
24 122.734438 122.734438 85.284438 85.284438
26 122.727518 122.727518 85.277518 85.277518
27 122.715213 122.715213 85.265213 85.265213
29 122.693330 122.693330 85.243330 85.243330
41 105.678003 105.678003 68.228003 68.228003
42 105.668003 105.668003 68.218003 68.218003
44 105.664112 105.664112 68.214112 68.214112
46 105.657192 105.657192 68.207192 68.207192
47 105.644886 105.644886 68.194886 68.194886
49 105.623003 105.623003 68.173003 68.173003
61 82.125310 82.125310 44.675310 44.675310
62 82.115310 82.115310 44.665310 44.665310
64 82.111419 82.111419 44.661419 44.661419
66 82.104499 82.104499 44.654499 44.654499
67 82.092193 82.092193 44.642193 44.642193
69 82.070310 82.070310 44.620310 44.620310
121 68.447910 68.447910 30.997910 30.997910
122 68.437910 68.437910 30.987910 30.987910
124 68.434019 68.434019 30.984019 30.984019
126 68.427099 68.427099 30.977099 30.977099
127 68.414793 68.414793 30.964793 30.964793
129 68.392910 68.392910 30.942910 30.942910
141 21.059947 21.059947 -16.390053 -16.390053
142 21.049947 21.049947 -16.400053 -16.400053
144 21.046055 21.046055 -16.403945 -16.403945
146 21.039135 21.039135 -16.410865 -16.410865
147 21.026830 21.026830 -16.423170 -16.423170
149 21.004947 21.004947 -16.445053 -16.445053
739 11.860600 11.860600 -25.589400 -25.589400
746 11.687725 11.687725 -25.762275 -25.762275
750 10.419690 10.419690 -27.030310 -27.030310
1492 10.414690 10.414690 -27.035310 -27.035310
1494 10.410798 10.410798 -27.039202 -27.039202
1496 10.403878 10.403878 -27.046122 -27.046122
2092 9.532762 9.532762 -27.917238 -27.917238
2093 6.476959 6.476959 -30.973041 -30.973041
2842 6.471959 6.471959 -30.978041 -30.978041
2844 6.468068 6.468068 -30.981932 -30.981932
2847 6.448842 6.448842 -31.001158 -31.001158
3447 5.876479 5.876479 -31.573521 -31.573521
4192 5.871479 5.871479 -31.578521 -31.578521
4194 5.867587 5.867587 -31.582413 -31.582413
4199 5.826479 5.826479 -31.623521 -31.623521
4789 2.994665 2.994665 -34.455335 -34.455335
4793 2.909237 2.909237 -34.540763 -34.540763
4802 1.102400 1.102400 -36.347600 -36.347600
5542 1.097400 1.097400 -36.352600 -36.352600
6152 0.881745 0.881745 -36.568255 -36.568255
6743 0.090774 0.090774 -37.359226 -37.359226
7242 0.085774 0.085774 -37.364226 -37.364226
7825 0.000000 0.000000 -37.450000 -37.450000
135000 0.735497 0.000000 0.735497 -37.450000
"function evaluation" "current f(x)" "best-so-far f(x)" "current af(x)+b"  "best af(x)+b"
1 91.918027 91.918027 54.468027 54.468027
2 91.908027 91.908027 54.458027 54.458027
4 91.904136 91.904136 54.454136 54.454136
6 91.897216 91.897216 54.447216 54.447216
7 91.884910 91.884910 54.434910 54.434910
9 91.863027 91.863027 54.413027 54.413027
11 70.696960 70.696960 33.246960 33.246960
12 70.686960 70.686960 33.236960 33.236960
14 70.683068 70.683068 33.233068 33.233068
16 70.676148 70.676148 33.226148 33.226148
17 70.663843 70.663843 33.213843 33.213843
19 70.641960 70.641960 33.191960 33.191960
51 41.662395 41.662395 4.212395 4.212395
52 41.652395 41.652395 4.202395 4.202395
54 41.648504 41.648504 4.198504 4.198504
56 41.641584 41.641584 4.191584 4.191584
57 41.629278 41.629278 4.179278 4.179278
59 41.607395 41.607395 4.157395 4.157395
586 37.395643 37.395643 -0.054357 -0.054357
588 36.215404 36.215404 -1.234596 -1.234596
591 34.945431 34.945431 -2.504569 -2.504569
597 34.316276 34.316276 -3.133724 -3.133724
1402 34.311276 34.311276 -3.138724 -3.138724
1404 34.307385 34.307385 -3.142615 -3.142615
1406 34.300465 34.300465 -3.149535 -3.149535
1407 34.288159 34.288159 -3.161841 -3.161841
3210 30.784145 30.784145 -6.665855 -6.665855
3257 15.296742 15.296742 -22.153258 -22.153258
3391 2.309807 2.309807 -35.140193 -35.140193
3835 2.248129 2.248129 -35.201871 -35.201871
4422 2.243129 2.243129 -35.206871 -35.206871
4424 2.239237 2.239237 -35.210763 -35.210763
4738 0.774499 0.774499 -36.675501 -36.675501
5514 0.765607 0.765607 -36.684393 -36.684393
6090 0.070154 0.070154 -37.379846 -37.379846
6101 0.000000 0.000000 -37.450000 -37.450000
135000 0.000000 0.000000 0.000000 -37.450000
"function evaluation" "current f(x)" "best-so-far f(x)" "current af(x)+b"  "best af(x)+b"
1 86.144191 86.144191 48.694191 48.694191
2 86.134191 86.134191 48.684191 48.684191
4 86.130299 86.130299 48.680299 48.680299
6 86.123379 86.123379 48.673379 48.673379
7 86.111074 86.111074 48.661074 48.661074
9 86.089191 86.089191 48.639191 48.639191
31 54.633628 54.633628 17.183628 17.183628
32 54.623628 54.623628 17.173628 17.173628
34 54.619737 54.619737 17.169737 17.169737
36 54.612817 54.612817 17.162817 17.162817
37 54.600511 54.600511 17.150511 17.150511
39 54.578628 54.578628 17.128628 17.128628
141 40.328246 40.328246 2.878246 2.878246
142 40.318246 40.318246 2.868246 2.868246
144 40.314354 40.314354 2.864354 2.864354
146 40.307434 40.307434 2.857434 2.857434
147 40.295129 40.295129 2.845129 2.845129
149 40.273246 40.273246 2.823246 2.823246
739 35.652269 35.652269 -1.797731 -1.797731
741 32.432309 32.432309 -5.017691 -5.017691
742 31.942668 31.942668 -5.507332 -5.507332
744 31.402427 31.402427 -6.047573 -6.047573
745 29.946110 29.946110 -7.503890 -7.503890
751 29.695273 29.695273 -7.754727 -7.754727
1492 29.690273 29.690273 -7.759727 -7.759727
1494 29.686381 29.686381 -7.763619 -7.763619
1496 29.679461 29.679461 -7.770539 -7.770539
1497 29.667156 29.667156 -7.782844 -7.782844
1499 29.645273 29.645273 -7.804727 -7.804727
2093 21.647378 21.647378 -15.802622 -15.802622
2842 21.642378 21.642378 -15.807622 -15.807622
2844 21.638487 21.638487 -15.811513 -15.811513
2846 21.631567 21.631567 -15.818433 -15.818433
2847 21.619261 21.619261 -15.830739 -15.830739
2849 21.597378 21.597378 -15.852622 -15.852622
3255 21.170780 21.170780 -16.279220 -16.279220
3256 13.648670 13.648670 -23.801330 -23.801330
3265 9.198317 9.198317 -28.251683 -28.251683
3407 6.026313 6.026313 -31.423687 -31.423687
3774 3.943185 3.943185 -33.506815 -33.506815
4013 1.733987 1.733987 -35.716013 -35.716013
4522 1.728987 1.728987 -35.721013 -35.721013
4524 1.725096 1.725096 -35.724904 -35.724904
5122 1.693667 1.693667 -35.756333 -35.756333
5124 1.536150 1.536150 -35.913850 -35.913850
5125 1.514640 1.514640 -35.935360 -35.935360
5363 0.393379 0.393379 -37.056621 -37.056621
5874 0.384488 0.384488 -37.065512 -37.065512
6706 0.148190 0.148190 -37.301810 -37.301810
6710 0.036226 0.036226 -37.413774 -37.413774
7224 0.027335 0.027335 -37.422665 -37.422665
7451 0.000000 0.000000 -37.450000 -37.450000
135000 4.929075 0.000000 4.929075 -37.450000
