"function evaluation" "current f(x)" "best-so-far f(x)" "current af(x)+b"  "best af(x)+b"
1 2616020.423549 2616020.423549 2615810.543549 2615810.543549
3 2616020.423525 2616020.423525 2615810.543525 2615810.543525
6 2616020.275904 2616020.275904 2615810.395904 2615810.395904
8 2616019.976844 2616019.976844 2615810.096844 2615810.096844
9 2615984.956957 2615984.956957 2615775.076957 2615775.076957
61 1578063.229278 1578063.229278 1577853.349278 1577853.349278
63 1578063.228538 1578063.228538 1577853.348538 1577853.348538
66 1578063.149926 1578063.149926 1577853.269926 1577853.269926
68 1578062.972238 1578062.972238 1577853.092238 1577853.092238
69 1578026.914655 1578026.914655 1577817.034655 1577817.034655
121 265479.522601 265479.522601 265269.642601 265269.642601
122 265479.522459 265479.522459 265269.642459 265269.642459
123 265479.519777 265479.519777 265269.639777 265269.639777
126 265479.410074 265479.410074 265269.530074 265269.530074
128 265478.544317 265478.544317 265268.664317 265268.664317
129 265474.568913 265474.568913 265264.688913 265264.688913
201 240678.651787 240678.651787 240468.771787 240468.771787
204 240678.650207 240678.650207 240468.770207 240468.770207
206 240678.561781 240678.561781 240468.681781 240468.681781
207 240676.708554 240676.708554 240466.828554 240466.828554
210 240671.579750 240671.579750 240461.699750 240461.699750
301 88070.181030 88070.181030 87860.301030 87860.301030
303 88070.179234 88070.179234 87860.299234 87860.299234
305 88070.166535 88070.166535 87860.286535 87860.286535
307 88068.967469 88068.967469 87859.087469 87859.087469
34717 0.000000 0.000000 -209.880000 -209.880000
120000 3674641.571346 0.000000 3674641.571346 -209.880000
"function evaluation" "current f(x)" "best-so-far f(x)" "current af(x)+b"  "best af(x)+b"
1 3266632.388666 3266632.388666 3266422.508666 3266422.508666
4 3266632.388640 3266632.388640 3266422.508640 3266422.508640
6 3266632.380632 3266632.380632 3266422.500632 3266422.500632
7 3266630.410409 3266630.410409 3266420.530409 3266420.530409
10 3266604.109960 3266604.109960 3266394.229960 3266394.229960
51 2093236.391063 2093236.391063 2093026.511063 2093026.511063
52 2093236.390890 2093236.390890 2093026.510890 2093026.510890
54 2093236.388704 2093236.388704 2093026.508704 2093026.508704
56 2093236.333496 2093236.333496 2093026.453496 2093026.453496
58 2093235.347920 2093235.347920 2093025.467920 2093025.467920
59 2093229.858866 2093229.858866 2093019.978866 2093019.978866
61 532210.088484 532210.088484 532000.208484 532000.208484
62 532210.088325 532210.088325 532000.208325 532000.208325
63 532210.085616 532210.085616 532000.205616 532000.205616
66 532210.080329 532210.080329 532000.200329 532000.200329
68 532208.973524 532208.973524 531999.093524 531999.093524
70 532200.102238 532200.102238 531990.222238 531990.222238
371 345695.023540 345695.023540 345485.143540 345485.143540
372 345695.023380 345695.023380 345485.143380 345485.143380
374 345695.022505 345695.022505 345485.142505 345485.142505
375 345694.982580 345694.982580 345485.102580 345485.102580
377 345694.858230 345694.858230 345484.978230 345484.978230
379 345677.033961 345677.033961 345467.153961 345467.153961
481 30411.775719 30411.775719 30201.895719 30201.895719
482 30411.775562 30411.775562 30201.895562 30201.895562
484 30411.773143 30411.773143 30201.893143 30201.893143
485 30411.764681 30411.764681 30201.884681 30201.884681
488 30411.390290 30411.390290 30201.510290 30201.510290
489 30410.376112 30410.376112 30200.496112 30200.496112
35455 0.000000 0.000000 -209.880000 -209.880000
120000 3674641.571346 0.000000 3674641.571346 -209.880000
"function evaluation" "current f(x)" "best-so-far f(x)" "current af(x)+b"  "best af(x)+b"
1 1281344.789938 1281344.789938 1281134.909938 1281134.909938
2 1281344.789781 1281344.789781 1281134.909781 1281134.909781
4 1281344.787318 1281344.787318 1281134.907318 1281134.907318
6 1281344.675954 1281344.675954 1281134.795954 1281134.795954
7 1281344.568819 1281344.568819 1281134.688819 1281134.688819
10 1281312.785623 1281312.785623 1281102.905623 1281102.905623
141 1091310.852946 1091310.852946 1091100.972946 1091100.972946
142 1091310.852928 1091310.852928 1091100.972928 1091100.972928
143 1091310.852774 1091310.852774 1091100.972774 1091100.972774
146 1091310.735468 1091310.735468 1091100.855468 1091100.855468
148 1091308.318874 1091308.318874 1091098.438874 1091098.438874
151 715117.994203 715117.994203 714908.114203 714908.114203
152 715117.994148 715117.994148 714908.114148 714908.114148
153 715117.993965 715117.993965 714908.113965 714908.113965
156 715117.921046 715117.921046 714908.041046 714908.041046
158 715115.511959 715115.511959 714905.631959 714905.631959
159 715113.931169 715113.931169 714904.051169 714904.051169
211 312792.209233 312792.209233 312582.329233 312582.329233
214 312792.206736 312792.206736 312582.326736 312582.326736
216 312792.169522 312792.169522 312582.289522 312582.289522
218 312790.982621 312790.982621 312581.102621 312581.102621
220 312784.066546 312784.066546 312574.186546 312574.186546
251 271248.988323 271248.988323 271039.108323 271039.108323
252 271248.988312 271248.988312 271039.108312 271039.108312
254 271248.988294 271248.988294 271039.108294 271039.108294
256 271248.988269 271248.988269 271039.108269 271039.108269
258 271247.891266 271247.891266 271038.011266 271038.011266
260 271241.802977 271241.802977 271031.922977 271031.922977
35511 0.000000 0.000000 -209.880000 -209.880000
120000 3674641.571346 0.000000 3674641.571346 -209.880000
"function evaluation" "current f(x)" "best-so-far f(x)" "current af(x)+b"  "best af(x)+b"
1 22977922.600125 22977922.600125 22977830.510125 22977830.510125
2 22977922.600110 22977922.600110 22977830.510110 22977830.510110
4 22977922.595040 22977922.595040 22977830.505040 22977830.505040
5 22977922.517356 22977922.517356 22977830.427356 22977830.427356
7 22977917.108645 22977917.108645 22977825.018645 22977825.018645
10 22977844.419742 22977844.419742 22977752.329742 22977752.329742
11 10208327.465900 10208327.465900 10208235.375900 10208235.375900
12 10208327.465899 10208327.465899 10208235.375899 10208235.375899
14 10208327.464993 10208327.464993 10208235.374993 10208235.374993
16 10208327.448751 10208327.448751 10208235.358751 10208235.358751
17 10208324.632366 10208324.632366 10208232.542366 10208232.542366
20 10208259.366506 10208259.366506 10208167.276506 10208167.276506
51 8034400.270406 8034400.270406 8034308.180406 8034308.180406
52 8034400.270304 8034400.270304 8034308.180304 8034308.180304
54 8034400.267814 8034400.267814 8034308.177814 8034308.177814
56 8034400.200573 8034400.200573 8034308.110573 8034308.110573
57 8034398.340067 8034398.340067 8034306.250067 8034306.250067
59 8034367.758541 8034367.758541 8034275.668541 8034275.668541
71 3045617.602487 3045617.602487 3045525.512487 3045525.512487
74 3045617.600031 3045617.600031 3045525.510031 3045525.510031
75 3045617.516307 3045617.516307 3045525.426307 3045525.426307
77 3045613.625315 3045613.625315 3045521.535315 3045521.535315
80 3045582.771206 3045582.771206 3045490.681206 3045490.681206
101 1797072.655706 1797072.655706 1796980.565706 1796980.565706
104 1797072.653941 1797072.653941 1796980.563941 1796980.563941
106 1797072.594483 1797072.594483 1796980.504483 1796980.504483
107 1797067.437650 1797067.437650 1796975.347650 1796975.347650
110 1797055.950692 1797055.950692 1796963.860692 1796963.860692
121 975203.602801 975203.602801 975111.512801 975111.512801
122 975203.602786 975203.602786 975111.512786 975111.512786
124 975203.601115 975203.601115 975111.511115 975111.511115
126 975203.575293 975203.575293 975111.485293 975111.485293
127 975200.834162 975200.834162 975108.744162 975108.744162
129 975188.933376 975188.933376 975096.843376 975096.843376
181 617622.343079 617622.343079 617530.253079 617530.253079
182 617622.343076 617622.343076 617530.253076 617530.253076
184 617622.340542 617622.340542 617530.250542 617530.250542
186 617622.310150 617622.310150 617530.220150 617530.220150
187 617621.081689 617621.081689 617528.991689 617528.991689
189 617603.949303 617603.949303 617511.859303 617511.859303
231 509672.879189 509672.879189 509580.789189 509580.789189
232 509672.879029 509672.879029 509580.789029 509580.789029
234 509672.875186 509672.875186 509580.785186 509580.785186
236 509672.804194 509672.804194 509580.714194 509580.714194
238 509672.777663 509672.777663 509580.687663 509580.687663
239 509670.344344 509670.344344 509578.254344 509578.254344
421 82098.778195 82098.778195 82006.688195 82006.688195
422 82098.778130 82098.778130 82006.688130 82006.688130
423 82098.776539 82098.776539 82006.686539 82006.686539
425 82098.698597 82098.698597 82006.608597 82006.608597
428 82097.675856 82097.675856 82005.585856 82005.585856
430 82097.619796 82097.619796 82005.529796 82005.529796
34493 0.000000 0.000000 -92.090000 -92.090000
120000 108011.891025 0.000000 108011.891025 -92.090000
"function evaluation" "current f(x)" "best-so-far f(x)" "current af(x)+b"  "best af(x)+b"
1 154139.968248 154139.968248 154047.878248 154047.878248
4 154139.967442 154139.967442 154047.877442 154047.877442
5 154139.880450 154139.880450 154047.790450 154047.790450
7 154138.113698 154138.113698 154046.023698 154046.023698
9 154135.712342 154135.712342 154043.622342 154043.622342
35749 0.000000 0.000000 -92.090000 -92.090000
120000 108011.891025 0.000000 108011.891025 -92.090000
"function evaluation" "current f(x)" "best-so-far f(x)" "current af(x)+b"  "best af(x)+b"
1 2173259.298991 2173259.298991 2173167.208991 2173167.208991
3 2173259.296862 2173259.296862 2173167.206862 2173167.206862
6 2173259.294247 2173259.294247 2173167.204247 2173167.204247
7 2173253.811338 2173253.811338 2173161.721338 2173161.721338
9 2173231.665491 2173231.665491 2173139.575491 2173139.575491
11 981845.533807 981845.533807 981753.443807 981753.443807
14 981845.532927 981845.532927 981753.442927 981753.442927
15 981845.529721 981845.529721 981753.439721 981753.439721
17 981842.751077 981842.751077 981750.661077 981750.661077
19 981835.209412 981835.209412 981743.119412 981743.119412
31 205238.423362 205238.423362 205146.333362 205146.333362
33 205238.422326 205238.422326 205146.332326 205146.332326
36 205238.388195 205238.388195 205146.298195 205146.298195
38 205237.352930 205237.352930 205145.262930 205145.262930
39 205230.984842 205230.984842 205138.894842 205138.894842
36543 0.000000 0.000000 -92.090000 -92.090000
120000 108011.891025 0.000000 108011.891025 -92.090000
"function evaluation" "current f(x)" "best-so-far f(x)" "current af(x)+b"  "best af(x)+b"
1 18091300.321793 18091300.321793 18091212.431793 18091212.431793
4 18091300.318410 18091300.318410 18091212.428410 18091212.428410
5 18091300.265170 18091300.265170 18091212.375170 18091212.375170
7 18091299.151398 18091299.151398 18091211.261398 18091211.261398
9 18091214.088587 18091214.088587 18091126.198587 18091126.198587
21 359259.300923 359259.300923 359171.410923 359171.410923
24 359259.294782 359259.294782 359171.404782 359171.404782
27 359259.277111 359259.277111 359171.387111 359171.387111
29 359241.273695 359241.273695 359153.383695 359153.383695
71 70185.756606 70185.756606 70097.866606 70097.866606
74 70185.756289 70185.756289 70097.866289 70097.866289
76 70185.677051 70185.677051 70097.787051 70097.787051
80 70181.657814 70181.657814 70093.767814 70093.767814
35847 0.000000 0.000000 -87.890000 -87.890000
120000 9234015.966624 0.000000 9234015.966624 -87.890000
"function evaluation" "current f(x)" "best-so-far f(x)" "current af(x)+b"  "best af(x)+b"
1 1111750.424266 1111750.424266 1111662.534266 1111662.534266
2 1111750.424241 1111750.424241 1111662.534241 1111662.534241
4 1111750.421787 1111750.421787 1111662.531787 1111662.531787
6 1111750.396880 1111750.396880 1111662.506880 1111662.506880
8 1111748.953175 1111748.953175 1111661.063175 1111661.063175
10 1111723.708865 1111723.708865 1111635.818865 1111635.818865
11 307566.111032 307566.111032 307478.221032 307478.221032
14 307566.108590 307566.108590 307478.218590 307478.218590
15 307566.033448 307566.033448 307478.143448 307478.143448
17 307563.996533 307563.996533 307476.106533 307476.106533
20 307558.024954 307558.024954 307470.134954 307470.134954
31967 0.000000 0.000000 -87.890000 -87.890000
120000 9234015.966624 0.000000 9234015.966624 -87.890000
"function evaluation" "current f(x)" "best-so-far f(x)" "current af(x)+b"  "best af(x)+b"
1 418084.291631 418084.291631 417996.401631 417996.401631
4 418084.287047 418084.287047 417996.397047 417996.397047
6 418084.216416 418084.216416 417996.326416 417996.326416
7 418081.656791 418081.656791 417993.766791 417993.766791
121 368973.289074 368973.289074 368885.399074 368885.399074
122 368973.288913 368973.288913 368885.398913 368885.398913
124 368973.283202 368973.283202 368885.393202 368885.393202
126 368973.260481 368973.260481 368885.370481 368885.370481
127 368972.130071 368972.130071 368884.240071 368884.240071
129 368969.043678 368969.043678 368881.153678 368881.153678
401 148734.185906 148734.185906 148646.295906 148646.295906
404 148734.183332 148734.183332 148646.293332 148646.293332
405 148734.137838 148734.137838 148646.247838 148646.247838
408 148733.946482 148733.946482 148646.056482 148646.056482
410 148726.148445 148726.148445 148638.258445 148638.258445
34689 0.000000 0.000000 -87.890000 -87.890000
120000 9234015.966624 0.000000 9234015.966624 -87.890000
"function evaluation" "current f(x)" "best-so-far f(x)" "current af(x)+b"  "best af(x)+b"
1 3713346.050343 3713346.050343 3713666.240343 3713666.240343
3 3713346.044977 3713346.044977 3713666.234977 3713666.234977
5 3713345.978913 3713345.978913 3713666.168913 3713666.168913
7 3713343.051423 3713343.051423 3713663.241423 3713663.241423
9 3713299.155619 3713299.155619 3713619.345619 3713619.345619
71 2571546.117007 2571546.117007 2571866.307007 2571866.307007
73 2571546.114516 2571546.114516 2571866.304516 2571866.304516
75 2571546.107682 2571546.107682 2571866.297682 2571866.297682
77 2571543.104177 2571543.104177 2571863.294177 2571863.294177
79 2571520.652276 2571520.652276 2571840.842276 2571840.842276
81 208111.058352 208111.058352 208431.248352 208431.248352
83 208111.057985 208111.057985 208431.247985 208431.247985
85 208110.981147 208110.981147 208431.171147 208431.171147
87 208110.950155 208110.950155 208431.140155 208431.140155
89 208100.578385 208100.578385 208420.768385 208420.768385
151 6355.339613 6355.339613 6675.529613 6675.529613
152 6355.339491 6355.339491 6675.529491 6675.529491
153 6355.337417 6355.337417 6675.527417 6675.527417
155 6355.278934 6355.278934 6675.468934 6675.468934
157 6355.250194 6355.250194 6675.440194 6675.440194
160 6355.233823 6355.233823 6675.423823 6675.423823
33335 0.000000 0.000000 320.190000 320.190000
120000 0.000000 0.000000 0.000000 320.190000
"function evaluation" "current f(x)" "best-so-far f(x)" "current af(x)+b"  "best af(x)+b"
1 30233521.818591 30233521.818591 30233842.008591 30233842.008591
3 30233521.814119 30233521.814119 30233842.004119 30233842.004119
6 30233521.755083 30233521.755083 30233841.945083 30233841.945083
8 30233521.601370 30233521.601370 30233841.791370 30233841.791370
9 30233396.867479 30233396.867479 30233717.057479 30233717.057479
11 156329.230727 156329.230727 156649.420727 156649.420727
13 156329.228189 156329.228189 156649.418189 156649.418189
16 156329.222811 156329.222811 156649.412811 156649.412811
18 156328.168901 156328.168901 156648.358901 156648.358901
20 156322.869076 156322.869076 156643.059076 156643.059076
41 142007.169280 142007.169280 142327.359280 142327.359280
42 142007.169224 142007.169224 142327.359224 142327.359224
43 142007.167957 142007.167957 142327.357957 142327.357957
46 142007.088809 142007.088809 142327.278809 142327.278809
47 142007.049006 142007.049006 142327.239006 142327.239006
49 142003.111978 142003.111978 142323.301978 142323.301978
251 126853.669284 126853.669284 127173.859284 127173.859284
252 126853.669203 126853.669203 127173.859203 127173.859203
253 126853.668938 126853.668938 127173.858938 127173.858938
256 126853.652589 126853.652589 127173.842589 127173.842589
258 126852.808292 126852.808292 127172.998292 127172.998292
259 126851.589746 126851.589746 127171.779746 127171.779746
34311 0.000000 0.000000 320.190000 320.190000
120000 0.000000 0.000000 0.000000 320.190000
"function evaluation" "current f(x)" "best-so-far f(x)" "current af(x)+b"  "best af(x)+b"
1 68345862.500000 68345862.500000 68346182.690000 68346182.690000
3 68345862.497487 68345862.497487 68346182.687487 68346182.687487
5 68345862.494305 68345862.494305 68346182.684305 68346182.684305
7 68345858.881958 68345858.881958 68346179.071958 68346179.071958
9 68345784.084583 68345784.084583 68346104.274583 68346104.274583
11 58705649.101456 58705649.101456 58705969.291456 58705969.291456
14 58705649.101253 58705649.101253 58705969.291253 58705969.291253
15 58705649.095209 58705649.095209 58705969.285209 58705969.285209
17 58705646.191817 58705646.191817 58705966.381817 58705966.381817
19 58705511.307322 58705511.307322 58705831.497322 58705831.497322
21 23333352.301465 23333352.301465 23333672.491465 23333672.491465
24 23333352.301003 23333352.301003 23333672.491003 23333672.491003
26 23333352.223541 23333352.223541 23333672.413541 23333672.413541
27 23333349.581042 23333349.581042 23333669.771042 23333669.771042
29 23333267.877160 23333267.877160 23333588.067160 23333588.067160
41 11204789.493991 11204789.493991 11205109.683991 11205109.683991
43 11204789.492543 11204789.492543 11205109.682543 11205109.682543
46 11204789.457919 11204789.457919 11205109.647919 11205109.647919
48 11204788.411467 11204788.411467 11205108.601467 11205108.601467
49 11204717.683303 11204717.683303 11205037.873303 11205037.873303
61 6439102.663933 6439102.663933 6439422.853933 6439422.853933
63 6439102.658722 6439102.658722 6439422.848722 6439422.848722
66 6439102.585167 6439102.585167 6439422.775167 6439422.775167
68 6439101.574695 6439101.574695 6439421.764695 6439421.764695
69 6439049.940394 6439049.940394 6439370.130394 6439370.130394
81 1017011.413727 1017011.413727 1017331.603727 1017331.603727
84 1017011.412828 1017011.412828 1017331.602828 1017331.602828
86 1017011.410157 1017011.410157 1017331.600157 1017331.600157
87 1017007.422924 1017007.422924 1017327.612924 1017327.612924
90 1017007.048744 1017007.048744 1017327.238744 1017327.238744
131 450089.867457 450089.867457 450410.057457 450410.057457
133 450089.862151 450089.862151 450410.052151 450410.052151
135 450089.843113 450089.843113 450410.033113 450410.033113
138 450088.136469 450088.136469 450408.326469 450408.326469
140 450082.681425 450082.681425 450402.871425 450402.871425
171 94726.958981 94726.958981 95047.148981 95047.148981
174 94726.957708 94726.957708 95047.147708 95047.147708
176 94726.871128 94726.871128 95047.061128 95047.061128
178 94726.846263 94726.846263 95047.036263 95047.036263
180 94721.933270 94721.933270 95042.123270 95042.123270
34437 0.000000 0.000000 320.190000 320.190000
120000 0.000000 0.000000 0.000000 320.190000
"function evaluation" "current f(x)" "best-so-far f(x)" "current af(x)+b"  "best af(x)+b"
1 10382830.957657 10382830.957657 10382726.717657 10382726.717657
3 10382830.956287 10382830.956287 10382726.716287 10382726.716287
6 10382830.923788 10382830.923788 10382726.683788 10382726.683788
8 10382829.844213 10382829.844213 10382725.604213 10382725.604213
10 10382759.247605 10382759.247605 10382655.007605 10382655.007605
11 6152782.662247 6152782.662247 6152678.422247 6152678.422247
13 6152782.659339 6152782.659339 6152678.419339 6152678.419339
16 6152782.627913 6152782.627913 6152678.387913 6152678.387913
18 6152782.555183 6152782.555183 6152678.315183 6152678.315183
20 6152736.007669 6152736.007669 6152631.767669 6152631.767669
21 371230.125419 371230.125419 371125.885419 371125.885419
22 371230.125359 371230.125359 371125.885359 371125.885359
23 371230.122631 371230.122631 371125.882631 371125.882631
26 371230.046507 371230.046507 371125.806507 371125.806507
27 371229.946019 371229.946019 371125.706019 371125.706019
29 371211.795841 371211.795841 371107.555841 371107.555841
261 192054.520542 192054.520542 191950.280542 191950.280542
264 192054.520257 192054.520257 191950.280257 191950.280257
266 192054.478653 192054.478653 191950.238653 191950.238653
267 192054.359258 192054.359258 191950.119258 191950.119258
270 192046.583679 192046.583679 191942.343679 191942.343679
391 24868.670368 24868.670368 24764.430368 24764.430368
392 24868.670212 24868.670212 24764.430212 24764.430212
393 24868.667638 24868.667638 24764.427638 24764.427638
395 24868.665647 24868.665647 24764.425647 24764.425647
397 24868.550760 24868.550760 24764.310760 24764.310760
400 24866.405110 24866.405110 24762.165110 24762.165110
33335 0.000000 0.000000 -104.240000 -104.240000
120000 13798.271531 0.000000 13798.271531 -104.240000
"function evaluation" "current f(x)" "best-so-far f(x)" "current af(x)+b"  "best af(x)+b"
1 1982503.092067 1982503.092067 1982398.852067 1982398.852067
2 1982503.091907 1982503.091907 1982398.851907 1982398.851907
3 1982503.090622 1982503.090622 1982398.850622 1982398.850622
6 1982503.014007 1982503.014007 1982398.774007 1982398.774007
8 1982500.592314 1982500.592314 1982396.352314 1982396.352314
10 1982468.583702 1982468.583702 1982364.343702 1982364.343702
211 368021.256724 368021.256724 367917.016724 367917.016724
213 368021.253439 368021.253439 367917.013439 367917.013439
217 368019.939865 368019.939865 367915.699865 367915.699865
220 368013.092044 368013.092044 367908.852044 367908.852044
231 135035.145264 135035.145264 134930.905264 134930.905264
232 135035.145105 135035.145105 134930.905105 134930.905105
233 135035.144129 135035.144129 134930.904129 134930.904129
236 135035.067173 135035.067173 134930.827173 134930.827173
237 135034.736227 135034.736227 134930.496227 134930.496227
240 135031.583845 135031.583845 134927.343845 134927.343845
35385 0.000000 0.000000 -104.240000 -104.240000
120000 13798.271531 0.000000 13798.271531 -104.240000
"function evaluation" "current f(x)" "best-so-far f(x)" "current af(x)+b"  "best af(x)+b"
1 7686653.702872 7686653.702872 7686549.462872 7686549.462872
2 7686653.702848 7686653.702848 7686549.462848 7686549.462848
3 7686653.698591 7686653.698591 7686549.458591 7686549.458591
5 7686653.647252 7686653.647252 7686549.407252 7686549.407252
8 7686651.206858 7686651.206858 7686546.966858 7686546.966858
9 7686613.907186 7686613.907186 7686509.667186 7686509.667186
21 1031284.919120 1031284.919120 1031180.679120 1031180.679120
22 1031284.918964 1031284.918964 1031180.678964 1031180.678964
23 1031284.918843 1031284.918843 1031180.678843 1031180.678843
26 1031284.834304 1031284.834304 1031180.594304 1031180.594304
28 1031284.020150 1031284.020150 1031179.780150 1031179.780150
30 1031258.413649 1031258.413649 1031154.173649 1031154.173649
41 673448.669541 673448.669541 673344.429541 673344.429541
42 673448.669397 673448.669397 673344.429397 673344.429397
43 673448.668707 673448.668707 673344.428707 673344.428707
46 673448.661013 673448.661013 673344.421013 673344.421013
48 673446.131558 673446.131558 673341.891558 673341.891558
49 673444.643163 673444.643163 673340.403163 673340.403163
81 17211.650296 17211.650296 17107.410296 17107.410296
82 17211.650270 17211.650270 17107.410270 17107.410270
84 17211.650140 17211.650140 17107.410140 17107.410140
85 17211.581531 17211.581531 17107.341531 17107.341531
87 17211.442213 17211.442213 17107.202213 17107.202213
90 17208.950783 17208.950783 17104.710783 17104.710783
34157 0.000000 0.000000 -104.240000 -104.240000
120000 13798.271531 0.000000 13798.271531 -104.240000
