"function evaluation" "current f(x)" "best-so-far f(x)" "current af(x)+b"  "best af(x)+b"
1 27494822.760963 27494822.760963 27494612.880963 27494612.880963
4 27494822.760857 27494822.760857 27494612.880857 27494612.880857
6 27494822.760793 27494822.760793 27494612.880793 27494612.880793
8 27494822.760270 27494822.760270 27494612.880270 27494612.880270
12 27494822.758031 27494822.758031 27494612.878031 27494612.878031
16 27494822.756815 27494822.756815 27494612.876815 27494612.876815
17 27494822.731344 27494822.731344 27494612.851344 27494612.851344
22 27494822.644806 27494822.644806 27494612.764806 27494612.764806
24 27494822.523869 27494822.523869 27494612.643869 27494612.643869
26 27494821.965414 27494821.965414 27494612.085414 27494612.085414
29 27494819.162681 27494819.162681 27494609.282681 27494609.282681
33 27494803.825881 27494803.825881 27494593.945881 27494593.945881
36 27494792.385851 27494792.385851 27494582.505851 27494582.505851
37 27494783.140552 27494783.140552 27494573.260552 27494573.260552
41 13422545.297159 13422545.297159 13422335.417159 13422335.417159
44 13422545.296999 13422545.296999 13422335.416999 13422335.416999
45 13422545.296987 13422545.296987 13422335.416987 13422335.416987
48 13422545.295813 13422545.295813 13422335.415813 13422335.415813
50 13422545.295714 13422545.295714 13422335.415714 13422335.415714
52 13422545.294173 13422545.294173 13422335.414173 13422335.414173
54 13422545.286491 13422545.286491 13422335.406491 13422335.406491
57 13422545.284564 13422545.284564 13422335.404564 13422335.404564
60 13422545.242185 13422545.242185 13422335.362185 13422335.362185
64 13422545.212422 13422545.212422 13422335.332422 13422335.332422
66 13422544.503374 13422544.503374 13422334.623374 13422334.623374
68 13422544.349176 13422544.349176 13422334.469176 13422334.469176
71 13422541.041657 13422541.041657 13422331.161657 13422331.161657
73 13422527.400834 13422527.400834 13422317.520834 13422317.520834
77 13422513.443570 13422513.443570 13422303.563570 13422303.563570
81 2996655.000694 2996655.000694 2996445.120694 2996445.120694
83 2996655.000688 2996655.000688 2996445.120688 2996445.120688
86 2996655.000373 2996655.000373 2996445.120373 2996445.120373
89 2996654.999736 2996654.999736 2996445.119736 2996445.119736
91 2996654.999558 2996654.999558 2996445.119558 2996445.119558
94 2996654.993368 2996654.993368 2996445.113368 2996445.113368
96 2996654.987914 2996654.987914 2996445.107914 2996445.107914
98 2996654.986456 2996654.986456 2996445.106456 2996445.106456
100 2996654.946101 2996654.946101 2996445.066101 2996445.066101
102 2996654.887274 2996654.887274 2996445.007274 2996445.007274
107 2996654.322076 2996654.322076 2996444.442076 2996444.442076
110 2996654.073647 2996654.073647 2996444.193647 2996444.193647
111 2996652.646438 2996652.646438 2996442.766438 2996442.766438
117 2996650.290646 2996650.290646 2996440.410646 2996440.410646
119 2996649.223422 2996649.223422 2996439.343422 2996439.343422
1561 2839331.104762 2839331.104762 2839121.224762 2839121.224762
1562 2839331.104616 2839331.104616 2839121.224616 2839121.224616
1566 2839331.104583 2839331.104583 2839121.224583 2839121.224583
1567 2839331.104548 2839331.104548 2839121.224548 2839121.224548
1570 2839331.102847 2839331.102847 2839121.222847 2839121.222847
1574 2839331.100225 2839331.100225 2839121.220225 2839121.220225
1576 2839331.092024 2839331.092024 2839121.212024 2839121.212024
1580 2839331.082835 2839331.082835 2839121.202835 2839121.202835
1583 2839330.900146 2839330.900146 2839121.020146 2839121.020146
1586 2839330.345635 2839330.345635 2839120.465635 2839120.465635
1587 2839329.979930 2839329.979930 2839120.099930 2839120.099930
1592 2839329.268513 2839329.268513 2839119.388513 2839119.388513
1596 2839323.624895 2839323.624895 2839113.744895 2839113.744895
1598 2839314.297463 2839314.297463 2839104.417463 2839104.417463
1600 2839300.989611 2839300.989611 2839091.109611 2839091.109611
77755 0.000000 0.000000 -209.880000 -209.880000
270000 11009439.068132 0.000000 11009439.068132 -209.880000
"function evaluation" "current f(x)" "best-so-far f(x)" "current af(x)+b"  "best af(x)+b"
1 29018290.955853 29018290.955853 29018081.075853 29018081.075853
2 29018290.955696 29018290.955696 29018081.075696 29018081.075696
6 29018290.955629 29018290.955629 29018081.075629 29018081.075629
8 29018290.954473 29018290.954473 29018081.074473 29018081.074473
10 29018290.954239 29018290.954239 29018081.074239 29018081.074239
14 29018290.951265 29018290.951265 29018081.071265 29018081.071265
16 29018290.942732 29018290.942732 29018081.062732 29018081.062732
20 29018290.900322 29018290.900322 29018081.020322 29018081.020322
22 29018290.840314 29018290.840314 29018080.960314 29018080.960314
24 29018290.729417 29018290.729417 29018080.849417 29018080.849417
26 29018290.307879 29018290.307879 29018080.427879 29018080.427879
30 29018289.803639 29018289.803639 29018079.923639 29018079.923639
31 29018289.011092 29018289.011092 29018079.131092 29018079.131092
33 29018274.492656 29018274.492656 29018064.612656 29018064.612656
37 29018207.334675 29018207.334675 29017997.454675 29017997.454675
81 18326337.655716 18326337.655716 18326127.775716 18326127.775716
86 18326337.655421 18326337.655421 18326127.775421 18326127.775421
89 18326337.655322 18326337.655322 18326127.775322 18326127.775322
92 18326337.654258 18326337.654258 18326127.774258 18326127.774258
94 18326337.649475 18326337.649475 18326127.769475 18326127.769475
96 18326337.645794 18326337.645794 18326127.765794 18326127.765794
97 18326337.611780 18326337.611780 18326127.731780 18326127.731780
102 18326337.577153 18326337.577153 18326127.697153 18326127.697153
104 18326337.565413 18326337.565413 18326127.685413 18326127.685413
106 18326337.163619 18326337.163619 18326127.283619 18326127.283619
109 18326335.480480 18326335.480480 18326125.600480 18326125.600480
111 18326333.567285 18326333.567285 18326123.687285 18326123.687285
116 18326301.339724 18326301.339724 18326091.459724 18326091.459724
201 12528829.124536 12528829.124536 12528619.244536 12528619.244536
202 12528829.124530 12528829.124530 12528619.244530 12528619.244530
204 12528829.124367 12528829.124367 12528619.244367 12528619.244367
206 12528829.124362 12528829.124362 12528619.244362 12528619.244362
208 12528829.124282 12528829.124282 12528619.244282 12528619.244282
209 12528829.123814 12528829.123814 12528619.243814 12528619.243814
212 12528829.123267 12528829.123267 12528619.243267 12528619.243267
214 12528829.112815 12528829.112815 12528619.232815 12528619.232815
217 12528829.079650 12528829.079650 12528619.199650 12528619.199650
220 12528829.068814 12528829.068814 12528619.188814 12528619.188814
222 12528829.053169 12528829.053169 12528619.173169 12528619.173169
224 12528828.892229 12528828.892229 12528619.012229 12528619.012229
226 12528828.723949 12528828.723949 12528618.843949 12528618.843949
227 12528828.079551 12528828.079551 12528618.199551 12528618.199551
229 12528826.702368 12528826.702368 12528616.822368 12528616.822368
231 12528822.493131 12528822.493131 12528612.613131 12528612.613131
236 12528814.614065 12528814.614065 12528604.734065 12528604.734065
238 12528812.310156 12528812.310156 12528602.430156 12528602.430156
239 12528784.193484 12528784.193484 12528574.313484 12528574.313484
481 7049276.553873 7049276.553873 7049066.673873 7049066.673873
482 7049276.553804 7049276.553804 7049066.673804 7049066.673804
484 7049276.553677 7049276.553677 7049066.673677 7049066.673677
486 7049276.553494 7049276.553494 7049066.673494 7049066.673494
489 7049276.553237 7049276.553237 7049066.673237 7049066.673237
491 7049276.553135 7049276.553135 7049066.673135 7049066.673135
494 7049276.550295 7049276.550295 7049066.670295 7049066.670295
496 7049276.541940 7049276.541940 7049066.661940 7049066.661940
500 7049276.501981 7049276.501981 7049066.621981 7049066.621981
501 7049276.426481 7049276.426481 7049066.546481 7049066.546481
503 7049276.404197 7049276.404197 7049066.524197 7049066.524197
508 7049276.174741 7049276.174741 7049066.294741 7049066.294741
509 7049275.699662 7049275.699662 7049065.819662 7049065.819662
511 7049274.460108 7049274.460108 7049064.580108 7049064.580108
513 7049267.281403 7049267.281403 7049057.401403 7049057.401403
519 7049208.035514 7049208.035514 7048998.155514 7048998.155514
761 6257594.780123 6257594.780123 6257384.900123 6257384.900123
762 6257594.779963 6257594.779963 6257384.899963 6257384.899963
764 6257594.779878 6257594.779878 6257384.899878 6257384.899878
768 6257594.779758 6257594.779758 6257384.899758 6257384.899758
770 6257594.778588 6257594.778588 6257384.898588 6257384.898588
772 6257594.774492 6257594.774492 6257384.894492 6257384.894492
775 6257594.769221 6257594.769221 6257384.889221 6257384.889221
780 6257594.724104 6257594.724104 6257384.844104 6257384.844104
782 6257594.664921 6257594.664921 6257384.784921 6257384.784921
783 6257594.661823 6257594.661823 6257384.781823 6257384.781823
790 6257593.238631 6257593.238631 6257383.358631 6257383.358631
791 6257588.955204 6257588.955204 6257379.075204 6257379.075204
793 6257586.640931 6257586.640931 6257376.760931 6257376.760931
799 6257562.748079 6257562.748079 6257352.868079 6257352.868079
1081 6050919.372538 6050919.372538 6050709.492538 6050709.492538
1082 6050919.372365 6050919.372365 6050709.492365 6050709.492365
1086 6050919.371743 6050919.371743 6050709.491743 6050709.491743
1096 6050919.366755 6050919.366755 6050709.486755 6050709.486755
1097 6050919.361456 6050919.361456 6050709.481456 6050709.481456
1100 6050919.318027 6050919.318027 6050709.438027 6050709.438027
1104 6050919.291029 6050919.291029 6050709.411029 6050709.411029
1106 6050919.160027 6050919.160027 6050709.280027 6050709.280027
1107 6050917.529189 6050917.529189 6050707.649189 6050707.649189
1111 6050914.848885 6050914.848885 6050704.968885 6050704.968885
1116 6050902.102798 6050902.102798 6050692.222798 6050692.222798
1120 6050884.346704 6050884.346704 6050674.466704 6050674.466704
1441 2856616.282917 2856616.282917 2856406.402917 2856406.402917
1443 2856616.282783 2856616.282783 2856406.402783 2856406.402783
1448 2856616.282280 2856616.282280 2856406.402280 2856406.402280
1449 2856616.281662 2856616.281662 2856406.401662 2856406.401662
1454 2856616.280772 2856616.280772 2856406.400772 2856406.400772
1456 2856616.278648 2856616.278648 2856406.398648 2856406.398648
1458 2856616.272683 2856616.272683 2856406.392683 2856406.392683
1460 2856616.266145 2856616.266145 2856406.386145 2856406.386145
1462 2856616.167192 2856616.167192 2856406.287192 2856406.287192
1466 2856615.802651 2856615.802651 2856405.922651 2856405.922651
1468 2856615.790533 2856615.790533 2856405.910533 2856405.910533
1469 2856614.697312 2856614.697312 2856404.817312 2856404.817312
1471 2856611.724014 2856611.724014 2856401.844014 2856401.844014
1476 2856608.216460 2856608.216460 2856398.336460 2856398.336460
1480 2856587.366857 2856587.366857 2856377.486857 2856377.486857
83575 0.000000 0.000000 -209.880000 -209.880000
270000 11009439.068132 0.000000 11009439.068132 -209.880000
"function evaluation" "current f(x)" "best-so-far f(x)" "current af(x)+b"  "best af(x)+b"
1 21671588.760090 21671588.760090 21671378.880090 21671378.880090
2 21671588.759933 21671588.759933 21671378.879933 21671378.879933
10 21671588.759462 21671588.759462 21671378.879462 21671378.879462
11 21671588.758915 21671588.758915 21671378.878915 21671378.878915
15 21671588.746618 21671588.746618 21671378.866618 21671378.866618
20 21671588.732964 21671588.732964 21671378.852964 21671378.852964
24 21671588.527450 21671588.527450 21671378.647450 21671378.647450
27 21671587.696942 21671587.696942 21671377.816942 21671377.816942
30 21671587.248269 21671587.248269 21671377.368269 21671377.368269
31 21671586.912070 21671586.912070 21671377.032070 21671377.032070
33 21671572.647458 21671572.647458 21671362.767458 21671362.767458
36 21671562.028717 21671562.028717 21671352.148717 21671352.148717
40 21671558.124696 21671558.124696 21671348.244696 21671348.244696
161 17622233.534027 17622233.534027 17622023.654027 17622023.654027
162 17622233.533849 17622233.533849 17622023.653849 17622023.653849
166 17622233.533828 17622233.533828 17622023.653828 17622023.653828
170 17622233.532455 17622233.532455 17622023.652455 17622023.652455
172 17622233.531642 17622233.531642 17622023.651642 17622023.651642
174 17622233.527767 17622233.527767 17622023.647767 17622023.647767
176 17622233.522009 17622233.522009 17622023.642009 17622023.642009
180 17622233.441248 17622233.441248 17622023.561248 17622023.561248
184 17622233.301537 17622233.301537 17622023.421537 17622023.421537
186 17622232.106132 17622232.106132 17622022.226132 17622022.226132
191 17622229.311733 17622229.311733 17622019.431733 17622019.431733
193 17622218.329179 17622218.329179 17622008.449179 17622008.449179
196 17622208.714929 17622208.714929 17621998.834929 17621998.834929
201 14192187.798962 14192187.798962 14191977.918962 14191977.918962
202 14192187.798800 14192187.798800 14191977.918800 14191977.918800
204 14192187.798719 14192187.798719 14191977.918719 14191977.918719
208 14192187.797625 14192187.797625 14191977.917625 14191977.917625
210 14192187.797451 14192187.797451 14191977.917451 14191977.917451
212 14192187.794930 14192187.794930 14191977.914930 14191977.914930
214 14192187.788199 14192187.788199 14191977.908199 14191977.908199
218 14192187.772101 14192187.772101 14191977.892101 14191977.892101
220 14192187.686207 14192187.686207 14191977.806207 14191977.806207
226 14192186.431743 14192186.431743 14191976.551743 14191976.551743
229 14192185.988714 14192185.988714 14191976.108714 14191976.108714
233 14192168.417432 14192168.417432 14191958.537432 14191958.537432
237 14192158.092692 14192158.092692 14191948.212692 14191948.212692
240 14192143.365790 14192143.365790 14191933.485790 14191933.485790
241 2546814.234271 2546814.234271 2546604.354271 2546604.354271
242 2546814.234135 2546814.234135 2546604.354135 2546604.354135
244 2546814.234038 2546814.234038 2546604.354038 2546604.354038
246 2546814.233859 2546814.233859 2546604.353859 2546604.353859
248 2546814.233017 2546814.233017 2546604.353017 2546604.353017
250 2546814.232645 2546814.232645 2546604.352645 2546604.352645
253 2546814.230969 2546814.230969 2546604.350969 2546604.350969
256 2546814.222073 2546814.222073 2546604.342073 2546604.342073
257 2546814.186091 2546814.186091 2546604.306091 2546604.306091
260 2546814.161204 2546814.161204 2546604.281204 2546604.281204
264 2546814.152389 2546814.152389 2546604.272389 2546604.272389
266 2546813.338578 2546813.338578 2546603.458578 2546603.458578
269 2546812.430088 2546812.430088 2546602.550088 2546602.550088
271 2546809.494489 2546809.494489 2546599.614489 2546599.614489
273 2546809.352258 2546809.352258 2546599.472258 2546599.472258
280 2546806.082308 2546806.082308 2546596.202308 2546596.202308
83141 0.000000 0.000000 -209.880000 -209.880000
270000 11009439.068132 0.000000 11009439.068132 -209.880000
"function evaluation" "current f(x)" "best-so-far f(x)" "current af(x)+b"  "best af(x)+b"
1 16264752.213083 16264752.213083 16264660.123083 16264660.123083
4 16264752.212966 16264752.212966 16264660.122966 16264660.122966
7 16264752.212397 16264752.212397 16264660.122397 16264660.122397
9 16264752.211577 16264752.211577 16264660.121577 16264660.121577
11 16264752.209964 16264752.209964 16264660.119964 16264660.119964
14 16264752.209579 16264752.209579 16264660.119579 16264660.119579
16 16264752.208081 16264752.208081 16264660.118081 16264660.118081
18 16264752.201672 16264752.201672 16264660.111672 16264660.111672
20 16264752.201250 16264752.201250 16264660.111250 16264660.111250
22 16264751.976769 16264751.976769 16264659.886769 16264659.886769
27 16264751.586078 16264751.586078 16264659.496078 16264659.496078
30 16264750.132242 16264750.132242 16264658.042242 16264658.042242
36 16264725.417858 16264725.417858 16264633.327858 16264633.327858
38 16264715.040911 16264715.040911 16264622.950911 16264622.950911
361 13432963.200858 13432963.200858 13432871.110858 13432871.110858
362 13432963.200823 13432963.200823 13432871.110823 13432871.110823
366 13432963.200545 13432963.200545 13432871.110545 13432871.110545
367 13432963.199326 13432963.199326 13432871.109326 13432871.109326
371 13432963.197731 13432963.197731 13432871.107731 13432871.107731
375 13432963.196361 13432963.196361 13432871.106361 13432871.106361
378 13432963.181766 13432963.181766 13432871.091766 13432871.091766
380 13432963.144994 13432963.144994 13432871.054994 13432871.054994
382 13432963.058813 13432963.058813 13432870.968813 13432870.968813
383 13432962.942389 13432962.942389 13432870.852389 13432870.852389
387 13432962.769107 13432962.769107 13432870.679107 13432870.679107
389 13432962.530335 13432962.530335 13432870.440335 13432870.440335
392 13432958.649509 13432958.649509 13432866.559509 13432866.559509
393 13432953.882193 13432953.882193 13432861.792193 13432861.792193
396 13432948.261331 13432948.261331 13432856.171331 13432856.171331
400 13432913.732199 13432913.732199 13432821.642199 13432821.642199
721 10514283.513199 10514283.513199 10514191.423199 10514191.423199
722 10514283.513038 10514283.513038 10514191.423038 10514191.423038
723 10514283.513010 10514283.513010 10514191.423010 10514191.423010
725 10514283.512766 10514283.512766 10514191.422766 10514191.422766
729 10514283.512695 10514283.512695 10514191.422695 10514191.422695
731 10514283.512513 10514283.512513 10514191.422513 10514191.422513
733 10514283.506301 10514283.506301 10514191.416301 10514191.416301
735 10514283.506135 10514283.506135 10514191.416135 10514191.416135
737 10514283.484977 10514283.484977 10514191.394977 10514191.394977
744 10514283.412426 10514283.412426 10514191.322426 10514191.322426
745 10514283.404459 10514283.404459 10514191.314459 10514191.314459
747 10514282.874913 10514282.874913 10514190.784913 10514190.784913
750 10514281.088417 10514281.088417 10514188.998417 10514188.998417
756 10514261.797647 10514261.797647 10514169.707647 10514169.707647
1001 3082360.092292 3082360.092292 3082268.002292 3082268.002292
1002 3082360.092231 3082360.092231 3082268.002231 3082268.002231
1004 3082360.092097 3082360.092097 3082268.002097 3082268.002097
1005 3082360.091945 3082360.091945 3082268.001945 3082268.001945
1010 3082360.091740 3082360.091740 3082268.001740 3082268.001740
1011 3082360.089141 3082360.089141 3082267.999141 3082267.999141
1013 3082360.087779 3082360.087779 3082267.997779 3082267.997779
1016 3082360.077607 3082360.077607 3082267.987607 3082267.987607
1020 3082360.037371 3082360.037371 3082267.947371 3082267.947371
1023 3082359.952201 3082359.952201 3082267.862201 3082267.862201
1025 3082359.504732 3082359.504732 3082267.414732 3082267.414732
1028 3082359.087520 3082359.087520 3082266.997520 3082266.997520
1031 3082355.343843 3082355.343843 3082263.253843 3082263.253843
1036 3082349.806694 3082349.806694 3082257.716694 3082257.716694
80749 0.000000 0.000000 -92.090000 -92.090000
270000 8959149.730994 0.000000 8959149.730994 -92.090000
"function evaluation" "current f(x)" "best-so-far f(x)" "current af(x)+b"  "best af(x)+b"
1 68117197.459956 68117197.459956 68117105.369956 68117105.369956
2 68117197.459949 68117197.459949 68117105.369949 68117105.369949
3 68117197.459942 68117197.459942 68117105.369942 68117105.369942
6 68117197.459696 68117197.459696 68117105.369696 68117105.369696
7 68117197.459172 68117197.459172 68117105.369172 68117105.369172
9 68117197.458374 68117197.458374 68117105.368374 68117105.368374
11 68117197.457135 68117197.457135 68117105.367135 68117105.367135
13 68117197.453069 68117197.453069 68117105.363069 68117105.363069
16 68117197.446887 68117197.446887 68117105.356887 68117105.356887
18 68117197.433352 68117197.433352 68117105.343352 68117105.343352
24 68117197.310069 68117197.310069 68117105.220069 68117105.220069
30 68117194.867240 68117194.867240 68117102.777240 68117102.777240
33 68117181.285707 68117181.285707 68117089.195707 68117089.195707
36 68117179.231780 68117179.231780 68117087.141780 68117087.141780
38 68117142.696800 68117142.696800 68117050.606800 68117050.606800
39 68117039.534395 68117039.534395 68116947.444395 68116947.444395
41 29372261.523921 29372261.523921 29372169.433921 29372169.433921
44 29372261.523853 29372261.523853 29372169.433853 29372169.433853
45 29372261.523739 29372261.523739 29372169.433739 29372169.433739
48 29372261.523627 29372261.523627 29372169.433627 29372169.433627
51 29372261.520778 29372261.520778 29372169.430778 29372169.430778
54 29372261.517703 29372261.517703 29372169.427703 29372169.427703
57 29372261.512482 29372261.512482 29372169.422482 29372169.422482
59 29372261.489996 29372261.489996 29372169.399996 29372169.399996
62 29372261.463592 29372261.463592 29372169.373592 29372169.373592
63 29372261.273611 29372261.273611 29372169.183611 29372169.183611
70 29372256.888917 29372256.888917 29372164.798917 29372164.798917
76 29372238.060487 29372238.060487 29372145.970487 29372145.970487
78 29372222.763750 29372222.763750 29372130.673750 29372130.673750
79 29372205.600699 29372205.600699 29372113.510699 29372113.510699
161 21295661.232110 21295661.232110 21295569.142110 21295569.142110
162 21295661.231937 21295661.231937 21295569.141937 21295569.141937
164 21295661.231862 21295661.231862 21295569.141862 21295569.141862
167 21295661.231660 21295661.231660 21295569.141660 21295569.141660
170 21295661.230579 21295661.230579 21295569.140579 21295569.140579
171 21295661.229103 21295661.229103 21295569.139103 21295569.139103
176 21295661.226415 21295661.226415 21295569.136415 21295569.136415
178 21295661.220216 21295661.220216 21295569.130216 21295569.130216
182 21295661.111778 21295661.111778 21295569.021778 21295569.021778
186 21295661.047877 21295661.047877 21295568.957877 21295568.957877
188 21295660.238249 21295660.238249 21295568.148249 21295568.148249
190 21295657.564239 21295657.564239 21295565.474239 21295565.474239
193 21295644.428803 21295644.428803 21295552.338803 21295552.338803
198 21295622.459178 21295622.459178 21295530.369178 21295530.369178
241 20478550.537557 20478550.537557 20478458.447557 20478458.447557
242 20478550.537492 20478550.537492 20478458.447492 20478458.447492
243 20478550.537387 20478550.537387 20478458.447387 20478458.447387
246 20478550.537288 20478550.537288 20478458.447288 20478458.447288
247 20478550.537146 20478550.537146 20478458.447146 20478458.447146
249 20478550.536007 20478550.536007 20478458.446007 20478458.446007
253 20478550.535549 20478550.535549 20478458.445549 20478458.445549
256 20478550.534470 20478550.534470 20478458.444470 20478458.444470
260 20478550.482942 20478550.482942 20478458.392942 20478458.392942
264 20478550.433878 20478550.433878 20478458.343878 20478458.343878
265 20478550.242890 20478550.242890 20478458.152890 20478458.152890
268 20478549.673595 20478549.673595 20478457.583595 20478457.583595
270 20478548.478203 20478548.478203 20478456.388203 20478456.388203
272 20478545.912403 20478545.912403 20478453.822403 20478453.822403
273 20478540.779293 20478540.779293 20478448.689293 20478448.689293
276 20478524.788031 20478524.788031 20478432.698031 20478432.698031
278 20478512.124268 20478512.124268 20478420.034268 20478420.034268
401 18630242.302455 18630242.302455 18630150.212455 18630150.212455
402 18630242.302299 18630242.302299 18630150.212299 18630150.212299
406 18630242.302037 18630242.302037 18630150.212037 18630150.212037
408 18630242.301869 18630242.301869 18630150.211869 18630150.211869
410 18630242.301411 18630242.301411 18630150.211411 18630150.211411
411 18630242.298148 18630242.298148 18630150.208148 18630150.208148
414 18630242.296241 18630242.296241 18630150.206241 18630150.206241
415 18630242.291732 18630242.291732 18630150.201732 18630150.201732
418 18630242.290655 18630242.290655 18630150.200655 18630150.200655
422 18630242.186667 18630242.186667 18630150.096667 18630150.096667
425 18630241.769402 18630241.769402 18630149.679402 18630149.679402
430 18630237.512998 18630237.512998 18630145.422998 18630145.422998
433 18630232.778437 18630232.778437 18630140.688437 18630140.688437
436 18630224.081560 18630224.081560 18630131.991560 18630131.991560
439 18630201.916121 18630201.916121 18630109.826121 18630109.826121
481 15175514.536982 15175514.536982 15175422.446982 15175422.446982
482 15175514.536822 15175514.536822 15175422.446822 15175422.446822
485 15175514.536675 15175514.536675 15175422.446675 15175422.446675
487 15175514.535554 15175514.535554 15175422.445554 15175422.445554
489 15175514.535270 15175514.535270 15175422.445270 15175422.445270
495 15175514.531354 15175514.531354 15175422.441354 15175422.441354
497 15175514.517074 15175514.517074 15175422.427074 15175422.427074
503 15175514.502256 15175514.502256 15175422.412256 15175422.412256
507 15175513.712630 15175513.712630 15175421.622630 15175421.622630
511 15175509.954667 15175509.954667 15175417.864667 15175417.864667
516 15175496.319185 15175496.319185 15175404.229185 15175404.229185
519 15175471.601403 15175471.601403 15175379.511403 15175379.511403
561 12384904.251266 12384904.251266 12384812.161266 12384812.161266
564 12384904.251196 12384904.251196 12384812.161196 12384812.161196
566 12384904.250932 12384904.250932 12384812.160932 12384812.160932
568 12384904.250805 12384904.250805 12384812.160805 12384812.160805
571 12384904.249925 12384904.249925 12384812.159925 12384812.159925
573 12384904.244303 12384904.244303 12384812.154303 12384812.154303
575 12384904.241060 12384904.241060 12384812.151060 12384812.151060
578 12384904.224235 12384904.224235 12384812.134235 12384812.134235
582 12384904.221066 12384904.221066 12384812.131066 12384812.131066
583 12384903.994280 12384903.994280 12384811.904280 12384811.904280
587 12384903.244187 12384903.244187 12384811.154187 12384811.154187
590 12384902.746655 12384902.746655 12384810.656655 12384810.656655
591 12384902.226981 12384902.226981 12384810.136981 12384810.136981
594 12384900.755882 12384900.755882 12384808.665882 12384808.665882
596 12384889.855696 12384889.855696 12384797.765696 12384797.765696
598 12384887.456714 12384887.456714 12384795.366714 12384795.366714
600 12384841.146886 12384841.146886 12384749.056886 12384749.056886
761 3175706.828479 3175706.828479 3175614.738479 3175614.738479
764 3175706.828401 3175706.828401 3175614.738401 3175614.738401
765 3175706.828207 3175706.828207 3175614.738207 3175614.738207
770 3175706.827838 3175706.827838 3175614.737838 3175614.737838
771 3175706.825717 3175706.825717 3175614.735717 3175614.735717
774 3175706.822443 3175706.822443 3175614.732443 3175614.732443
778 3175706.816985 3175706.816985 3175614.726985 3175614.726985
782 3175706.687857 3175706.687857 3175614.597857 3175614.597857
783 3175706.417828 3175706.417828 3175614.327828 3175614.327828
788 3175705.932386 3175705.932386 3175613.842386 3175613.842386
792 3175702.439304 3175702.439304 3175610.349304 3175610.349304
799 3175700.373102 3175700.373102 3175608.283102 3175608.283102
1681 2784726.794976 2784726.794976 2784634.704976 2784634.704976
1684 2784726.794943 2784726.794943 2784634.704943 2784634.704943
1689 2784726.793417 2784726.793417 2784634.703417 2784634.703417
1697 2784726.765236 2784726.765236 2784634.675236 2784634.675236
1702 2784726.650878 2784726.650878 2784634.560878 2784634.560878
1707 2784725.659513 2784725.659513 2784633.569513 2784633.569513
1716 2784711.913058 2784711.913058 2784619.823058 2784619.823058
80609 0.000000 0.000000 -92.090000 -92.090000
270000 8959149.730994 0.000000 8959149.730994 -92.090000
"function evaluation" "current f(x)" "best-so-far f(x)" "current af(x)+b"  "best af(x)+b"
1 14554419.709234 14554419.709234 14554327.619234 14554327.619234
4 14554419.709075 14554419.709075 14554327.619075 14554327.619075
9 14554419.708793 14554419.708793 14554327.618793 14554327.618793
11 14554419.702780 14554419.702780 14554327.612780 14554327.612780
20 14554419.648777 14554419.648777 14554327.558777 14554327.558777
22 14554419.537482 14554419.537482 14554327.447482 14554327.447482
25 14554419.161310 14554419.161310 14554327.071310 14554327.071310
29 14554419.001171 14554419.001171 14554326.911171 14554326.911171
33 14554418.051237 14554418.051237 14554325.961237 14554325.961237
36 14554384.021481 14554384.021481 14554291.931481 14554291.931481
39 14554378.809656 14554378.809656 14554286.719656 14554286.719656
401 3813200.003634 3813200.003634 3813107.913634 3813107.913634
402 3813200.003630 3813200.003630 3813107.913630 3813107.913630
404 3813200.003435 3813200.003435 3813107.913435 3813107.913435
407 3813200.002890 3813200.002890 3813107.912890 3813107.912890
409 3813200.002009 3813200.002009 3813107.912009 3813107.912009
411 3813200.000206 3813200.000206 3813107.910206 3813107.910206
418 3813199.992467 3813199.992467 3813107.902467 3813107.902467
420 3813199.968057 3813199.968057 3813107.878057 3813107.878057
422 3813199.832731 3813199.832731 3813107.742731 3813107.742731
423 3813199.738408 3813199.738408 3813107.648408 3813107.648408
428 3813199.076464 3813199.076464 3813106.986464 3813106.986464
430 3813195.715443 3813195.715443 3813103.625443 3813103.625443
433 3813194.729103 3813194.729103 3813102.639103 3813102.639103
437 3813193.068149 3813193.068149 3813100.978149 3813100.978149
83141 0.000000 0.000000 -92.090000 -92.090000
270000 8959149.730994 0.000000 8959149.730994 -92.090000
"function evaluation" "current f(x)" "best-so-far f(x)" "current af(x)+b"  "best af(x)+b"
1 4632944.007219 4632944.007219 4632856.117219 4632856.117219
2 4632944.007066 4632944.007066 4632856.117066 4632856.117066
4 4632944.007032 4632944.007032 4632856.117032 4632856.117032
6 4632944.006826 4632944.006826 4632856.116826 4632856.116826
9 4632944.005326 4632944.005326 4632856.115326 4632856.115326
13 4632943.998835 4632943.998835 4632856.108835 4632856.108835
17 4632943.992918 4632943.992918 4632856.102918 4632856.102918
22 4632943.815587 4632943.815587 4632855.925587 4632855.925587
26 4632943.517737 4632943.517737 4632855.627737 4632855.627737
31 4632940.159295 4632940.159295 4632852.269295 4632852.269295
33 4632933.960871 4632933.960871 4632846.070871 4632846.070871
40 4632908.758454 4632908.758454 4632820.868454 4632820.868454
481 4214136.686353 4214136.686353 4214048.796353 4214048.796353
484 4214136.686319 4214136.686319 4214048.796319 4214048.796319
486 4214136.686024 4214136.686024 4214048.796024 4214048.796024
491 4214136.685976 4214136.685976 4214048.795976 4214048.795976
493 4214136.678895 4214136.678895 4214048.788895 4214048.788895
498 4214136.675001 4214136.675001 4214048.785001 4214048.785001
500 4214136.631361 4214136.631361 4214048.741361 4214048.741361
502 4214136.461771 4214136.461771 4214048.571771 4214048.571771
509 4214135.351910 4214135.351910 4214047.461910 4214047.461910
511 4214132.998898 4214132.998898 4214045.108898 4214045.108898
516 4214131.560136 4214131.560136 4214043.670136 4214043.670136
518 4214120.429171 4214120.429171 4214032.539171 4214032.539171
520 4214106.232478 4214106.232478 4214018.342478 4214018.342478
721 2397693.667961 2397693.667961 2397605.777961 2397605.777961
722 2397693.667850 2397693.667850 2397605.777850 2397605.777850
724 2397693.667777 2397693.667777 2397605.777777 2397605.777777
728 2397693.667660 2397693.667660 2397605.777660 2397605.777660
729 2397693.666992 2397693.666992 2397605.776992 2397605.776992
732 2397693.666873 2397693.666873 2397605.776873 2397605.776873
736 2397693.661480 2397693.661480 2397605.771480 2397605.771480
740 2397693.651804 2397693.651804 2397605.761804 2397605.761804
742 2397693.513233 2397693.513233 2397605.623233 2397605.623233
743 2397693.462422 2397693.462422 2397605.572422 2397605.572422
748 2397692.549527 2397692.549527 2397604.659527 2397604.659527
752 2397691.745431 2397691.745431 2397603.855431 2397603.855431
756 2397685.380095 2397685.380095 2397597.490095 2397597.490095
80637 0.000000 0.000000 -87.890000 -87.890000
270000 11911135.447911 0.000000 11911135.447911 -87.890000
"function evaluation" "current f(x)" "best-so-far f(x)" "current af(x)+b"  "best af(x)+b"
1 8779590.672089 8779590.672089 8779502.782089 8779502.782089
7 8779590.671347 8779590.671347 8779502.781347 8779502.781347
11 8779590.668017 8779590.668017 8779502.778017 8779502.778017
13 8779590.665385 8779590.665385 8779502.775385 8779502.775385
16 8779590.659309 8779590.659309 8779502.769309 8779502.769309
17 8779590.639792 8779590.639792 8779502.749792 8779502.749792
20 8779590.616295 8779590.616295 8779502.726295 8779502.726295
23 8779590.520328 8779590.520328 8779502.630328 8779502.630328
26 8779590.470773 8779590.470773 8779502.580773 8779502.580773
28 8779590.312481 8779590.312481 8779502.422481 8779502.422481
30 8779589.952648 8779589.952648 8779502.062648 8779502.062648
32 8779589.092042 8779589.092042 8779501.202042 8779501.202042
34 8779586.750592 8779586.750592 8779498.860592 8779498.860592
38 8779559.804917 8779559.804917 8779471.914917 8779471.914917
281 6627730.137967 6627730.137967 6627642.247967 6627642.247967
284 6627730.137965 6627730.137965 6627642.247965 6627642.247965
286 6627730.137859 6627730.137859 6627642.247859 6627642.247859
292 6627730.134932 6627730.134932 6627642.244932 6627642.244932
295 6627730.134721 6627730.134721 6627642.244721 6627642.244721
298 6627730.127358 6627730.127358 6627642.237358 6627642.237358
300 6627730.034371 6627730.034371 6627642.144371 6627642.144371
302 6627729.953068 6627729.953068 6627642.063068 6627642.063068
308 6627729.143892 6627729.143892 6627641.253892 6627641.253892
310 6627728.027857 6627728.027857 6627640.137857 6627640.137857
311 6627727.516429 6627727.516429 6627639.626429 6627639.626429
313 6627720.809837 6627720.809837 6627632.919837 6627632.919837
320 6627698.688090 6627698.688090 6627610.798090 6627610.798090
641 6188662.149129 6188662.149129 6188574.259129 6188574.259129
644 6188662.148978 6188662.148978 6188574.258978 6188574.258978
647 6188662.147601 6188662.147601 6188574.257601 6188574.257601
652 6188662.146629 6188662.146629 6188574.256629 6188574.256629
653 6188662.146272 6188662.146272 6188574.256272 6188574.256272
656 6188662.136625 6188662.136625 6188574.246625 6188574.246625
657 6188662.093044 6188662.093044 6188574.203044 6188574.203044
662 6188661.965689 6188661.965689 6188574.075689 6188574.075689
663 6188661.895199 6188661.895199 6188574.005199 6188574.005199
666 6188661.435639 6188661.435639 6188573.545639 6188573.545639
671 6188657.200675 6188657.200675 6188569.310675 6188569.310675
676 6188657.056650 6188657.056650 6188569.166650 6188569.166650
678 6188645.826796 6188645.826796 6188557.936796 6188557.936796
680 6188626.975064 6188626.975064 6188539.085064 6188539.085064
1441 5967360.363900 5967360.363900 5967272.473900 5967272.473900
1445 5967360.363649 5967360.363649 5967272.473649 5967272.473649
1447 5967360.362857 5967360.362857 5967272.472857 5967272.472857
1449 5967360.361183 5967360.361183 5967272.471183 5967272.471183
1453 5967360.350947 5967360.350947 5967272.460947 5967272.460947
1460 5967360.340344 5967360.340344 5967272.450344 5967272.450344
1462 5967360.165118 5967360.165118 5967272.275118 5967272.275118
1468 5967359.341899 5967359.341899 5967271.451899 5967271.451899
1469 5967358.166579 5967358.166579 5967270.276579 5967270.276579
1471 5967357.215621 5967357.215621 5967269.325621 5967269.325621
1474 5967357.128946 5967357.128946 5967269.238946 5967269.238946
1475 5967356.287938 5967356.287938 5967268.397938 5967268.397938
1478 5967329.561549 5967329.561549 5967241.671549 5967241.671549
83043 0.000000 0.000000 -87.890000 -87.890000
270000 11911135.447911 0.000000 11911135.447911 -87.890000
"function evaluation" "current f(x)" "best-so-far f(x)" "current af(x)+b"  "best af(x)+b"
1 21841026.811258 21841026.811258 21840938.921258 21840938.921258
4 21841026.811177 21841026.811177 21840938.921177 21840938.921177
5 21841026.811002 21841026.811002 21840938.921002 21840938.921002
9 21841026.809802 21841026.809802 21840938.919802 21840938.919802
13 21841026.804789 21841026.804789 21840938.914789 21840938.914789
17 21841026.754493 21841026.754493 21840938.864493 21840938.864493
21 21841026.748409 21841026.748409 21840938.858409 21840938.858409
23 21841026.613838 21841026.613838 21840938.723838 21840938.723838
26 21841026.116106 21841026.116106 21840938.226106 21840938.226106
29 21841024.990764 21841024.990764 21840937.100764 21840937.100764
31 21841022.336854 21841022.336854 21840934.446854 21840934.446854
36 21840988.643379 21840988.643379 21840900.753379 21840900.753379
41 16888770.545982 16888770.545982 16888682.655982 16888682.655982
42 16888770.545826 16888770.545826 16888682.655826 16888682.655826
44 16888770.545786 16888770.545786 16888682.655786 16888682.655786
46 16888770.545619 16888770.545619 16888682.655619 16888682.655619
47 16888770.544552 16888770.544552 16888682.654552 16888682.654552
51 16888770.544503 16888770.544503 16888682.654503 16888682.654503
53 16888770.532623 16888770.532623 16888682.642623 16888682.642623
57 16888770.507922 16888770.507922 16888682.617922 16888682.617922
62 16888770.376143 16888770.376143 16888682.486143 16888682.486143
65 16888770.232078 16888770.232078 16888682.342078 16888682.342078
68 16888769.666679 16888769.666679 16888681.776679 16888681.776679
69 16888768.205358 16888768.205358 16888680.315358 16888680.315358
71 16888764.902071 16888764.902071 16888677.012071 16888677.012071
73 16888761.519401 16888761.519401 16888673.629401 16888673.629401
80 16888693.495026 16888693.495026 16888605.605026 16888605.605026
81 13627705.402423 13627705.402423 13627617.512423 13627617.512423
82 13627705.402263 13627705.402263 13627617.512263 13627617.512263
86 13627705.402000 13627705.402000 13627617.512000 13627617.512000
87 13627705.401688 13627705.401688 13627617.511688 13627617.511688
91 13627705.399012 13627705.399012 13627617.509012 13627617.509012
93 13627705.390011 13627705.390011 13627617.500011 13627617.500011
97 13627705.357009 13627705.357009 13627617.467009 13627617.467009
103 13627705.207079 13627705.207079 13627617.317079 13627617.317079
106 13627705.050693 13627705.050693 13627617.160693 13627617.160693
107 13627704.921800 13627704.921800 13627617.031800 13627617.031800
110 13627703.460410 13627703.460410 13627615.570410 13627615.570410
114 13627701.436977 13627701.436977 13627613.546977 13627613.546977
116 13627699.011030 13627699.011030 13627611.121030 13627611.121030
117 13627665.375448 13627665.375448 13627577.485448 13627577.485448
281 11054556.543030 11054556.543030 11054468.653030 11054468.653030
283 11054556.543005 11054556.543005 11054468.653005 11054468.653005
286 11054556.542920 11054556.542920 11054468.652920 11054468.652920
287 11054556.542433 11054556.542433 11054468.652433 11054468.652433
289 11054556.539866 11054556.539866 11054468.649866 11054468.649866
293 11054556.539065 11054556.539065 11054468.649065 11054468.649065
296 11054556.535186 11054556.535186 11054468.645186 11054468.645186
297 11054556.485715 11054556.485715 11054468.595715 11054468.595715
300 11054556.447179 11054556.447179 11054468.557179 11054468.557179
303 11054556.027435 11054556.027435 11054468.137435 11054468.137435
308 11054555.521817 11054555.521817 11054467.631817 11054467.631817
309 11054553.097551 11054553.097551 11054465.207551 11054465.207551
311 11054551.988666 11054551.988666 11054464.098666 11054464.098666
316 11054540.242954 11054540.242954 11054452.352954 11054452.352954
318 11054532.248556 11054532.248556 11054444.358556 11054444.358556
319 11054504.932954 11054504.932954 11054417.042954 11054417.042954
361 8358833.571091 8358833.571091 8358745.681091 8358745.681091
362 8358833.570935 8358833.570935 8358745.680935 8358745.680935
364 8358833.570850 8358833.570850 8358745.680850 8358745.680850
365 8358833.570823 8358833.570823 8358745.680823 8358745.680823
367 8358833.570240 8358833.570240 8358745.680240 8358745.680240
369 8358833.569810 8358833.569810 8358745.679810 8358745.679810
371 8358833.567824 8358833.567824 8358745.677824 8358745.677824
373 8358833.561361 8358833.561361 8358745.671361 8358745.671361
375 8358833.561127 8358833.561127 8358745.671127 8358745.671127
378 8358833.558096 8358833.558096 8358745.668096 8358745.668096
380 8358833.466720 8358833.466720 8358745.576720 8358745.576720
384 8358833.466408 8358833.466408 8358745.576408 8358745.576408
386 8358833.418073 8358833.418073 8358745.528073 8358745.528073
388 8358832.929191 8358832.929191 8358745.039191 8358745.039191
390 8358831.583085 8358831.583085 8358743.693085 8358743.693085
393 8358823.512337 8358823.512337 8358735.622337 8358735.622337
398 8358817.949193 8358817.949193 8358730.059193 8358730.059193
400 8358804.764633 8358804.764633 8358716.874633 8358716.874633
521 3774930.000212 3774930.000212 3774842.110212 3774842.110212
522 3774930.000148 3774930.000148 3774842.110148 3774842.110148
524 3774930.000014 3774930.000014 3774842.110014 3774842.110014
529 3774929.999541 3774929.999541 3774842.109541 3774842.109541
532 3774929.997380 3774929.997380 3774842.107380 3774842.107380
535 3774929.987944 3774929.987944 3774842.097944 3774842.097944
537 3774929.955103 3774929.955103 3774842.065103 3774842.065103
540 3774929.944762 3774929.944762 3774842.054762 3774842.054762
542 3774929.854379 3774929.854379 3774841.964379 3774841.964379
543 3774929.648913 3774929.648913 3774841.758913 3774841.758913
546 3774929.513970 3774929.513970 3774841.623970 3774841.623970
549 3774928.356722 3774928.356722 3774840.466722 3774840.466722
551 3774928.024146 3774928.024146 3774840.134146 3774840.134146
554 3774926.451500 3774926.451500 3774838.561500 3774838.561500
558 3774915.336442 3774915.336442 3774827.446442 3774827.446442
559 3774891.047522 3774891.047522 3774803.157522 3774803.157522
83253 0.000000 0.000000 -87.890000 -87.890000
270000 11911135.447911 0.000000 11911135.447911 -87.890000
"function evaluation" "current f(x)" "best-so-far f(x)" "current af(x)+b"  "best af(x)+b"
1 8537077.079898 8537077.079898 8537397.269898 8537397.269898
3 8537077.079842 8537077.079842 8537397.269842 8537397.269842
5 8537077.079779 8537077.079779 8537397.269779 8537397.269779
8 8537077.079241 8537077.079241 8537397.269241 8537397.269241
9 8537077.078562 8537077.078562 8537397.268562 8537397.268562
14 8537077.077515 8537077.077515 8537397.267515 8537397.267515
15 8537077.054814 8537077.054814 8537397.244814 8537397.244814
17 8537077.033633 8537077.033633 8537397.223633 8537397.223633
20 8537077.024014 8537077.024014 8537397.214014 8537397.214014
22 8537076.988984 8537076.988984 8537397.178984 8537397.178984
23 8537076.940572 8537076.940572 8537397.130572 8537397.130572
26 8537076.895488 8537076.895488 8537397.085488 8537397.085488
28 8537076.720309 8537076.720309 8537396.910309 8537396.910309
29 8537075.540626 8537075.540626 8537395.730626 8537395.730626
32 8537072.950291 8537072.950291 8537393.140291 8537393.140291
34 8537070.442297 8537070.442297 8537390.632297 8537390.632297
36 8537069.818346 8537069.818346 8537390.008346 8537390.008346
37 8537044.999138 8537044.999138 8537365.189138 8537365.189138
41 4924071.167221 4924071.167221 4924391.357221 4924391.357221
42 4924071.167164 4924071.167164 4924391.357164 4924391.357164
43 4924071.167162 4924071.167162 4924391.357162 4924391.357162
46 4924071.166848 4924071.166848 4924391.356848 4924391.356848
48 4924071.166481 4924071.166481 4924391.356481 4924391.356481
49 4924071.166057 4924071.166057 4924391.356057 4924391.356057
52 4924071.166028 4924071.166028 4924391.356028 4924391.356028
54 4924071.161050 4924071.161050 4924391.351050 4924391.351050
56 4924071.160065 4924071.160065 4924391.350065 4924391.350065
57 4924071.139344 4924071.139344 4924391.329344 4924391.329344
64 4924070.926743 4924070.926743 4924391.116743 4924391.116743
65 4924070.624961 4924070.624961 4924390.814961 4924390.814961
67 4924068.964133 4924068.964133 4924389.154133 4924389.154133
72 4924066.905201 4924066.905201 4924387.095201 4924387.095201
78 4924054.967880 4924054.967880 4924375.157880 4924375.157880
201 4053273.749194 4053273.749194 4053593.939194 4053593.939194
202 4053273.749094 4053273.749094 4053593.939094 4053593.939094
203 4053273.748796 4053273.748796 4053593.938796 4053593.938796
207 4053273.748398 4053273.748398 4053593.938398 4053593.938398
209 4053273.747642 4053273.747642 4053593.937642 4053593.937642
214 4053273.741739 4053273.741739 4053593.931739 4053593.931739
215 4053273.735734 4053273.735734 4053593.925734 4053593.925734
217 4053273.730682 4053273.730682 4053593.920682 4053593.920682
220 4053273.722703 4053273.722703 4053593.912703 4053593.912703
222 4053273.635673 4053273.635673 4053593.825673 4053593.825673
226 4053273.539049 4053273.539049 4053593.729049 4053593.729049
228 4053273.430266 4053273.430266 4053593.620266 4053593.620266
230 4053271.664496 4053271.664496 4053591.854496 4053591.854496
234 4053269.772938 4053269.772938 4053589.962938 4053589.962938
238 4053251.139443 4053251.139443 4053571.329443 4053571.329443
83113 0.000000 0.000000 320.190000 320.190000
270000 0.000000 0.000000 0.000000 320.190000
"function evaluation" "current f(x)" "best-so-far f(x)" "current af(x)+b"  "best af(x)+b"
1 38448703.126268 38448703.126268 38449023.316268 38449023.316268
7 38448703.125875 38448703.125875 38449023.315875 38449023.315875
9 38448703.123469 38448703.123469 38449023.313469 38449023.313469
12 38448703.122702 38448703.122702 38449023.312702 38449023.312702
13 38448703.121375 38448703.121375 38449023.311375 38449023.311375
16 38448703.121276 38448703.121276 38449023.311276 38449023.311276
17 38448703.096622 38448703.096622 38449023.286622 38449023.286622
21 38448703.067594 38448703.067594 38449023.257594 38449023.257594
24 38448703.043247 38448703.043247 38449023.233247 38449023.233247
26 38448702.958540 38448702.958540 38449023.148540 38449023.148540
28 38448702.768825 38448702.768825 38449022.958825 38449022.958825
29 38448702.270652 38448702.270652 38449022.460652 38449022.460652
31 38448701.334303 38448701.334303 38449021.524303 38449021.524303
34 38448694.011052 38448694.011052 38449014.201052 38449014.201052
40 38448602.924245 38448602.924245 38448923.114245 38448923.114245
41 14160682.464540 14160682.464540 14161002.654540 14161002.654540
43 14160682.464411 14160682.464411 14161002.654411 14161002.654411
47 14160682.464004 14160682.464004 14161002.654004 14161002.654004
52 14160682.457300 14160682.457300 14161002.647300 14161002.647300
55 14160682.449141 14160682.449141 14161002.639141 14161002.639141
59 14160682.436094 14160682.436094 14161002.626094 14161002.626094
61 14160682.267171 14160682.267171 14161002.457171 14161002.457171
64 14160682.178717 14160682.178717 14161002.368717 14161002.368717
67 14160681.798638 14160681.798638 14161001.988638 14161001.988638
72 14160675.831619 14160675.831619 14160996.021619 14160996.021619
74 14160673.661846 14160673.661846 14160993.851846 14160993.851846
78 14160645.120091 14160645.120091 14160965.310091 14160965.310091
201 1544955.618317 1544955.618317 1545275.808317 1545275.808317
203 1544955.618082 1544955.618082 1545275.808082 1545275.808082
205 1544955.618064 1544955.618064 1545275.808064 1545275.808064
209 1544955.615302 1544955.615302 1545275.805302 1545275.805302
214 1544955.604662 1544955.604662 1545275.794662 1545275.794662
221 1544955.499951 1544955.499951 1545275.689951 1545275.689951
225 1544955.401366 1544955.401366 1545275.591366 1545275.591366
228 1544954.773324 1544954.773324 1545274.963324 1545274.963324
229 1544953.764400 1544953.764400 1545273.954400 1545273.954400
235 1544953.137574 1544953.137574 1545273.327574 1545273.327574
237 1544952.385846 1544952.385846 1545272.575846 1545272.575846
239 1544947.421029 1544947.421029 1545267.611029 1545267.611029
83001 0.000000 0.000000 320.190000 320.190000
270000 0.000000 0.000000 0.000000 320.190000
"function evaluation" "current f(x)" "best-so-far f(x)" "current af(x)+b"  "best af(x)+b"
1 34575909.920720 34575909.920720 34576230.110720 34576230.110720
7 34575909.920654 34575909.920654 34576230.110654 34576230.110654
12 34575909.917495 34575909.917495 34576230.107495 34576230.107495
14 34575909.909197 34575909.909197 34576230.099197 34576230.099197
19 34575909.863815 34575909.863815 34576230.053815 34576230.053815
26 34575909.744004 34575909.744004 34576229.934004 34576229.934004
27 34575909.369403 34575909.369403 34576229.559403 34576229.559403
30 34575907.799556 34575907.799556 34576227.989556 34576227.989556
32 34575904.561444 34575904.561444 34576224.751444 34576224.751444
34 34575901.114383 34575901.114383 34576221.304383 34576221.304383
36 34575892.205279 34575892.205279 34576212.395279 34576212.395279
38 34575838.105658 34575838.105658 34576158.295658 34576158.295658
41 30780730.965301 30780730.965301 30781051.155301 30781051.155301
42 30780730.965142 30780730.965142 30781051.155142 30781051.155142
46 30780730.964840 30780730.964840 30781051.154840 30781051.154840
49 30780730.963348 30780730.963348 30781051.153348 30781051.153348
52 30780730.963109 30780730.963109 30781051.153109 30781051.153109
54 30780730.958470 30780730.958470 30781051.148470 30781051.148470
57 30780730.908131 30780730.908131 30781051.098131 30781051.098131
64 30780730.868722 30780730.868722 30781051.058722 30781051.058722
67 30780729.913273 30780729.913273 30781050.103273 30781050.103273
70 30780728.872776 30780728.872776 30781049.062776 30781049.062776
74 30780727.690309 30780727.690309 30781047.880309 30781047.880309
75 30780710.469905 30780710.469905 30781030.659905 30781030.659905
78 30780655.166856 30780655.166856 30780975.356856 30780975.356856
121 28238051.818612 28238051.818612 28238372.008612 28238372.008612
126 28238051.818529 28238051.818529 28238372.008529 28238372.008529
130 28238051.818496 28238051.818496 28238372.008496 28238372.008496
132 28238051.814930 28238051.814930 28238372.004930 28238372.004930
135 28238051.805054 28238051.805054 28238371.995054 28238371.995054
137 28238051.802103 28238051.802103 28238371.992103 28238371.992103
140 28238051.797840 28238051.797840 28238371.987840 28238371.987840
142 28238051.777502 28238051.777502 28238371.967502 28238371.967502
144 28238051.628454 28238051.628454 28238371.818454 28238371.818454
145 28238051.562053 28238051.562053 28238371.752053 28238371.752053
147 28238051.363439 28238051.363439 28238371.553439 28238371.553439
150 28238050.390001 28238050.390001 28238370.580001 28238370.580001
154 28238030.303161 28238030.303161 28238350.493161 28238350.493161
158 28238013.095859 28238013.095859 28238333.285859 28238333.285859
160 28237975.182984 28237975.182984 28238295.372984 28238295.372984
161 9406896.106720 9406896.106720 9407216.296720 9407216.296720
162 9406896.106562 9406896.106562 9407216.296562 9407216.296562
163 9406896.106297 9406896.106297 9407216.296297 9407216.296297
169 9406896.105838 9406896.105838 9407216.295838 9407216.295838
172 9406896.100588 9406896.100588 9407216.290588 9407216.290588
175 9406896.082395 9406896.082395 9407216.272395 9407216.272395
180 9406896.081114 9406896.081114 9407216.271114 9407216.271114
181 9406896.020053 9406896.020053 9407216.210053 9407216.210053
186 9406895.891666 9406895.891666 9407216.081666 9407216.081666
187 9406895.811867 9406895.811867 9407216.001867 9407216.001867
189 9406894.410340 9406894.410340 9407214.600340 9407214.600340
191 9406893.996768 9406893.996768 9407214.186768 9407214.186768
194 9406874.039575 9406874.039575 9407194.229575 9407194.229575
197 9406872.519591 9406872.519591 9407192.709591 9407192.709591
361 5543009.458597 5543009.458597 5543329.648597 5543329.648597
363 5543009.458497 5543009.458497 5543329.648497 5543329.648497
367 5543009.458317 5543009.458317 5543329.648317 5543329.648317
369 5543009.455544 5543009.455544 5543329.645544 5543329.645544
376 5543009.449160 5543009.449160 5543329.639160 5543329.639160
377 5543009.425018 5543009.425018 5543329.615018 5543329.615018
379 5543009.400463 5543009.400463 5543329.590463 5543329.590463
384 5543009.219315 5543009.219315 5543329.409315 5543329.409315
387 5543008.396699 5543008.396699 5543328.586699 5543328.586699
392 5543007.844086 5543007.844086 5543328.034086 5543328.034086
394 5543001.307624 5543001.307624 5543321.497624 5543321.497624
398 5542981.739587 5542981.739587 5543301.929587 5543301.929587
1641 5188692.769053 5188692.769053 5189012.959053 5189012.959053
1643 5188692.768781 5188692.768781 5189012.958781 5189012.958781
1649 5188692.767606 5188692.767606 5189012.957606 5189012.957606
1652 5188692.764157 5188692.764157 5189012.954157 5189012.954157
1655 5188692.757950 5188692.757950 5189012.947950 5189012.947950
1659 5188692.745965 5188692.745965 5189012.935965 5189012.935965
1661 5188692.563345 5188692.563345 5189012.753345 5189012.753345
1664 5188692.378441 5188692.378441 5189012.568441 5189012.568441
1669 5188691.207932 5188691.207932 5189011.397932 5189011.397932
1671 5188689.972548 5188689.972548 5189010.162548 5189010.162548
1674 5188686.544118 5188686.544118 5189006.734118 5189006.734118
1678 5188678.766445 5188678.766445 5188998.956445 5188998.956445
1679 5188655.104276 5188655.104276 5188975.294276 5188975.294276
1921 2825729.010931 2825729.010931 2826049.200931 2826049.200931
1923 2825729.010665 2825729.010665 2826049.200665 2826049.200665
1928 2825729.010633 2825729.010633 2826049.200633 2826049.200633
1929 2825729.009500 2825729.009500 2826049.199500 2826049.199500
1932 2825729.007965 2825729.007965 2826049.197965 2826049.197965
1937 2825728.997257 2825728.997257 2826049.187257 2826049.187257
1939 2825728.983104 2825728.983104 2826049.173104 2826049.173104
1941 2825728.952380 2825728.952380 2826049.142380 2826049.142380
1944 2825728.772849 2825728.772849 2826048.962849 2826048.962849
1948 2825728.615201 2825728.615201 2826048.805201 2826048.805201
1949 2825727.384533 2825727.384533 2826047.574533 2826047.574533
1952 2825727.229846 2825727.229846 2826047.419846 2826047.419846
1954 2825719.957945 2825719.957945 2826040.147945 2826040.147945
83029 0.000000 0.000000 320.190000 320.190000
270000 0.000000 0.000000 0.000000 320.190000
"function evaluation" "current f(x)" "best-so-far f(x)" "current af(x)+b"  "best af(x)+b"
1 48399322.437052 48399322.437052 48399218.197052 48399218.197052
2 48399322.436894 48399322.436894 48399218.196894 48399218.196894
3 48399322.436811 48399322.436811 48399218.196811 48399218.196811
6 48399322.436631 48399322.436631 48399218.196631 48399218.196631
7 48399322.435925 48399322.435925 48399218.195925 48399218.195925
9 48399322.435344 48399322.435344 48399218.195344 48399218.195344
11 48399322.433864 48399322.433864 48399218.193864 48399218.193864
13 48399322.431653 48399322.431653 48399218.191653 48399218.191653
16 48399322.403286 48399322.403286 48399218.163286 48399218.163286
18 48399322.375635 48399322.375635 48399218.135635 48399218.135635
19 48399322.318960 48399322.318960 48399218.078960 48399218.078960
24 48399322.139626 48399322.139626 48399217.899626 48399217.899626
27 48399321.391940 48399321.391940 48399217.151940 48399217.151940
30 48399320.318176 48399320.318176 48399216.078176 48399216.078176
31 48399319.594332 48399319.594332 48399215.354332 48399215.354332
34 48399311.554306 48399311.554306 48399207.314306 48399207.314306
35 48399303.271151 48399303.271151 48399199.031151 48399199.031151
37 48399282.191740 48399282.191740 48399177.951740 48399177.951740
39 48399205.449669 48399205.449669 48399101.209669 48399101.209669
81 11604390.647526 11604390.647526 11604286.407526 11604286.407526
86 11604390.647440 11604390.647440 11604286.407440 11604286.407440
87 11604390.646808 11604390.646808 11604286.406808 11604286.406808
91 11604390.641092 11604390.641092 11604286.401092 11604286.401092
99 11604390.550302 11604390.550302 11604286.310302 11604286.310302
103 11604390.540227 11604390.540227 11604286.300227 11604286.300227
107 11604389.518490 11604389.518490 11604285.278490 11604285.278490
115 11604370.064245 11604370.064245 11604265.824245 11604265.824245
119 11604357.810647 11604357.810647 11604253.570647 11604253.570647
1321 9190940.344400 9190940.344400 9190836.104400 9190836.104400
1323 9190940.344366 9190940.344366 9190836.104366 9190836.104366
1327 9190940.344346 9190940.344346 9190836.104346 9190836.104346
1329 9190940.343388 9190940.343388 9190836.103388 9190836.103388
1331 9190940.340530 9190940.340530 9190836.100530 9190836.100530
1334 9190940.338368 9190940.338368 9190836.098368 9190836.098368
1338 9190940.301348 9190940.301348 9190836.061348 9190836.061348
1342 9190940.297412 9190940.297412 9190836.057412 9190836.057412
1343 9190940.228045 9190940.228045 9190835.988045 9190835.988045
1347 9190939.298755 9190939.298755 9190835.058755 9190835.058755
1351 9190935.824317 9190935.824317 9190831.584317 9190831.584317
1354 9190931.260248 9190931.260248 9190827.020248 9190827.020248
1358 9190907.375382 9190907.375382 9190803.135382 9190803.135382
1841 6320309.324279 6320309.324279 6320205.084279 6320205.084279
1842 6320309.324211 6320309.324211 6320205.084211 6320205.084211
1843 6320309.323961 6320309.323961 6320205.083961 6320205.083961
1846 6320309.323857 6320309.323857 6320205.083857 6320205.083857
1847 6320309.323282 6320309.323282 6320205.083282 6320205.083282
1850 6320309.322775 6320309.322775 6320205.082775 6320205.082775
1851 6320309.320572 6320309.320572 6320205.080572 6320205.080572
1858 6320309.314892 6320309.314892 6320205.074892 6320205.074892
1861 6320309.228282 6320309.228282 6320204.988282 6320204.988282
1864 6320309.088451 6320309.088451 6320204.848451 6320204.848451
1865 6320308.531028 6320308.531028 6320204.291028 6320204.291028
1867 6320307.119414 6320307.119414 6320202.879414 6320202.879414
1871 6320305.917408 6320305.917408 6320201.677408 6320201.677408
1874 6320299.350032 6320299.350032 6320195.110032 6320195.110032
1880 6320290.843832 6320290.843832 6320186.603832 6320186.603832
72621 0.000000 0.000000 -104.240000 -104.240000
270000 20030735.979480 0.000000 20030735.979480 -104.240000
"function evaluation" "current f(x)" "best-so-far f(x)" "current af(x)+b"  "best af(x)+b"
1 39692633.471787 39692633.471787 39692529.231787 39692529.231787
2 39692633.471724 39692633.471724 39692529.231724 39692529.231724
6 39692633.471403 39692633.471403 39692529.231403 39692529.231403
8 39692633.471148 39692633.471148 39692529.231148 39692529.231148
14 39692633.469352 39692633.469352 39692529.229352 39692529.229352
16 39692633.466268 39692633.466268 39692529.226268 39692529.226268
17 39692633.450476 39692633.450476 39692529.210476 39692529.210476
19 39692633.411612 39692633.411612 39692529.171612 39692529.171612
25 39692632.476374 39692632.476374 39692528.236374 39692528.236374
30 39692632.218824 39692632.218824 39692527.978824 39692527.978824
31 39692631.668289 39692631.668289 39692527.428289 39692527.428289
35 39692618.021368 39692618.021368 39692513.781368 39692513.781368
38 39692617.194173 39692617.194173 39692512.954173 39692512.954173
39 39692482.036574 39692482.036574 39692377.796574 39692377.796574
41 37962590.793983 37962590.793983 37962486.553983 37962486.553983
42 37962590.793822 37962590.793822 37962486.553822 37962486.553822
43 37962590.793727 37962590.793727 37962486.553727 37962486.553727
45 37962590.793608 37962590.793608 37962486.553608 37962486.553608
47 37962590.793129 37962590.793129 37962486.553129 37962486.553129
50 37962590.792469 37962590.792469 37962486.552469 37962486.552469
56 37962590.780483 37962590.780483 37962486.540483 37962486.540483
58 37962590.767834 37962590.767834 37962486.527834 37962486.527834
61 37962590.695011 37962590.695011 37962486.455011 37962486.455011
64 37962590.560667 37962590.560667 37962486.320667 37962486.320667
65 37962589.766593 37962589.766593 37962485.526593 37962485.526593
71 37962586.744028 37962586.744028 37962482.504028 37962482.504028
74 37962578.936159 37962578.936159 37962474.696159 37962474.696159
75 37962563.635298 37962563.635298 37962459.395298 37962459.395298
79 37962501.745995 37962501.745995 37962397.505995 37962397.505995
201 28807288.240175 28807288.240175 28807184.000175 28807184.000175
203 28807288.239996 28807288.239996 28807183.999996 28807183.999996
205 28807288.239929 28807288.239929 28807183.999929 28807183.999929
207 28807288.239631 28807288.239631 28807183.999631 28807183.999631
209 28807288.239570 28807288.239570 28807183.999570 28807183.999570
212 28807288.238858 28807288.238858 28807183.998858 28807183.998858
214 28807288.234057 28807288.234057 28807183.994057 28807183.994057
218 28807288.213376 28807288.213376 28807183.973376 28807183.973376
219 28807288.180930 28807288.180930 28807183.940930 28807183.940930
225 28807287.700909 28807287.700909 28807183.460909 28807183.460909
230 28807286.082363 28807286.082363 28807181.842363 28807181.842363
234 28807279.099309 28807279.099309 28807174.859309 28807174.859309
237 28807255.291102 28807255.291102 28807151.051102 28807151.051102
239 28807204.400048 28807204.400048 28807100.160048 28807100.160048
241 14419360.659169 14419360.659169 14419256.419169 14419256.419169
242 14419360.659009 14419360.659009 14419256.419009 14419256.419009
243 14419360.658753 14419360.658753 14419256.418753 14419256.418753
251 14419360.655967 14419360.655967 14419256.415967 14419256.415967
254 14419360.652961 14419360.652961 14419256.412961 14419256.412961
256 14419360.646276 14419360.646276 14419256.406276 14419256.406276
262 14419360.615480 14419360.615480 14419256.375480 14419256.375480
264 14419360.247685 14419360.247685 14419256.007685 14419256.007685
265 14419359.593226 14419359.593226 14419255.353226 14419255.353226
270 14419358.545438 14419358.545438 14419254.305438 14419254.305438
271 14419356.559023 14419356.559023 14419252.319023 14419252.319023
276 14419352.763762 14419352.763762 14419248.523762 14419248.523762
278 14419347.108714 14419347.108714 14419242.868714 14419242.868714
279 14419312.348850 14419312.348850 14419208.108850 14419208.108850
321 4186148.363076 4186148.363076 4186044.123076 4186044.123076
322 4186148.362998 4186148.362998 4186044.122998 4186044.122998
323 4186148.362679 4186148.362679 4186044.122679 4186044.122679
329 4186148.362282 4186148.362282 4186044.122282 4186044.122282
334 4186148.351370 4186148.351370 4186044.111370 4186044.111370
338 4186148.336389 4186148.336389 4186044.096389 4186044.096389
341 4186148.154625 4186148.154625 4186043.914625 4186043.914625
345 4186147.547670 4186147.547670 4186043.307670 4186043.307670
351 4186142.180052 4186142.180052 4186037.940052 4186037.940052
355 4186140.168084 4186140.168084 4186035.928084 4186035.928084
359 4186133.467015 4186133.467015 4186029.227015 4186029.227015
1921 3844393.543074 3844393.543074 3844289.303074 3844289.303074
1926 3844393.542987 3844393.542987 3844289.302987 3844289.302987
1928 3844393.542844 3844393.542844 3844289.302844 3844289.302844
1930 3844393.542491 3844393.542491 3844289.302491 3844289.302491
1931 3844393.537015 3844393.537015 3844289.297015 3844289.297015
1936 3844393.532462 3844393.532462 3844289.292462 3844289.292462
1938 3844393.516719 3844393.516719 3844289.276719 3844289.276719
1941 3844393.444206 3844393.444206 3844289.204206 3844289.204206
1944 3844393.106051 3844393.106051 3844288.866051 3844288.866051
1950 3844392.282200 3844392.282200 3844288.042200 3844288.042200
1954 3844384.469755 3844384.469755 3844280.229755 3844280.229755
77839 0.000000 0.000000 -104.240000 -104.240000
270000 20030735.979480 0.000000 20030735.979480 -104.240000
"function evaluation" "current f(x)" "best-so-far f(x)" "current af(x)+b"  "best af(x)+b"
1 8679654.740704 8679654.740704 8679550.500704 8679550.500704
3 8679654.740456 8679654.740456 8679550.500456 8679550.500456
9 8679654.740040 8679654.740040 8679550.500040 8679550.500040
11 8679654.735025 8679654.735025 8679550.495025 8679550.495025
16 8679654.726059 8679654.726059 8679550.486059 8679550.486059
24 8679654.506704 8679654.506704 8679550.266704 8679550.266704
26 8679654.472958 8679654.472958 8679550.232958 8679550.232958
27 8679654.220522 8679654.220522 8679549.980522 8679549.980522
30 8679653.681593 8679653.681593 8679549.441593 8679549.441593
31 8679650.681902 8679650.681902 8679546.441902 8679546.441902
36 8679646.661550 8679646.661550 8679542.421550 8679542.421550
38 8679625.326991 8679625.326991 8679521.086991 8679521.086991
401 5817156.942042 5817156.942042 5817052.702042 5817052.702042
402 5817156.942027 5817156.942027 5817052.702027 5817052.702027
403 5817156.941861 5817156.941861 5817052.701861 5817052.701861
408 5817156.941329 5817156.941329 5817052.701329 5817052.701329
409 5817156.940720 5817156.940720 5817052.700720 5817052.700720
414 5817156.929928 5817156.929928 5817052.689928 5817052.689928
418 5817156.906292 5817156.906292 5817052.666292 5817052.666292
424 5817156.706426 5817156.706426 5817052.466426 5817052.466426
425 5817156.698566 5817156.698566 5817052.458566 5817052.458566
428 5817155.980463 5817155.980463 5817051.740463 5817051.740463
434 5817148.433328 5817148.433328 5817044.193328 5817044.193328
437 5817137.733233 5817137.733233 5817033.493233 5817033.493233
721 5161917.281189 5161917.281189 5161813.041189 5161813.041189
723 5161917.281136 5161917.281136 5161813.041136 5161813.041136
728 5161917.280574 5161917.280574 5161813.040574 5161813.040574
730 5161917.279803 5161917.279803 5161813.039803 5161813.039803
731 5161917.274694 5161917.274694 5161813.034694 5161813.034694
734 5161917.271265 5161917.271265 5161813.031265 5161813.031265
738 5161917.254566 5161917.254566 5161813.014566 5161813.014566
741 5161917.131849 5161917.131849 5161812.891849 5161812.891849
744 5161917.048905 5161917.048905 5161812.808905 5161812.808905
745 5161916.515950 5161916.515950 5161812.275950 5161812.275950
750 5161916.179731 5161916.179731 5161811.939731 5161811.939731
751 5161910.952876 5161910.952876 5161806.712876 5161806.712876
755 5161909.488517 5161909.488517 5161805.248517 5161805.248517
758 5161906.066636 5161906.066636 5161801.826636 5161801.826636
1241 5124730.159889 5124730.159889 5124625.919889 5124625.919889
1242 5124730.159864 5124730.159864 5124625.919864 5124625.919864
1243 5124730.159593 5124730.159593 5124625.919593 5124625.919593
1246 5124730.159538 5124730.159538 5124625.919538 5124625.919538
1251 5124730.155167 5124730.155167 5124625.915167 5124625.915167
1254 5124730.153753 5124730.153753 5124625.913753 5124625.913753
1256 5124730.153634 5124730.153634 5124625.913634 5124625.913634
1258 5124730.133911 5124730.133911 5124625.893911 5124625.893911
1259 5124730.119886 5124730.119886 5124625.879886 5124625.879886
1261 5124730.041715 5124730.041715 5124625.801715 5124625.801715
1267 5124729.729515 5124729.729515 5124625.489515 5124625.489515
1270 5124724.971311 5124724.971311 5124620.731311 5124620.731311
1274 5124721.327251 5124721.327251 5124617.087251 5124617.087251
1279 5124713.215480 5124713.215480 5124608.975480 5124608.975480
72579 0.000000 0.000000 -104.240000 -104.240000
270000 20030735.979480 0.000000 20030735.979480 -104.240000
