"function evaluation" "current f(x)" "best-so-far f(x)" "current af(x)+b"  "best af(x)+b"
1 663966.677359 663966.677359 664042.947359 664042.947359
2 663964.166463 663964.166463 664040.436463 664040.436463
3 663960.309785 663960.309785 664036.579785 664036.579785
5 663953.802937 663953.802937 664030.072937 664030.072937
41 222182.180822 222182.180822 222258.450822 222258.450822
42 222181.294855 222181.294855 222257.564855 222257.564855
43 222179.933702 222179.933702 222256.203702 222256.203702
45 222177.637146 222177.637146 222253.907146 222253.907146
161 3872.115557 3872.115557 3948.385557 3948.385557
164 3872.065924 3872.065924 3948.335924 3948.335924
166 3871.982163 3871.982163 3948.252163 3948.252163
88485 0.000000 0.000000 76.270000 76.270000
270000 0.000000 0.000000 0.000000 76.270000
"function evaluation" "current f(x)" "best-so-far f(x)" "current af(x)+b"  "best af(x)+b"
1 70994821.778814 70994821.778814 70994898.048814 70994898.048814
2 70994794.393381 70994794.393381 70994870.663381 70994870.663381
3 70994752.331596 70994752.331596 70994828.601596 70994828.601596
5 70994681.363780 70994681.363780 70994757.633780 70994757.633780
41 2803777.539898 2803777.539898 2803853.809898 2803853.809898
42 2803773.784822 2803773.784822 2803850.054822 2803850.054822
43 2803768.017052 2803768.017052 2803844.287052 2803844.287052
45 2803758.285483 2803758.285483 2803834.555483 2803834.555483
81 95634.932241 95634.932241 95711.202241 95711.202241
82 95634.058520 95634.058520 95710.328520 95710.328520
83 95632.716163 95632.716163 95708.986163 95708.986163
85 95630.451583 95630.451583 95706.721583 95706.721583
601 27544.149766 27544.149766 27620.419766 27620.419766
604 27543.353457 27543.353457 27619.623457 27619.623457
606 27542.010007 27542.010007 27618.280007 27618.280007
85701 0.000000 0.000000 76.270000 76.270000
270000 0.000000 0.000000 0.000000 76.270000
"function evaluation" "current f(x)" "best-so-far f(x)" "current af(x)+b"  "best af(x)+b"
1 18966702.577660 18966702.577660 18966778.847660 18966778.847660
4 18966686.650757 18966686.650757 18966762.920757 18966762.920757
6 18966659.777919 18966659.777919 18966736.047919 18966736.047919
41 14682407.639681 14682407.639681 14682483.909681 14682483.909681
42 14682397.747486 14682397.747486 14682474.017486 14682474.017486
43 14682382.554126 14682382.554126 14682458.824126 14682458.824126
45 14682356.919394 14682356.919394 14682433.189394 14682433.189394
81 4352682.863500 4352682.863500 4352759.133500 4352759.133500
82 4352679.080937 4352679.080937 4352755.350937 4352755.350937
83 4352673.270928 4352673.270928 4352749.540928 4352749.540928
85 4352663.468470 4352663.468470 4352739.738470 4352739.738470
161 2772104.910793 2772104.910793 2772181.180793 2772181.180793
164 2772096.749910 2772096.749910 2772173.019910 2772173.019910
166 2772082.980501 2772082.980501 2772159.250501 2772159.250501
401 943503.757601 943503.757601 943580.027601 943580.027601
402 943500.383120 943500.383120 943576.653120 943576.653120
403 943495.200336 943495.200336 943571.470336 943571.470336
405 943486.455846 943486.455846 943562.725846 943562.725846
721 382250.490255 382250.490255 382326.760255 382326.760255
722 382249.230959 382249.230959 382325.500959 382325.500959
723 382247.296975 382247.296975 382323.566975 382323.566975
725 382244.033989 382244.033989 382320.303989 382320.303989
1081 240181.653952 240181.653952 240257.923952 240257.923952
1082 240180.795907 240180.795907 240257.065907 240257.065907
1083 240179.477765 240179.477765 240255.747765 240255.747765
1085 240177.254311 240177.254311 240253.524311 240253.524311
1241 101601.876417 101601.876417 101678.146417 101678.146417
1242 101600.971765 101600.971765 101677.241765 101677.241765
1243 101599.581998 101599.581998 101675.851998 101675.851998
1245 101597.237319 101597.237319 101673.507319 101673.507319
1521 1442.612996 1442.612996 1518.882996 1518.882996
1524 1442.495835 1442.495835 1518.765835 1518.765835
1526 1442.298227 1442.298227 1518.568227 1518.568227
85995 0.000000 0.000000 76.270000 76.270000
270000 0.000000 0.000000 0.000000 76.270000
"function evaluation" "current f(x)" "best-so-far f(x)" "current af(x)+b"  "best af(x)+b"
1 1683214.054095 1683214.054095 1683191.504095 1683191.504095
6 1683213.712427 1683213.712427 1683191.162427 1683191.162427
7 1683210.141480 1683210.141480 1683187.591480 1683187.591480
27 1683209.639768 1683209.639768 1683187.089768 1683187.089768
81 97237.516917 97237.516917 97214.966917 97214.966917
82 97234.096589 97234.096589 97211.546589 97211.546589
85 97234.017084 97234.017084 97211.467084 97211.467084
88 97233.182056 97233.182056 97210.632056 97210.632056
108 97233.064541 97233.064541 97210.514541 97210.514541
481 1305.641695 1305.641695 1283.091695 1283.091695
486 1305.634857 1305.634857 1283.084857 1283.084857
487 1305.565280 1305.565280 1283.015280 1283.015280
507 1305.555426 1305.555426 1283.005426 1283.005426
75223 0.000000 0.000000 -22.550000 -22.550000
270000 198691.060716 0.000000 198691.060716 -22.550000
"function evaluation" "current f(x)" "best-so-far f(x)" "current af(x)+b"  "best af(x)+b"
1 24748176.705177 24748176.705177 24748154.155177 24748154.155177
6 24748175.673096 24748175.673096 24748153.123096 24748153.123096
7 24748164.883767 24748164.883767 24748142.333767 24748142.333767
27 24748163.367192 24748163.367192 24748140.817192 24748140.817192
41 2614293.356939 2614293.356939 2614270.806939 2614270.806939
42 2614278.147628 2614278.147628 2614255.597628 2614255.597628
45 2614277.792589 2614277.792589 2614255.242589 2614255.242589
48 2614274.079447 2614274.079447 2614251.529447 2614251.529447
68 2614273.557493 2614273.557493 2614251.007493 2614251.007493
121 2684.107370 2684.107370 2661.557370 2661.557370
126 2684.088168 2684.088168 2661.538168 2661.538168
127 2683.887432 2683.887432 2661.337432 2661.337432
147 2683.859418 2683.859418 2661.309418 2661.309418
85729 0.000000 0.000000 -22.550000 -22.550000
270000 198691.060716 0.000000 198691.060716 -22.550000
"function evaluation" "current f(x)" "best-so-far f(x)" "current af(x)+b"  "best af(x)+b"
1 452019.492161 452019.492161 451996.942161 451996.942161
2 452013.287613 452013.287613 451990.737613 451990.737613
5 452013.142801 452013.142801 451990.592801 451990.592801
8 452011.628235 452011.628235 451989.078235 451989.078235
28 452011.415267 452011.415267 451988.865267 451988.865267
161 16854.683059 16854.683059 16832.133059 16832.133059
166 16854.661849 16854.661849 16832.111849 16832.111849
167 16854.443412 16854.443412 16831.893412 16831.893412
187 16854.412711 16854.412711 16831.862711 16831.862711
961 3863.047220 3863.047220 3840.497220 3840.497220
966 3863.045089 3863.045089 3840.495089 3840.495089
967 3863.025616 3863.025616 3840.475616 3840.475616
987 3863.023009 3863.023009 3840.473009 3840.473009
1561 380.781958 380.781958 358.231958 358.231958
1562 380.629300 380.629300 358.079300 358.079300
1565 380.625837 380.625837 358.075837 358.075837
1568 380.588674 380.588674 358.038674 358.038674
1588 380.583376 380.583376 358.033376 358.033376
80637 0.000000 0.000000 -22.550000 -22.550000
270000 198691.060716 0.000000 198691.060716 -22.550000
"function evaluation" "current f(x)" "best-so-far f(x)" "current af(x)+b"  "best af(x)+b"
1 7807174.482232 7807174.482232 7807188.142232 7807188.142232
3 7807168.316448 7807168.316448 7807181.976448 7807181.976448
6 7807167.309255 7807167.309255 7807180.969255 7807180.969255
12 7807165.952504 7807165.952504 7807179.612504 7807179.612504
26 7807164.424161 7807164.424161 7807178.084161 7807178.084161
29 7807157.879686 7807157.879686 7807171.539686 7807171.539686
41 413369.772821 413369.772821 413383.432821 413383.432821
42 413369.566181 413369.566181 413383.226181 413383.226181
44 413367.390862 413367.390862 413381.050862 413381.050862
45 413367.035725 413367.035725 413380.695725 413380.695725
51 413366.556966 413366.556966 413380.216966 413380.216966
65 413366.017746 413366.017746 413379.677746 413379.677746
70 413363.708873 413363.708873 413377.368873 413377.368873
161 155030.369746 155030.369746 155044.029746 155044.029746
163 155029.044615 155029.044615 155042.704615 155042.704615
166 155028.828054 155028.828054 155042.488054 155042.488054
172 155028.536529 155028.536529 155042.196529 155042.196529
186 155028.208047 155028.208047 155041.868047 155041.868047
189 155026.801669 155026.801669 155040.461669 155040.461669
521 136050.724684 136050.724684 136064.384684 136064.384684
523 136049.886227 136049.886227 136063.546227 136063.546227
526 136049.749184 136049.749184 136063.409184 136063.409184
532 136049.564703 136049.564703 136063.224703 136063.224703
546 136049.356994 136049.356994 136063.016994 136063.016994
549 136048.467063 136048.467063 136062.127063 136062.127063
921 4656.086555 4656.086555 4669.746555 4669.746555
923 4655.836436 4655.836436 4669.496436 4669.496436
926 4655.795411 4655.795411 4669.455411 4669.455411
932 4655.740418 4655.740418 4669.400418 4669.400418
946 4655.678399 4655.678399 4669.338399 4669.338399
949 4655.413028 4655.413028 4669.073028 4669.073028
88429 0.000000 0.000000 13.660000 13.660000
270000 0.000000 0.000000 0.000000 13.660000
"function evaluation" "current f(x)" "best-so-far f(x)" "current af(x)+b"  "best af(x)+b"
1 141445.216863 141445.216863 141458.876863 141458.876863
3 141444.261698 141444.261698 141457.921698 141457.921698
6 141444.105639 141444.105639 141457.765639 141457.765639
12 141443.895456 141443.895456 141457.555456 141457.555456
26 141443.658711 141443.658711 141457.318711 141457.318711
29 141442.645017 141442.645017 141456.305017 141456.305017
321 5360.366481 5360.366481 5374.026481 5374.026481
322 5360.343263 5360.343263 5374.003263 5374.003263
324 5360.098979 5360.098979 5373.758979 5373.758979
325 5360.059077 5360.059077 5373.719077 5373.719077
331 5360.005437 5360.005437 5373.665437 5373.665437
345 5359.944645 5359.944645 5373.604645 5373.604645
350 5359.685461 5359.685461 5373.345461 5373.345461
1681 3184.982036 3184.982036 3198.642036 3198.642036
1682 3184.970314 3184.970314 3198.630314 3198.630314
1684 3184.846601 3184.846601 3198.506601 3198.506601
1685 3184.826552 3184.826552 3198.486552 3198.486552
1691 3184.799191 3184.799191 3198.459191 3198.459191
1705 3184.768496 3184.768496 3198.428496 3198.428496
1710 3184.637132 3184.637132 3198.297132 3198.297132
86135 0.000000 0.000000 13.660000 13.660000
270000 0.000000 0.000000 0.000000 13.660000
"function evaluation" "current f(x)" "best-so-far f(x)" "current af(x)+b"  "best af(x)+b"
1 3715559.275173 3715559.275173 3715572.935173 3715572.935173
2 3715558.780528 3715558.780528 3715572.440528 3715572.440528
4 3715553.573229 3715553.573229 3715567.233229 3715567.233229
5 3715552.722863 3715552.722863 3715566.382863 3715566.382863
11 3715551.576806 3715551.576806 3715565.236806 3715565.236806
25 3715550.285857 3715550.285857 3715563.945857 3715563.945857
30 3715544.758827 3715544.758827 3715558.418827 3715558.418827
41 21173.926302 21173.926302 21187.586302 21187.586302
42 21173.863715 21173.863715 21187.523715 21187.523715
44 21173.203726 21173.203726 21186.863726 21186.863726
45 21173.096158 21173.096158 21186.756158 21186.756158
51 21172.950799 21172.950799 21186.610799 21186.610799
65 21172.787209 21172.787209 21186.447209 21186.447209
70 21172.086953 21172.086953 21185.746953 21185.746953
161 16564.216643 16564.216643 16577.876643 16577.876643
162 16564.155442 16564.155442 16577.815442 16577.815442
164 16563.511937 16563.511937 16577.171937 16577.171937
165 16563.407065 16563.407065 16577.067065 16577.067065
171 16563.265338 16563.265338 16576.925338 16576.925338
185 16563.105777 16563.105777 16576.765777 16576.765777
190 16562.422740 16562.422740 16576.082740 16576.082740
281 16116.909489 16116.909489 16130.569489 16130.569489
282 16116.848969 16116.848969 16130.508969 16130.508969
284 16116.210897 16116.210897 16129.870897 16129.870897
285 16116.106667 16116.106667 16129.766667 16129.766667
291 16115.966404 16115.966404 16129.626404 16129.626404
305 16115.808202 16115.808202 16129.468202 16129.468202
310 16115.130921 16115.130921 16128.790921 16128.790921
1321 5816.505457 5816.505457 5830.165457 5830.165457
1323 5816.075119 5816.075119 5829.735119 5829.735119
1326 5816.004663 5816.004663 5829.664663 5829.664663
1332 5815.910065 5815.910065 5829.570065 5829.570065
1346 5815.803390 5815.803390 5829.463390 5829.463390
1349 5815.346664 5815.346664 5829.006664 5829.006664
1681 5352.392546 5352.392546 5366.052546 5366.052546
1682 5352.367416 5352.367416 5366.027416 5366.027416
1684 5352.104519 5352.104519 5365.764519 5365.764519
1685 5352.061744 5352.061744 5365.721744 5365.721744
1691 5352.003856 5352.003856 5365.663856 5365.663856
1705 5351.938597 5351.938597 5365.598597 5365.598597
1710 5351.659595 5351.659595 5365.319595 5365.319595
88443 0.000000 0.000000 13.660000 13.660000
270000 0.000000 0.000000 0.000000 13.660000
"function evaluation" "current f(x)" "best-so-far f(x)" "current af(x)+b"  "best af(x)+b"
1 91960.733543 91960.733543 92898.573543 92898.573543
41 36706.778876 36706.778876 37644.618876 37644.618876
42 36702.209982 36702.209982 37640.049982 37640.049982
281 7658.391560 7658.391560 8596.231560 8596.231560
1201 862.348346 862.348346 1800.188346 1800.188346
1202 861.514908 861.514908 1799.354908 1799.354908
69599 0.000000 0.000000 937.840000 937.840000
270000 0.000000 0.000000 0.000000 937.840000
"function evaluation" "current f(x)" "best-so-far f(x)" "current af(x)+b"  "best af(x)+b"
1 12874016.239046 12874016.239046 12874954.079046 12874954.079046
41 5414516.412917 5414516.412917 5415454.252917 5415454.252917
81 534681.157148 534681.157148 535618.997148 535618.997148
121 494436.405190 494436.405190 495374.245190 495374.245190
122 494433.388876 494433.388876 495371.228876 495371.228876
561 190059.284891 190059.284891 190997.124891 190997.124891
562 190046.239385 190046.239385 190984.079385 190984.079385
721 132218.811477 132218.811477 133156.651477 133156.651477
722 132214.155747 132214.155747 133151.995747 133151.995747
841 7195.964683 7195.964683 8133.804683 8133.804683
86065 0.000000 0.000000 937.840000 937.840000
270000 0.000000 0.000000 0.000000 937.840000
"function evaluation" "current f(x)" "best-so-far f(x)" "current af(x)+b"  "best af(x)+b"
1 4041283.170484 4041283.170484 4042221.010484 4042221.010484
41 891162.982084 891162.982084 892100.822084 892100.822084
42 891124.637937 891124.637937 892062.477937 892062.477937
481 127929.597617 127929.597617 128867.437617 128867.437617
482 127925.067850 127925.067850 128862.907850 128862.907850
641 381.271525 381.271525 1319.111525 1319.111525
72663 0.000000 0.000000 937.840000 937.840000
270000 0.000000 0.000000 0.000000 937.840000
"function evaluation" "current f(x)" "best-so-far f(x)" "current af(x)+b"  "best af(x)+b"
1 78939.845608 78939.845608 78861.125608 78861.125608
2 78938.417882 78938.417882 78859.697882 78859.697882
4 78937.663367 78937.663367 78858.943367 78858.943367
5 78937.534907 78937.534907 78858.814907 78858.814907
17 78936.228001 78936.228001 78857.508001 78857.508001
601 10793.293978 10793.293978 10714.573978 10714.573978
602 10792.698919 10792.698919 10713.978919 10713.978919
604 10792.384377 10792.384377 10713.664377 10713.664377
605 10792.330708 10792.330708 10713.610708 10713.610708
617 10791.785872 10791.785872 10713.065872 10713.065872
88429 0.000000 0.000000 -78.720000 -78.720000
270000 3474398.233472 0.000000 3474398.233472 -78.720000
"function evaluation" "current f(x)" "best-so-far f(x)" "current af(x)+b"  "best af(x)+b"
1 9490296.016405 9490296.016405 9490217.296405 9490217.296405
2 9490284.898542 9490284.898542 9490206.178542 9490206.178542
4 9490279.021921 9490279.021921 9490200.301921 9490200.301921
5 9490278.021117 9490278.021117 9490199.301117 9490199.301117
17 9490267.842884 9490267.842884 9490189.122884 9490189.122884
41 5055231.585436 5055231.585436 5055152.865436 5055152.865436
43 5055227.486032 5055227.486032 5055148.766032 5055148.766032
46 5055226.787919 5055226.787919 5055148.067919 5055148.067919
58 5055219.687833 5055219.687833 5055140.967833 5055140.967833
161 506382.474913 506382.474913 506303.754913 506303.754913
162 506381.769191 506381.769191 506303.049191 506303.049191
164 506381.396183 506381.396183 506302.676183 506302.676183
165 506381.332516 506381.332516 506302.612516 506302.612516
177 506380.686528 506380.686528 506301.966528 506301.966528
241 159613.167643 159613.167643 159534.447643 159534.447643
242 159611.557594 159611.557594 159532.837594 159532.837594
244 159610.706619 159610.706619 159531.986619 159531.986619
245 159610.561582 159610.561582 159531.841582 159531.841582
257 159609.087904 159609.087904 159530.367904 159530.367904
801 13838.324518 13838.324518 13759.604518 13759.604518
802 13838.051288 13838.051288 13759.331288 13759.331288
804 13837.907127 13837.907127 13759.187127 13759.187127
805 13837.882423 13837.882423 13759.162423 13759.162423
817 13837.632505 13837.632505 13758.912505 13758.912505
1081 266.049869 266.049869 187.329869 187.329869
1083 266.049444 266.049444 187.329444 187.329444
1096 266.049440 266.049440 187.329440 187.329440
1098 266.048766 266.048766 187.328766 187.328766
75181 0.000000 0.000000 -78.720000 -78.720000
270000 3474398.233472 0.000000 3474398.233472 -78.720000
"function evaluation" "current f(x)" "best-so-far f(x)" "current af(x)+b"  "best af(x)+b"
1 19678661.142379 19678661.142379 19678582.422379 19678582.422379
2 19678643.655716 19678643.655716 19678564.935716 19678564.935716
4 19678634.412547 19678634.412547 19678555.692547 19678555.692547
5 19678632.838469 19678632.838469 19678554.118469 19678554.118469
17 19678616.829540 19678616.829540 19678538.109540 19678538.109540
41 4916400.456978 4916400.456978 4916321.736978 4916321.736978
42 4916386.027657 4916386.027657 4916307.307657 4916307.307657
44 4916378.400782 4916378.400782 4916299.680782 4916299.680782
45 4916377.101900 4916377.101900 4916298.381900 4916298.381900
57 4916363.891999 4916363.891999 4916285.171999 4916285.171999
81 2200691.370791 2200691.370791 2200612.650791 2200612.650791
82 2200687.498062 2200687.498062 2200608.778062 2200608.778062
84 2200685.451189 2200685.451189 2200606.731189 2200606.731189
85 2200685.102605 2200685.102605 2200606.382605 2200606.382605
97 2200681.557465 2200681.557465 2200602.837465 2200602.837465
161 90860.489588 90860.489588 90781.769588 90781.769588
162 90859.056674 90859.056674 90780.336674 90780.336674
164 90858.299458 90858.299458 90779.579458 90779.579458
165 90858.170448 90858.170448 90779.450448 90779.450448
177 90856.858988 90856.858988 90778.138988 90778.138988
241 3100.075313 3100.075313 3021.355313 3021.355313
243 3100.000320 3100.000320 3021.280320 3021.280320
246 3099.987739 3099.987739 3021.267739 3021.267739
258 3099.858011 3099.858011 3021.138011 3021.138011
88639 0.000000 0.000000 -78.720000 -78.720000
270000 3474398.233472 0.000000 3474398.233472 -78.720000
