"function evaluation" "current f(x)" "best-so-far f(x)" "current af(x)+b"  "best af(x)+b"
1 1904.131099 1904.131099 1442.041099 1442.041099
2 1904.130403 1904.130403 1442.040403 1442.040403
4 1904.130115 1904.130115 1442.040115 1442.040115
9 1904.130005 1904.130005 1442.040005 1442.040005
18 1904.129196 1904.129196 1442.039196 1442.039196
21 1904.126970 1904.126970 1442.036970 1442.036970
29 1904.120886 1904.120886 1442.030886 1442.030886
41 1319.899334 1319.899334 857.809334 857.809334
43 1319.899046 1319.899046 857.809046 857.809046
45 1319.898775 1319.898775 857.808775 857.808775
50 1319.898630 1319.898630 857.808630 857.808630
56 1319.898617 1319.898617 857.808617 857.808617
63 1319.897894 1319.897894 857.807894 857.807894
67 1319.897490 1319.897490 857.807490 857.807490
77 1319.896791 1319.896791 857.806791 857.806791
561 1274.596408 1274.596408 812.506408 812.506408
562 1274.595200 1274.595200 812.505200 812.505200
566 1274.595033 1274.595033 812.505033 812.505033
574 1274.594930 1274.594930 812.504930 812.504930
576 1274.594794 1274.594794 812.504794 812.504794
583 1274.592555 1274.592555 812.502555 812.502555
597 1274.588257 1274.588257 812.498257 812.498257
1921 1223.815762 1223.815762 761.725762 761.725762
1922 1223.814834 1223.814834 761.724834 761.724834
1930 1223.814652 1223.814652 761.724652 761.724652
1935 1223.814504 1223.814504 761.724504 761.724504
1938 1223.813770 1223.813770 761.723770 761.723770
1945 1223.812783 1223.812783 761.722783 761.722783
1959 1223.811183 1223.811183 761.721183 761.721183
102153 0.000000 0.000000 -462.090000 -462.090000
270000 912.420190 0.000000 912.420190 -462.090000
"function evaluation" "current f(x)" "best-so-far f(x)" "current af(x)+b"  "best af(x)+b"
1 801.806524 801.806524 339.716524 339.716524
11 801.806231 801.806231 339.716231 339.716231
19 801.805519 801.805519 339.715519 339.715519
28 801.805480 801.805480 339.715480 339.715480
40 801.805263 801.805263 339.715263 339.715263
241 705.394110 705.394110 243.304110 243.304110
242 705.393496 705.393496 243.303496 243.303496
246 705.393411 705.393411 243.303411 243.303411
248 705.393138 705.393138 243.303138 243.303138
254 705.393086 705.393086 243.303086 243.303086
258 705.392973 705.392973 243.302973 243.302973
259 705.392017 705.392017 243.302017 243.302017
261 705.391632 705.391632 243.301632 243.301632
272 705.391215 705.391215 243.301215 243.301215
99215 0.000000 0.000000 -462.090000 -462.090000
270000 912.420190 0.000000 912.420190 -462.090000
"function evaluation" "current f(x)" "best-so-far f(x)" "current af(x)+b"  "best af(x)+b"
1 5400.498986 5400.498986 4938.408986 4938.408986
2 5400.498536 5400.498536 4938.408536 4938.408536
4 5400.498219 5400.498219 4938.408219 4938.408219
6 5400.498213 5400.498213 4938.408213 4938.408213
12 5400.497687 5400.497687 4938.407687 4938.407687
16 5400.497681 5400.497681 4938.407681 4938.407681
23 5400.494918 5400.494918 4938.404918 4938.404918
27 5400.491904 5400.491904 4938.401904 4938.401904
37 5400.467370 5400.467370 4938.377370 4938.377370
41 1232.858821 1232.858821 770.768821 770.768821
46 1232.858818 1232.858818 770.768818 770.768818
51 1232.858647 1232.858647 770.768647 770.768647
56 1232.858302 1232.858302 770.768302 770.768302
68 1232.858134 1232.858134 770.768134 770.768134
74 1232.857295 1232.857295 770.767295 770.767295
76 1232.856887 1232.856887 770.766887 770.766887
77 1232.856620 1232.856620 770.766620 770.766620
281 758.600872 758.600872 296.510872 296.510872
282 758.600264 758.600264 296.510264 296.510264
283 758.600140 758.600140 296.510140 296.510140
285 758.599984 758.599984 296.509984 296.509984
294 758.599268 758.599268 296.509268 296.509268
300 758.599234 758.599234 296.509234 296.509234
302 758.598388 758.598388 296.508388 296.508388
319 758.598106 758.598106 296.508106 296.508106
1281 670.741556 670.741556 208.651556 208.651556
1282 670.741430 670.741430 208.651430 208.651430
1283 670.741167 670.741167 208.651167 208.651167
1285 670.740938 670.740938 208.650938 208.650938
1293 670.740697 670.740697 208.650697 208.650697
1299 670.740273 670.740273 208.650273 208.650273
1303 670.740252 670.740252 208.650252 208.650252
1311 670.737426 670.737426 208.647426 208.647426
1317 670.737251 670.737251 208.647251 208.647251
99257 0.000000 0.000000 -462.090000 -462.090000
270000 912.420190 0.000000 912.420190 -462.090000
"function evaluation" "current f(x)" "best-so-far f(x)" "current af(x)+b"  "best af(x)+b"
1 1838.996242 1838.996242 1916.656242 1916.656242
5 1838.996167 1838.996167 1916.656167 1916.656167
7 1838.996087 1838.996087 1916.656087 1916.656087
14 1838.995900 1838.995900 1916.655900 1916.655900
26 1838.995850 1838.995850 1916.655850 1916.655850
28 1838.995717 1838.995717 1916.655717 1916.655717
31 1838.995167 1838.995167 1916.655167 1916.655167
81 1389.152533 1389.152533 1466.812533 1466.812533
83 1389.152013 1389.152013 1466.812013 1466.812013
86 1389.151876 1389.151876 1466.811876 1466.811876
88 1389.151795 1389.151795 1466.811795 1466.811795
92 1389.151606 1389.151606 1466.811606 1466.811606
94 1389.151448 1389.151448 1466.811448 1466.811448
98 1389.151364 1389.151364 1466.811364 1466.811364
103 1389.150914 1389.150914 1466.810914 1466.810914
105 1389.149724 1389.149724 1466.809724 1466.809724
113 1389.145651 1389.145651 1466.805651 1466.805651
521 1164.867112 1164.867112 1242.527112 1242.527112
522 1164.866499 1164.866499 1242.526499 1242.526499
523 1164.866202 1164.866202 1242.526202 1242.526202
528 1164.865961 1164.865961 1242.525961 1242.525961
529 1164.865026 1164.865026 1242.525026 1242.525026
539 1164.864788 1164.864788 1242.524788 1242.524788
556 1164.864472 1164.864472 1242.524472 1242.524472
557 1164.860769 1164.860769 1242.520769 1242.520769
1281 1015.991875 1015.991875 1093.651875 1093.651875
1282 1015.991599 1015.991599 1093.651599 1093.651599
1285 1015.991162 1015.991162 1093.651162 1093.651162
1289 1015.990333 1015.990333 1093.650333 1093.650333
1311 1015.988721 1015.988721 1093.648721 1093.648721
1315 1015.987751 1015.987751 1093.647751 1093.647751
99733 0.000000 0.000000 77.660000 77.660000
270000 0.000000 0.000000 0.000000 77.660000
"function evaluation" "current f(x)" "best-so-far f(x)" "current af(x)+b"  "best af(x)+b"
1 1793.250175 1793.250175 1870.910175 1870.910175
10 1793.249872 1793.249872 1870.909872 1870.909872
18 1793.249458 1793.249458 1870.909458 1870.909458
29 1793.245776 1793.245776 1870.905776 1870.905776
33 1793.243119 1793.243119 1870.903119 1870.903119
81 839.162133 839.162133 916.822133 916.822133
82 839.161852 839.161852 916.821852 916.821852
83 839.161557 839.161557 916.821557 916.821557
87 839.161212 839.161212 916.821212 916.821212
92 839.161122 839.161122 916.821122 916.821122
100 839.160655 839.160655 916.820655 916.820655
114 839.160567 839.160567 916.820567 916.820567
116 839.159795 839.159795 916.819795 916.819795
761 627.776614 627.776614 705.436614 705.436614
763 627.775955 627.775955 705.435955 705.435955
776 627.775461 627.775461 705.435461 705.435461
784 627.775453 627.775453 705.435453 705.435453
787 627.772733 627.772733 705.432733 705.432733
102503 0.000000 0.000000 77.660000 77.660000
270000 0.000000 0.000000 0.000000 77.660000
"function evaluation" "current f(x)" "best-so-far f(x)" "current af(x)+b"  "best af(x)+b"
1 2747.834341 2747.834341 2825.494341 2825.494341
2 2747.833303 2747.833303 2825.493303 2825.493303
3 2747.833137 2747.833137 2825.493137 2825.493137
8 2747.832705 2747.832705 2825.492705 2825.492705
9 2747.832637 2747.832637 2825.492637 2825.492637
25 2747.831320 2747.831320 2825.491320 2825.491320
27 2747.827120 2747.827120 2825.487120 2825.487120
29 2747.820450 2747.820450 2825.480450 2825.480450
41 1545.450438 1545.450438 1623.110438 1623.110438
47 1545.450428 1545.450428 1623.110428 1623.110428
54 1545.449967 1545.449967 1623.109967 1623.109967
59 1545.447851 1545.447851 1623.107851 1623.107851
81 1494.106929 1494.106929 1571.766929 1571.766929
82 1494.106655 1494.106655 1571.766655 1571.766655
84 1494.106258 1494.106258 1571.766258 1571.766258
85 1494.105474 1494.105474 1571.765474 1571.765474
103 1494.104830 1494.104830 1571.764830 1571.764830
107 1494.103666 1494.103666 1571.763666 1571.763666
119 1494.096756 1494.096756 1571.756756 1571.756756
721 1379.364178 1379.364178 1457.024178 1457.024178
724 1379.363797 1379.363797 1457.023797 1457.023797
728 1379.363696 1379.363696 1457.023696 1457.023696
736 1379.363161 1379.363161 1457.023161 1457.023161
742 1379.362441 1379.362441 1457.022441 1457.022441
756 1379.361879 1379.361879 1457.021879 1457.021879
921 1348.493063 1348.493063 1426.153063 1426.153063
939 1348.492965 1348.492965 1426.152965 1426.152965
948 1348.491367 1348.491367 1426.151367 1426.151367
949 1348.491049 1348.491049 1426.151049 1426.151049
957 1348.490089 1348.490089 1426.150089 1426.150089
961 1056.619792 1056.619792 1134.279792 1134.279792
964 1056.619513 1056.619513 1134.279513 1134.279513
970 1056.619197 1056.619197 1134.279197 1134.279197
986 1056.618946 1056.618946 1134.278946 1134.278946
993 1056.618745 1056.618745 1134.278745 1134.278745
999 1056.613273 1056.613273 1134.273273 1134.273273
1561 1008.847912 1008.847912 1086.507912 1086.507912
1562 1008.847590 1008.847590 1086.507590 1086.507590
1565 1008.846792 1008.846792 1086.506792 1086.506792
1575 1008.846599 1008.846599 1086.506599 1086.506599
1583 1008.845480 1008.845480 1086.505480 1086.505480
102433 0.000000 0.000000 77.660000 77.660000
270000 0.000000 0.000000 0.000000 77.660000
"function evaluation" "current f(x)" "best-so-far f(x)" "current af(x)+b"  "best af(x)+b"
1 2304.250653 2304.250653 2419.930653 2419.930653
5 2304.250052 2304.250052 2419.930052 2419.930052
9 2304.249741 2304.249741 2419.929741 2419.929741
22 2304.249589 2304.249589 2419.929589 2419.929589
25 2304.247177 2304.247177 2419.927177 2419.927177
41 1726.308536 1726.308536 1841.988536 1841.988536
42 1726.307860 1726.307860 1841.987860 1841.987860
44 1726.307732 1726.307732 1841.987732 1841.987732
47 1726.307557 1726.307557 1841.987557 1841.987557
51 1726.306877 1726.306877 1841.986877 1841.986877
60 1726.306778 1726.306778 1841.986778 1841.986778
63 1726.306405 1726.306405 1841.986405 1841.986405
69 1726.296743 1726.296743 1841.976743 1841.976743
561 1586.722443 1586.722443 1702.402443 1702.402443
562 1586.722100 1586.722100 1702.402100 1702.402100
564 1586.721720 1586.721720 1702.401720 1702.401720
569 1586.721705 1586.721705 1702.401705 1702.401705
575 1586.720948 1586.720948 1702.400948 1702.400948
577 1586.720521 1586.720521 1702.400521 1702.400521
589 1586.720352 1586.720352 1702.400352 1702.400352
593 1586.717834 1586.717834 1702.397834 1702.397834
761 1259.318159 1259.318159 1374.998159 1374.998159
763 1259.318139 1259.318139 1374.998139 1374.998139
766 1259.317759 1259.317759 1374.997759 1374.997759
770 1259.317755 1259.317755 1374.997755 1374.997755
771 1259.317691 1259.317691 1374.997691 1374.997691
777 1259.317540 1259.317540 1374.997540 1374.997540
788 1259.316860 1259.316860 1374.996860 1374.996860
789 1259.315855 1259.315855 1374.995855 1374.995855
921 1087.293780 1087.293780 1202.973780 1202.973780
923 1087.293424 1087.293424 1202.973424 1202.973424
926 1087.293029 1087.293029 1202.973029 1202.973029
927 1087.292779 1087.292779 1202.972779 1202.972779
929 1087.292635 1087.292635 1202.972635 1202.972635
933 1087.292445 1087.292445 1202.972445 1202.972445
943 1087.289645 1087.289645 1202.969645 1202.969645
1921 967.191493 967.191493 1082.871493 1082.871493
1924 967.190876 967.190876 1082.870876 1082.870876
1932 967.190693 967.190693 1082.870693 1082.870693
1936 967.190561 967.190561 1082.870561 1082.870561
1939 967.190515 967.190515 1082.870515 1082.870515
1952 967.189865 967.189865 1082.869865 1082.869865
1957 967.189061 967.189061 1082.869061 1082.869061
99425 0.000000 0.000000 115.680000 115.680000
270000 0.000000 0.000000 0.000000 115.680000
"function evaluation" "current f(x)" "best-so-far f(x)" "current af(x)+b"  "best af(x)+b"
1 1941.974834 1941.974834 2057.654834 2057.654834
2 1941.973825 1941.973825 2057.653825 2057.653825
3 1941.973366 1941.973366 2057.653366 2057.653366
20 1941.973207 1941.973207 2057.653207 2057.653207
25 1941.972919 1941.972919 2057.652919 2057.652919
28 1941.972569 1941.972569 2057.652569 2057.652569
121 1878.276903 1878.276903 1993.956903 1993.956903
123 1878.276200 1878.276200 1993.956200 1993.956200
132 1878.275767 1878.275767 1993.955767 1993.955767
143 1878.274535 1878.274535 1993.954535 1993.954535
161 750.968108 750.968108 866.648108 866.648108
169 750.966939 750.966939 866.646939 866.646939
183 750.966642 750.966642 866.646642 866.646642
1401 596.247126 596.247126 711.927126 711.927126
1404 596.247081 596.247081 711.927081 711.927081
1406 596.246803 596.246803 711.926803 711.926803
1411 596.246699 596.246699 711.926699 711.926699
1417 596.246450 596.246450 711.926450 711.926450
1426 596.246050 596.246050 711.926050 711.926050
1427 596.243339 596.243339 711.923339 711.923339
102111 0.000000 0.000000 115.680000 115.680000
270000 0.000000 0.000000 0.000000 115.680000
"function evaluation" "current f(x)" "best-so-far f(x)" "current af(x)+b"  "best af(x)+b"
1 2619.971327 2619.971327 2735.651327 2735.651327
9 2619.969844 2619.969844 2735.649844 2735.649844
33 2619.964937 2619.964937 2735.644937 2735.644937
41 2191.517698 2191.517698 2307.197698 2307.197698
42 2191.517173 2191.517173 2307.197173 2307.197173
46 2191.516935 2191.516935 2307.196935 2307.196935
50 2191.516711 2191.516711 2307.196711 2307.196711
51 2191.515827 2191.515827 2307.195827 2307.195827
57 2191.515271 2191.515271 2307.195271 2307.195271
59 2191.515251 2191.515251 2307.195251 2307.195251
80 2191.514736 2191.514736 2307.194736 2307.194736
241 1861.311605 1861.311605 1976.991605 1976.991605
242 1861.310825 1861.310825 1976.990825 1976.990825
245 1861.310787 1861.310787 1976.990787 1976.990787
250 1861.310306 1861.310306 1976.990306 1976.990306
254 1861.310034 1861.310034 1976.990034 1976.990034
259 1861.309168 1861.309168 1976.989168 1976.989168
263 1861.307803 1861.307803 1976.987803 1976.987803
321 868.813009 868.813009 984.493009 984.493009
324 868.812538 868.812538 984.492538 984.492538
331 868.812534 868.812534 984.492534 984.492534
333 868.811750 868.811750 984.491750 984.491750
345 868.810512 868.810512 984.490512 984.490512
1481 841.900869 841.900869 957.580869 957.580869
1483 841.900405 841.900405 957.580405 957.580405
1490 841.899811 841.899811 957.579811 957.579811
1499 841.899297 841.899297 957.579297 957.579297
99201 0.000000 0.000000 115.680000 115.680000
270000 0.000000 0.000000 0.000000 115.680000
"function evaluation" "current f(x)" "best-so-far f(x)" "current af(x)+b"  "best af(x)+b"
1 6559.462074 6559.462074 6555.752074 6555.752074
2 6559.461392 6559.461392 6555.751392 6555.751392
9 6559.461161 6559.461161 6555.751161 6555.751161
11 6559.461140 6559.461140 6555.751140 6555.751140
14 6559.460939 6559.460939 6555.750939 6555.750939
17 6559.458285 6559.458285 6555.748285 6555.748285
39 6559.445955 6559.445955 6555.735955 6555.735955
41 2449.254059 2449.254059 2445.544059 2445.544059
42 2449.253316 2449.253316 2445.543316 2445.543316
46 2449.253053 2449.253053 2445.543053 2445.543053
50 2449.252942 2449.252942 2445.542942 2445.542942
55 2449.251807 2449.251807 2445.541807 2445.541807
67 2449.249365 2449.249365 2445.539365 2445.539365
71 2449.243147 2449.243147 2445.533147 2445.533147
81 1773.718892 1773.718892 1770.008892 1770.008892
84 1773.718740 1773.718740 1770.008740 1770.008740
85 1773.718625 1773.718625 1770.008625 1770.008625
88 1773.718355 1773.718355 1770.008355 1770.008355
92 1773.718077 1773.718077 1770.008077 1770.008077
96 1773.717767 1773.717767 1770.007767 1770.007767
201 1196.589281 1196.589281 1192.879281 1192.879281
204 1196.589203 1196.589203 1192.879203 1192.879203
210 1196.588830 1196.588830 1192.878830 1192.878830
215 1196.588505 1196.588505 1192.878505 1192.878505
219 1196.588498 1196.588498 1192.878498 1192.878498
227 1196.586735 1196.586735 1192.876735 1192.876735
229 1196.585611 1196.585611 1192.875611 1192.875611
601 1091.927949 1091.927949 1088.217949 1088.217949
602 1091.927709 1091.927709 1088.217709 1088.217709
605 1091.927583 1091.927583 1088.217583 1088.217583
614 1091.927343 1091.927343 1088.217343 1088.217343
620 1091.927053 1091.927053 1088.217053 1088.217053
622 1091.927042 1091.927042 1088.217042 1088.217042
623 1091.926483 1091.926483 1088.216483 1088.216483
630 1091.926368 1091.926368 1088.216368 1088.216368
639 1091.924521 1091.924521 1088.214521 1088.214521
641 948.625343 948.625343 944.915343 944.915343
644 948.624954 948.624954 944.914954 944.914954
647 948.624901 948.624901 944.914901 944.914901
652 948.624783 948.624783 944.914783 944.914783
653 948.624561 948.624561 944.914561 944.914561
656 948.624399 948.624399 944.914399 944.914399
662 948.623966 948.623966 944.913966 944.913966
667 948.622031 948.622031 944.912031 944.912031
104643 0.000000 0.000000 -3.710000 -3.710000
270000 915.863551 0.000000 915.863551 -3.710000
"function evaluation" "current f(x)" "best-so-far f(x)" "current af(x)+b"  "best af(x)+b"
1 2418.020051 2418.020051 2414.310051 2414.310051
2 2418.019494 2418.019494 2414.309494 2414.309494
3 2418.019127 2418.019127 2414.309127 2414.309127
7 2418.019115 2418.019115 2414.309115 2414.309115
12 2418.018569 2418.018569 2414.308569 2414.308569
28 2418.018346 2418.018346 2414.308346 2414.308346
29 2418.016860 2418.016860 2414.306860 2414.306860
31 2418.010956 2418.010956 2414.300956 2414.300956
41 1896.776191 1896.776191 1893.066191 1893.066191
44 1896.776140 1896.776140 1893.066140 1893.066140
46 1896.776000 1896.776000 1893.066000 1893.066000
52 1896.775669 1896.775669 1893.065669 1893.065669
58 1896.775654 1896.775654 1893.065654 1893.065654
67 1896.768237 1896.768237 1893.058237 1893.058237
81 1014.778897 1014.778897 1011.068897 1011.068897
89 1014.778764 1014.778764 1011.068764 1011.068764
96 1014.778654 1014.778654 1011.068654 1011.068654
97 1014.778001 1014.778001 1011.068001 1011.068001
99 1014.777579 1014.777579 1011.067579 1011.067579
104 1014.777503 1014.777503 1011.067503 1011.067503
113 1014.774608 1014.774608 1011.064608 1011.064608
241 843.405858 843.405858 839.695858 839.695858
242 843.404617 843.404617 839.694617 839.694617
250 843.404395 843.404395 839.694395 839.694395
254 843.404200 843.404200 839.694200 839.694200
260 843.404098 843.404098 839.694098 839.694098
266 843.403921 843.403921 839.693921 839.693921
267 843.403857 843.403857 839.693857 839.693857
279 843.401247 843.401247 839.691247 839.691247
104811 0.000000 0.000000 -3.710000 -3.710000
270000 915.863551 0.000000 915.863551 -3.710000
"function evaluation" "current f(x)" "best-so-far f(x)" "current af(x)+b"  "best af(x)+b"
1 1658.103253 1658.103253 1654.393253 1654.393253
3 1658.102517 1658.102517 1654.392517 1654.392517
11 1658.102257 1658.102257 1654.392257 1654.392257
13 1658.102223 1658.102223 1654.392223 1654.392223
29 1658.098566 1658.098566 1654.388566 1654.388566
321 1189.544617 1189.544617 1185.834617 1185.834617
322 1189.544075 1189.544075 1185.834075 1185.834075
328 1189.543790 1189.543790 1185.833790 1185.833790
330 1189.543356 1189.543356 1185.833356 1185.833356
345 1189.543324 1189.543324 1185.833324 1185.833324
351 1189.536977 1189.536977 1185.826977 1185.826977
521 1073.356131 1073.356131 1069.646131 1069.646131
522 1073.355022 1073.355022 1069.645022 1069.645022
523 1073.354967 1073.354967 1069.644967 1069.644967
532 1073.354765 1073.354765 1069.644765 1069.644765
534 1073.354547 1073.354547 1069.644547 1069.644547
535 1073.354332 1073.354332 1069.644332 1069.644332
539 1073.354129 1073.354129 1069.644129 1069.644129
553 1073.353401 1073.353401 1069.643401 1069.643401
559 1073.348860 1073.348860 1069.638860 1069.638860
1681 787.764067 787.764067 784.054067 784.054067
1682 787.763786 787.763786 784.053786 784.053786
1683 787.763603 787.763603 784.053603 784.053603
1689 787.763225 787.763225 784.053225 784.053225
1692 787.762899 787.762899 784.052899 784.052899
1693 787.762575 787.762575 784.052575 784.052575
1698 787.761934 787.761934 784.051934 784.051934
1706 787.761692 787.761692 784.051692 784.051692
1719 787.760838 787.760838 784.050838 784.050838
1961 755.077710 755.077710 751.367710 751.367710
1962 755.076981 755.076981 751.366981 751.366981
1965 755.076604 755.076604 751.366604 751.366604
1970 755.076558 755.076558 751.366558 751.366558
1972 755.076181 755.076181 751.366181 751.366181
1986 755.075470 755.075470 751.365470 751.365470
1988 755.075260 755.075260 751.365260 751.365260
104797 0.000000 0.000000 -3.710000 -3.710000
270000 915.863551 0.000000 915.863551 -3.710000
"function evaluation" "current f(x)" "best-so-far f(x)" "current af(x)+b"  "best af(x)+b"
1 2258.571521 2258.571521 2390.751521 2390.751521
4 2258.571123 2258.571123 2390.751123 2390.751123
5 2258.570957 2258.570957 2390.750957 2390.750957
7 2258.570195 2258.570195 2390.750195 2390.750195
25 2258.569264 2258.569264 2390.749264 2390.749264
29 2258.568782 2258.568782 2390.748782 2390.748782
37 2258.558080 2258.558080 2390.738080 2390.738080
41 1555.240979 1555.240979 1687.420979 1687.420979
47 1555.240261 1555.240261 1687.420261 1687.420261
69 1555.235847 1555.235847 1687.415847 1687.415847
81 1080.930320 1080.930320 1213.110320 1213.110320
82 1080.929418 1080.929418 1213.109418 1213.109418
94 1080.929033 1080.929033 1213.109033 1213.109033
101 1080.928543 1080.928543 1213.108543 1213.108543
108 1080.928226 1080.928226 1213.108226 1213.108226
112 1080.927611 1080.927611 1213.107611 1213.107611
119 1080.927081 1080.927081 1213.107081 1213.107081
841 944.213293 944.213293 1076.393293 1076.393293
849 944.212829 944.212829 1076.392829 1076.392829
863 944.212132 944.212132 1076.392132 1076.392132
867 944.210773 944.210773 1076.390773 1076.390773
1001 887.093821 887.093821 1019.273821 1019.273821
1003 887.093565 887.093565 1019.273565 1019.273565
1006 887.093563 887.093563 1019.273563 1019.273563
1008 887.092841 887.092841 1019.272841 1019.272841
1017 887.092578 887.092578 1019.272578 1019.272578
1028 887.092097 887.092097 1019.272097 1019.272097
1281 838.245984 838.245984 970.425984 970.425984
1282 838.244759 838.244759 970.424759 970.424759
1284 838.244637 838.244637 970.424637 970.424637
1287 838.243912 838.243912 970.423912 970.423912
1300 838.243480 838.243480 970.423480 970.423480
1312 838.242492 838.242492 970.422492 970.422492
1318 838.242456 838.242456 970.422456 970.422456
1481 735.907906 735.907906 868.087906 868.087906
1484 735.907563 735.907563 868.087563 868.087563
1485 735.907511 735.907511 868.087511 868.087511
1492 735.907238 735.907238 868.087238 868.087238
1494 735.907160 735.907160 868.087160 868.087160
1509 735.906197 735.906197 868.086197 868.086197
1514 735.906064 735.906064 868.086064 868.086064
1517 735.905080 735.905080 868.085080 868.085080
102013 0.000000 0.000000 132.180000 132.180000
270000 0.000000 0.000000 0.000000 132.180000
"function evaluation" "current f(x)" "best-so-far f(x)" "current af(x)+b"  "best af(x)+b"
1 1563.524075 1563.524075 1695.704075 1695.704075
2 1563.523354 1563.523354 1695.703354 1695.703354
4 1563.523020 1563.523020 1695.703020 1695.703020
13 1563.522757 1563.522757 1695.702757 1695.702757
26 1563.522578 1563.522578 1695.702578 1695.702578
28 1563.521317 1563.521317 1695.701317 1695.701317
31 1563.519449 1563.519449 1695.699449 1695.699449
81 1298.760637 1298.760637 1430.940637 1430.940637
83 1298.760293 1298.760293 1430.940293 1430.940293
92 1298.759725 1298.759725 1430.939725 1430.939725
95 1298.759244 1298.759244 1430.939244 1430.939244
116 1298.758574 1298.758574 1430.938574 1430.938574
119 1298.758440 1298.758440 1430.938440 1430.938440
201 1103.143721 1103.143721 1235.323721 1235.323721
202 1103.142434 1103.142434 1235.322434 1235.322434
210 1103.141735 1103.141735 1235.321735 1235.321735
219 1103.141230 1103.141230 1235.321230 1235.321230
236 1103.140836 1103.140836 1235.320836 1235.320836
239 1103.139410 1103.139410 1235.319410 1235.319410
801 788.407940 788.407940 920.587940 920.587940
803 788.407818 788.407818 920.587818 920.587818
807 788.407559 788.407559 920.587559 920.587559
810 788.407355 788.407355 920.587355 920.587355
811 788.407262 788.407262 920.587262 920.587262
820 788.407161 788.407161 920.587161 920.587161
821 788.406911 788.406911 920.586911 920.586911
835 788.406826 788.406826 920.586826 920.586826
837 788.403733 788.403733 920.583733 920.583733
102083 0.000000 0.000000 132.180000 132.180000
270000 0.000000 0.000000 0.000000 132.180000
"function evaluation" "current f(x)" "best-so-far f(x)" "current af(x)+b"  "best af(x)+b"
1 3079.329983 3079.329983 3211.509983 3211.509983
6 3079.329713 3079.329713 3211.509713 3211.509713
19 3079.329256 3079.329256 3211.509256 3211.509256
29 3079.320768 3079.320768 3211.500768 3211.500768
41 1543.684243 1543.684243 1675.864243 1675.864243
44 1543.683773 1543.683773 1675.863773 1675.863773
45 1543.683729 1543.683729 1675.863729 1675.863729
58 1543.683557 1543.683557 1675.863557 1675.863557
68 1543.682109 1543.682109 1675.862109 1675.862109
69 1543.681581 1543.681581 1675.861581 1675.861581
81 1221.611946 1221.611946 1353.791946 1353.791946
86 1221.611289 1221.611289 1353.791289 1353.791289
90 1221.611115 1221.611115 1353.791115 1353.791115
93 1221.610904 1221.610904 1353.790904 1353.790904
102 1221.610290 1221.610290 1353.790290 1353.790290
105 1221.607586 1221.607586 1353.787586 1353.787586
121 1134.065261 1134.065261 1266.245261 1266.245261
134 1134.064853 1134.064853 1266.244853 1266.244853
145 1134.064568 1134.064568 1266.244568 1266.244568
154 1134.063824 1134.063824 1266.243824 1266.243824
761 1056.721319 1056.721319 1188.901319 1188.901319
769 1056.720892 1056.720892 1188.900892 1188.900892
785 1056.720486 1056.720486 1188.900486 1188.900486
790 1056.720194 1056.720194 1188.900194 1188.900194
798 1056.719918 1056.719918 1188.899918 1188.899918
1561 1051.801452 1051.801452 1183.981452 1183.981452
1562 1051.800489 1051.800489 1183.980489 1183.980489
1564 1051.800411 1051.800411 1183.980411 1183.980411
1566 1051.800096 1051.800096 1183.980096 1183.980096
1571 1051.799476 1051.799476 1183.979476 1183.979476
1596 1051.798881 1051.798881 1183.978881 1183.978881
1598 1051.798316 1051.798316 1183.978316 1183.978316
99215 0.000000 0.000000 132.180000 132.180000
270000 0.000000 0.000000 0.000000 132.180000
