"function evaluation" "current f(x)" "best-so-far f(x)" "current af(x)+b"  "best af(x)+b"
1 24.267882 24.267882 103.747882 103.747882
2 24.199073 24.199073 103.679073 103.679073
31 14.014816 14.014816 93.494816 93.494816
32 13.989042 13.989042 93.469042 93.469042
38 13.969010 13.969010 93.449010 93.449010
91 4.761568 4.761568 84.241568 84.241568
92 4.753178 4.753178 84.233178 84.233178
95 4.751446 4.751446 84.231446 84.231446
97 4.740734 4.740734 84.220734 84.220734
654 3.119496 3.119496 82.599496 82.599496
656 1.679844 1.679844 81.159844 81.159844
658 1.082055 1.082055 80.562055 80.562055
1442 1.079749 1.079749 80.559749 80.559749
1447 1.073152 1.073152 80.553152 80.553152
1907 0.207120 0.207120 79.687120 79.687120
2006 0.168740 0.168740 79.648740 79.648740
2792 0.167943 0.167943 79.647943 79.647943
2797 0.166970 0.166970 79.646970 79.646970
2800 0.165290 0.165290 79.645290 79.645290
3209 0.123044 0.123044 79.603044 79.603044
3214 0.047326 0.047326 79.527326 79.527326
3255 0.043984 0.043984 79.523984 79.523984
3357 0.041797 0.041797 79.521797 79.521797
3358 0.032364 0.032364 79.512364 79.512364
3361 0.025336 0.025336 79.505336 79.505336
3367 0.005809 0.005809 79.485809 79.485809
4141 0.005486 0.005486 79.485486 79.485486
4145 0.005360 0.005360 79.485360 79.485360
4556 0.003664 0.003664 79.483664 79.483664
4708 0.002706 0.002706 79.482706 79.482706
5492 0.002672 0.002672 79.482672 79.482672
5495 0.002494 0.002494 79.482494 79.482494
5498 0.002377 0.002377 79.482377 79.482377
5903 0.000919 0.000919 79.480919 79.480919
5904 0.000802 0.000802 79.480802 79.480802
6056 0.000564 0.000564 79.480564 79.480564
6057 0.000329 0.000329 79.480329 79.480329
6059 0.000111 0.000111 79.480111 79.480111
6845 0.000050 0.000050 79.480050 79.480050
7404 0.000037 0.000037 79.480037 79.480037
7406 0.000012 0.000012 79.480012 79.480012
7407 0.000010 0.000010 79.480010 79.480010
8198 0.000006 0.000006 79.480006 79.480006
8754 0.000005 0.000005 79.480005 79.480005
9218 0.000003 0.000003 79.480003 79.480003
10104 0.000002 0.000002 79.480002 79.480002
10109 0.000000 0.000000 79.480000 79.480000
10116 0.000000 0.000000 79.480000 79.480000
10117 0.000000 0.000000 79.480000 79.480000
11454 0.000000 0.000000 79.480000 79.480000
11456 0.000000 0.000000 79.480000 79.480000
11457 0.000000 0.000000 79.480000 79.480000
11464 0.000000 0.000000 79.480000 79.480000
12806 0.000000 0.000000 79.480000 79.480000
12807 0.000000 0.000000 79.480000 79.480000
12809 0.000000 0.000000 79.480000 79.480000
12811 0.000000 0.000000 79.480000 79.480000
12813 0.000000 0.000000 79.480000 79.480000
14163 0.000000 0.000000 79.480000 79.480000
14166 0.000000 0.000000 79.480000 79.480000
14462 0.000000 0.000000 79.480000 79.480000
14466 0.000000 0.000000 79.480000 79.480000
15364 0.000000 0.000000 79.480000 79.480000
15506 0.000000 0.000000 79.480000 79.480000
15810 0.000000 0.000000 79.480000 79.480000
15812 0.000000 0.000000 79.480000 79.480000
15823 0.000000 0.000000 79.480000 79.480000
16858 0.000000 0.000000 79.480000 79.480000
16863 0.000000 0.000000 79.480000 79.480000
18204 0.000000 0.000000 79.480000 79.480000
18206 0.000000 0.000000 79.480000 79.480000
18207 0.000000 0.000000 79.480000 79.480000
18208 0.000000 0.000000 79.480000 79.480000
18210 0.000000 0.000000 79.480000 79.480000
19554 0.000000 0.000000 79.480000 79.480000
19557 0.000000 0.000000 79.480000 79.480000
19567 0.000000 0.000000 79.480000 79.480000
135000 0.000000 0.000000 0.000000 79.480000
"function evaluation" "current f(x)" "best-so-far f(x)" "current af(x)+b"  "best af(x)+b"
1 108.607638 108.607638 188.087638 188.087638
3 108.554622 108.554622 188.034622 188.034622
8 108.546488 108.546488 188.026488 188.026488
21 8.597879 8.597879 88.077879 88.077879
22 8.585852 8.585852 88.065852 88.065852
24 8.576499 8.576499 88.056499 88.056499
27 8.574853 8.574853 88.054853 88.054853
535 3.596633 3.596633 83.076633 83.076633
544 2.486311 2.486311 81.966311 81.966311
1372 2.483578 2.483578 81.963578 81.963578
1374 2.477541 2.477541 81.957541 81.957541
1377 2.476722 2.476722 81.956722 81.956722
1885 0.686896 0.686896 80.166896 80.166896
1888 0.367095 0.367095 79.847095 79.847095
1898 0.214145 0.214145 79.694145 79.694145
2721 0.212430 0.212430 79.692430 79.692430
2723 0.211434 0.211434 79.691434 79.691434
3235 0.105847 0.105847 79.585847 79.585847
3239 0.103504 0.103504 79.583504 79.583504
3989 0.087919 0.087919 79.567919 79.567919
3993 0.054432 0.054432 79.534432 79.534432
3996 0.039234 0.039234 79.519234 79.519234
4511 0.038089 0.038089 79.518089 79.518089
4515 0.037932 0.037932 79.517932 79.517932
4585 0.028385 0.028385 79.508385 79.508385
4587 0.025069 0.025069 79.505069 79.505069
4589 0.015920 0.015920 79.495920 79.495920
4592 0.006884 0.006884 79.486884 79.486884
5346 0.006821 0.006821 79.486821 79.486821
5422 0.006707 0.006707 79.486707 79.486707
5424 0.006597 0.006597 79.486597 79.486597
5427 0.006225 0.006225 79.486225 79.486225
5935 0.004598 0.004598 79.484598 79.484598
5937 0.003841 0.003841 79.483841 79.483841
5940 0.003222 0.003222 79.483222 79.483222
5942 0.003210 0.003210 79.483210 79.483210
5946 0.002550 0.002550 79.482550 79.482550
6026 0.002394 0.002394 79.482394 79.482394
6383 0.001228 0.001228 79.481228 79.481228
6688 0.001191 0.001191 79.481191 79.481191
6695 0.000896 0.000896 79.480896 79.480896
7212 0.000874 0.000874 79.480874 79.480874
7213 0.000769 0.000769 79.480769 79.480769
7220 0.000684 0.000684 79.480684 79.480684
7288 0.000497 0.000497 79.480497 79.480497
7298 0.000383 0.000383 79.480383 79.480383
7379 0.000381 0.000381 79.480381 79.480381
7380 0.000241 0.000241 79.480241 79.480241
7383 0.000052 0.000052 79.480052 79.480052
8172 0.000049 0.000049 79.480049 79.480049
8174 0.000043 0.000043 79.480043 79.480043
8180 0.000028 0.000028 79.480028 79.480028
9081 0.000027 0.000027 79.480027 79.480027
9086 0.000022 0.000022 79.480022 79.480022
9089 0.000020 0.000020 79.480020 79.480020
9173 0.000014 0.000014 79.480014 79.480014
9637 0.000004 0.000004 79.480004 79.480004
10261 0.000004 0.000004 79.480004 79.480004
10267 0.000001 0.000001 79.480001 79.480001
11607 0.000000 0.000000 79.480000 79.480000
11619 0.000000 0.000000 79.480000 79.480000
12260 0.000000 0.000000 79.480000 79.480000
14086 0.000000 0.000000 79.480000 79.480000
14099 0.000000 0.000000 79.480000 79.480000
14159 0.000000 0.000000 79.480000 79.480000
14311 0.000000 0.000000 79.480000 79.480000
15504 0.000000 0.000000 79.480000 79.480000
15507 0.000000 0.000000 79.480000 79.480000
15508 0.000000 0.000000 79.480000 79.480000
15513 0.000000 0.000000 79.480000 79.480000
16798 0.000000 0.000000 79.480000 79.480000
16856 0.000000 0.000000 79.480000 79.480000
16871 0.000000 0.000000 79.480000 79.480000
16878 0.000000 0.000000 79.480000 79.480000
16881 0.000000 0.000000 79.480000 79.480000
18221 0.000000 0.000000 79.480000 79.480000
18224 0.000000 0.000000 79.480000 79.480000
18225 0.000000 0.000000 79.480000 79.480000
19495 0.000000 0.000000 79.480000 79.480000
19497 0.000000 0.000000 79.480000 79.480000
19567 0.000000 0.000000 79.480000 79.480000
19579 0.000000 0.000000 79.480000 79.480000
20836 0.000000 0.000000 79.480000 79.480000
20838 0.000000 0.000000 79.480000 79.480000
20839 0.000000 0.000000 79.480000 79.480000
20841 0.000000 0.000000 79.480000 79.480000
20845 0.000000 0.000000 79.480000 79.480000
20846 0.000000 0.000000 79.480000 79.480000
21060 0.000000 0.000000 79.480000 79.480000
21064 0.000000 0.000000 79.480000 79.480000
22186 0.000000 0.000000 79.480000 79.480000
22191 0.000000 0.000000 79.480000 79.480000
22195 0.000000 0.000000 79.480000 79.480000
135000 0.000000 0.000000 0.000000 79.480000
"function evaluation" "current f(x)" "best-so-far f(x)" "current af(x)+b"  "best af(x)+b"
1 55.938433 55.938433 135.418433 135.418433
4 55.920831 55.920831 135.400831 135.400831
9 55.903708 55.903708 135.383708 135.383708
11 49.701412 49.701412 129.181412 129.181412
12 49.598071 49.598071 129.078071 129.078071
21 37.285903 37.285903 116.765903 116.765903
29 37.285342 37.285342 116.765342 116.765342
101 33.949456 33.949456 113.429456 113.429456
102 33.906732 33.906732 113.386732 113.386732
103 33.885192 33.885192 113.365192 113.365192
111 26.110929 26.110929 105.590929 105.590929
114 26.105133 26.105133 105.585133 105.585133
117 26.092109 26.092109 105.572109 105.572109
119 26.073959 26.073959 105.553959 105.553959
191 21.667050 21.667050 101.147050 101.147050
192 21.593606 21.593606 101.073606 101.073606
201 14.959683 14.959683 94.439683 94.439683
202 14.922863 14.922863 94.402863 94.402863
206 14.910212 14.910212 94.390212 94.390212
824 14.803371 14.803371 94.283371 94.283371
828 14.551447 14.551447 94.031447 94.031447
829 14.116585 14.116585 93.596585 93.596585
831 14.069314 14.069314 93.549314 93.549314
832 13.765984 13.765984 93.245984 93.245984
841 10.865663 10.865663 90.345663 90.345663
843 9.314065 9.314065 88.794065 88.794065
846 8.579038 8.579038 88.059038 88.059038
1552 8.566749 8.566749 88.046749 88.046749
1556 8.554368 8.554368 88.034368 88.034368
2177 6.926182 6.926182 86.406182 86.406182
2191 1.902697 1.902697 81.382697 81.382697
2193 1.837578 1.837578 81.317578 81.317578
2197 0.939900 0.939900 80.419900 80.419900
2200 0.801433 0.801433 80.281433 80.281433
2902 0.793220 0.793220 80.273220 80.273220
3339 0.689426 0.689426 80.169426 80.169426
3527 0.331171 0.331171 79.811171 79.811171
3544 0.258874 0.258874 79.738874 79.738874
3545 0.188441 0.188441 79.668441 79.668441
3546 0.172515 0.172515 79.652515 79.652515
3554 0.145649 0.145649 79.625649 79.625649
4037 0.085200 0.085200 79.565200 79.565200
4043 0.066333 0.066333 79.546333 79.546333
4045 0.043987 0.043987 79.523987 79.523987
4542 0.043947 0.043947 79.523947 79.523947
4543 0.042520 0.042520 79.522520 79.522520
5384 0.011138 0.011138 79.491138 79.491138
5391 0.008947 0.008947 79.488947 79.488947
5893 0.008313 0.008313 79.488313 79.488313
6050 0.005625 0.005625 79.485625 79.485625
6185 0.002637 0.002637 79.482637 79.482637
6911 0.002417 0.002417 79.482417 79.482417
6915 0.002399 0.002399 79.482399 79.482399
6919 0.002390 0.002390 79.482390 79.482390
7392 0.001601 0.001601 79.481601 79.481601
7400 0.000949 0.000949 79.480949 79.480949
7523 0.000918 0.000918 79.480918 79.480918
7526 0.000776 0.000776 79.480776 79.480776
7602 0.000681 0.000681 79.480681 79.480681
8261 0.000660 0.000660 79.480660 79.480660
8268 0.000627 0.000627 79.480627 79.480627
8304 0.000604 0.000604 79.480604 79.480604
8310 0.000469 0.000469 79.480469 79.480469
8689 0.000165 0.000165 79.480165 79.480165
8742 0.000070 0.000070 79.480070 79.480070
8856 0.000052 0.000052 79.480052 79.480052
9540 0.000031 0.000031 79.480031 79.480031
9607 0.000028 0.000028 79.480028 79.480028
10094 0.000026 0.000026 79.480026 79.480026
10100 0.000025 0.000025 79.480025 79.480025
10284 0.000025 0.000025 79.480025 79.480025
10300 0.000020 0.000020 79.480020 79.480020
10410 0.000017 0.000017 79.480017 79.480017
10860 0.000009 0.000009 79.480009 79.480009
10881 0.000005 0.000005 79.480005 79.480005
10954 0.000003 0.000003 79.480003 79.480003
11010 0.000001 0.000001 79.480001 79.480001
11447 0.000001 0.000001 79.480001 79.480001
11654 0.000001 0.000001 79.480001 79.480001
12790 0.000000 0.000000 79.480000 79.480000
12792 0.000000 0.000000 79.480000 79.480000
12795 0.000000 0.000000 79.480000 79.480000
12996 0.000000 0.000000 79.480000 79.480000
13004 0.000000 0.000000 79.480000 79.480000
13242 0.000000 0.000000 79.480000 79.480000
14140 0.000000 0.000000 79.480000 79.480000
14141 0.000000 0.000000 79.480000 79.480000
14148 0.000000 0.000000 79.480000 79.480000
15483 0.000000 0.000000 79.480000 79.480000
15487 0.000000 0.000000 79.480000 79.480000
15490 0.000000 0.000000 79.480000 79.480000
15492 0.000000 0.000000 79.480000 79.480000
15493 0.000000 0.000000 79.480000 79.480000
15495 0.000000 0.000000 79.480000 79.480000
16840 0.000000 0.000000 79.480000 79.480000
16893 0.000000 0.000000 79.480000 79.480000
17233 0.000000 0.000000 79.480000 79.480000
17451 0.000000 0.000000 79.480000 79.480000
17454 0.000000 0.000000 79.480000 79.480000
17462 0.000000 0.000000 79.480000 79.480000
18192 0.000000 0.000000 79.480000 79.480000
18198 0.000000 0.000000 79.480000 79.480000
18581 0.000000 0.000000 79.480000 79.480000
18586 0.000000 0.000000 79.480000 79.480000
18897 0.000000 0.000000 79.480000 79.480000
19537 0.000000 0.000000 79.480000 79.480000
19540 0.000000 0.000000 79.480000 79.480000
19541 0.000000 0.000000 79.480000 79.480000
20887 0.000000 0.000000 79.480000 79.480000
20891 0.000000 0.000000 79.480000 79.480000
23587 0.000000 0.000000 79.480000 79.480000
23591 0.000000 0.000000 79.480000 79.480000
135000 0.000000 0.000000 0.000000 79.480000
"function evaluation" "current f(x)" "best-so-far f(x)" "current af(x)+b"  "best af(x)+b"
1 63.476396 63.476396 457.956396 457.956396
3 63.475548 63.475548 457.955548 457.955548
5 63.454983 63.454983 457.934983 457.934983
11 37.207654 37.207654 431.687654 431.687654
111 7.742135 7.742135 402.222135 402.222135
112 7.725431 7.725431 402.205431 402.205431
115 7.709937 7.709937 402.189937 402.189937
688 3.763343 3.763343 398.243343 398.243343
690 2.989593 2.989593 397.469593 397.469593
1462 2.988242 2.988242 397.468242 397.468242
1464 2.985650 2.985650 397.465650 397.465650
1465 2.973393 2.973393 397.453393 397.453393
3214 2.139169 2.139169 396.619169 396.619169
3218 2.008666 2.008666 396.488666 396.488666
3220 1.370617 1.370617 395.850617 395.850617
3226 1.031572 1.031572 395.511572 395.511572
3390 0.133964 0.133964 394.613964 394.613964
3842 0.063936 0.063936 394.543936 394.543936
4421 0.063506 0.063506 394.543506 394.543506
4427 0.062144 0.062144 394.542144 394.542144
4579 0.058798 0.058798 394.538798 394.538798
4938 0.040667 0.040667 394.520667 394.520667
5180 0.034361 0.034361 394.514361 394.514361
5182 0.020914 0.020914 394.500914 394.500914
5183 0.005008 0.005008 394.485008 394.485008
5771 0.004977 0.004977 394.484977 394.484977
5774 0.004961 0.004961 394.484961 394.484961
5775 0.004888 0.004888 394.484888 394.484888
5777 0.004527 0.004527 394.484527 394.484527
6530 0.001662 0.001662 394.481662 394.481662
6532 0.001132 0.001132 394.481132 394.481132
6539 0.000649 0.000649 394.480649 394.480649
6543 0.000322 0.000322 394.480322 394.480322
7128 0.000190 0.000190 394.480190 394.480190
7276 0.000094 0.000094 394.480094 394.480094
8112 0.000081 0.000081 394.480081 394.480081
8114 0.000058 0.000058 394.480058 394.480058
8631 0.000049 0.000049 394.480049 394.480049
8790 0.000010 0.000010 394.480010 394.480010
10142 0.000009 0.000009 394.480009 394.480009
10144 0.000006 0.000006 394.480006 394.480006
10145 0.000005 0.000005 394.480005 394.480005
11028 0.000002 0.000002 394.480002 394.480002
11677 0.000001 0.000001 394.480001 394.480001
11680 0.000000 0.000000 394.480000 394.480000
13027 0.000000 0.000000 394.480000 394.480000
13033 0.000000 0.000000 394.480000 394.480000
13036 0.000000 0.000000 394.480000 394.480000
14378 0.000000 0.000000 394.480000 394.480000
14380 0.000000 0.000000 394.480000 394.480000
15601 0.000000 0.000000 394.480000 394.480000
15725 0.000000 0.000000 394.480000 394.480000
15727 0.000000 0.000000 394.480000 394.480000
17077 0.000000 0.000000 394.480000 394.480000
17087 0.000000 0.000000 394.480000 394.480000
17154 0.000000 0.000000 394.480000 394.480000
17337 0.000000 0.000000 394.480000 394.480000
17341 0.000000 0.000000 394.480000 394.480000
18295 0.000000 0.000000 394.480000 394.480000
18299 0.000000 0.000000 394.480000 394.480000
18495 0.000000 0.000000 394.480000 394.480000
18500 0.000000 0.000000 394.480000 394.480000
18506 0.000000 0.000000 394.480000 394.480000
18685 0.000000 0.000000 394.480000 394.480000
18686 0.000000 0.000000 394.480000 394.480000
19845 0.000000 0.000000 394.480000 394.480000
19850 0.000000 0.000000 394.480000 394.480000
19852 0.000000 0.000000 394.480000 394.480000
20989 0.000000 0.000000 394.480000 394.480000
21196 0.000000 0.000000 394.480000 394.480000
22339 0.000000 0.000000 394.480000 394.480000
22341 0.000000 0.000000 394.480000 394.480000
22352 0.000000 0.000000 394.480000 394.480000
22552 0.000000 0.000000 394.480000 394.480000
135000 0.000000 0.000000 0.000000 394.480000
"function evaluation" "current f(x)" "best-so-far f(x)" "current af(x)+b"  "best af(x)+b"
1 114.816267 114.816267 509.296267 509.296267
21 112.513627 112.513627 506.993627 506.993627
25 112.485294 112.485294 506.965294 506.965294
31 73.372825 73.372825 467.852825 467.852825
32 73.356963 73.356963 467.836963 467.836963
38 73.296713 73.296713 467.776713 467.776713
61 65.052999 65.052999 459.532999 459.532999
65 65.008104 65.008104 459.488104 459.488104
121 60.855344 60.855344 455.335344 455.335344
191 30.481154 30.481154 424.961154 424.961154
193 30.478759 30.478759 424.958759 424.958759
824 25.048623 25.048623 419.528623 419.528623
826 22.317324 22.317324 416.797324 416.797324
827 21.415399 21.415399 415.895399 415.895399
828 19.073316 19.073316 413.553316 413.553316
1541 19.045632 19.045632 413.525632 413.525632
1543 19.041161 19.041161 413.521161 413.521161
2123 14.331425 14.331425 408.811425 408.811425
2862 14.331042 14.331042 408.811042 408.811042
2863 14.316461 14.316461 408.796461 408.796461
2865 14.303682 14.303682 408.783682 408.783682
3218 7.129512 7.129512 401.609512 401.609512
3221 2.369642 2.369642 396.849642 396.849642
3231 2.277197 2.277197 396.757197 396.757197
3393 2.203048 2.203048 396.683048 396.683048
3401 1.794327 1.794327 396.274327 396.274327
3748 1.069102 1.069102 395.549102 395.549102
3894 0.613912 0.613912 395.093912 395.093912
4451 0.613506 0.613506 395.093506 395.093506
4454 0.612739 0.612739 395.092739 395.092739
4457 0.610521 0.610521 395.090521 395.090521
4459 0.607012 0.607012 395.087012 395.087012
4596 0.575871 0.575871 395.055871 395.055871
4738 0.172863 0.172863 394.652863 394.652863
4740 0.107228 0.107228 394.587228 394.587228
4996 0.098318 0.098318 394.578318 394.578318
5015 0.021497 0.021497 394.501497 394.501497
5672 0.021054 0.021054 394.501054 394.501054
5673 0.020978 0.020978 394.500978 394.500978
5676 0.020719 0.020719 394.500719 394.500719
5678 0.020683 0.020683 394.500683 394.500683
6050 0.015552 0.015552 394.495552 394.495552
6111 0.011008 0.011008 394.491008 394.491008
6360 0.006193 0.006193 394.486193 394.486193
7021 0.005934 0.005934 394.485934 394.485934
7023 0.005715 0.005715 394.485715 394.485715
7026 0.005708 0.005708 394.485708 394.485708
7397 0.004908 0.004908 394.484908 394.484908
7430 0.002512 0.002512 394.482512 394.482512
7458 0.001686 0.001686 394.481686 394.481686
7723 0.001563 0.001563 394.481563 394.481563
7795 0.000257 0.000257 394.480257 394.480257
8422 0.000229 0.000229 394.480229 394.480229
8423 0.000191 0.000191 394.480191 394.480191
8429 0.000162 0.000162 394.480162 394.480162
8457 0.000159 0.000159 394.480159 394.480159
9147 0.000054 0.000054 394.480054 394.480054
9148 0.000052 0.000052 394.480052 394.480052
9149 0.000047 0.000047 394.480047 394.480047
9152 0.000032 0.000032 394.480032 394.480032
9201 0.000007 0.000007 394.480007 394.480007
10503 0.000007 0.000007 394.480007 394.480007
10546 0.000002 0.000002 394.480002 394.480002
10548 0.000002 0.000002 394.480002 394.480002
10552 0.000001 0.000001 394.480001 394.480001
10553 0.000001 0.000001 394.480001 394.480001
11475 0.000001 0.000001 394.480001 394.480001
11477 0.000001 0.000001 394.480001 394.480001
11896 0.000000 0.000000 394.480000 394.480000
11901 0.000000 0.000000 394.480000 394.480000
11903 0.000000 0.000000 394.480000 394.480000
13246 0.000000 0.000000 394.480000 394.480000
13248 0.000000 0.000000 394.480000 394.480000
14327 0.000000 0.000000 394.480000 394.480000
14328 0.000000 0.000000 394.480000 394.480000
14545 0.000000 0.000000 394.480000 394.480000
14556 0.000000 0.000000 394.480000 394.480000
15628 0.000000 0.000000 394.480000 394.480000
15952 0.000000 0.000000 394.480000 394.480000
15957 0.000000 0.000000 394.480000 394.480000
16976 0.000000 0.000000 394.480000 394.480000
16977 0.000000 0.000000 394.480000 394.480000
17296 0.000000 0.000000 394.480000 394.480000
17300 0.000000 0.000000 394.480000 394.480000
17303 0.000000 0.000000 394.480000 394.480000
18323 0.000000 0.000000 394.480000 394.480000
19676 0.000000 0.000000 394.480000 394.480000
19677 0.000000 0.000000 394.480000 394.480000
21023 0.000000 0.000000 394.480000 394.480000
21025 0.000000 0.000000 394.480000 394.480000
21028 0.000000 0.000000 394.480000 394.480000
22647 0.000000 0.000000 394.480000 394.480000
23995 0.000000 0.000000 394.480000 394.480000
135000 0.000000 0.000000 0.000000 394.480000
"function evaluation" "current f(x)" "best-so-far f(x)" "current af(x)+b"  "best af(x)+b"
1 68.691644 68.691644 463.171644 463.171644
8 68.686648 68.686648 463.166648 463.166648
31 41.899862 41.899862 436.379862 436.379862
35 41.899224 41.899224 436.379224 436.379224
101 41.219971 41.219971 435.699971 435.699971
103 41.214273 41.214273 435.694273 435.694273
105 41.199796 41.199796 435.679796 435.679796
151 30.984299 30.984299 425.464299 425.464299
152 30.972809 30.972809 425.452809 425.452809
153 30.947838 30.947838 425.427838 425.427838
160 30.937155 30.937155 425.417155 425.417155
211 28.253042 28.253042 422.733042 422.733042
351 11.461984 11.461984 405.941984 405.941984
353 11.451698 11.451698 405.931698 405.931698
355 11.450314 11.450314 405.930314 405.930314
358 11.446076 11.446076 405.926076 405.926076
1096 8.631475 8.631475 403.111475 403.111475
1098 6.178762 6.178762 400.658762 400.658762
1103 5.557470 5.557470 400.037470 400.037470
1701 5.557211 5.557211 400.037211 400.037211
1703 5.549718 5.549718 400.029718 400.029718
1705 5.544029 5.544029 400.024029 400.024029
1708 5.542181 5.542181 400.022181 400.022181
2446 1.153091 1.153091 395.633091 395.633091
2452 0.681378 0.681378 395.161378 395.161378
2459 0.511771 0.511771 394.991771 394.991771
3052 0.511512 0.511512 394.991512 394.991512
3054 0.509861 0.509861 394.989861 394.989861
3055 0.507234 0.507234 394.987234 394.987234
3059 0.506689 0.506689 394.986689 394.986689
3792 0.487251 0.487251 394.967251 394.967251
3796 0.253278 0.253278 394.733278 394.733278
3798 0.084077 0.084077 394.564077 394.564077
4402 0.084065 0.084065 394.564065 394.564065
4404 0.081593 0.081593 394.561593 394.561593
4844 0.024356 0.024356 394.504356 394.504356
5289 0.019500 0.019500 394.499500 394.499500
5831 0.018535 0.018535 394.498535 394.498535
6122 0.011801 0.011801 394.491801 394.491801
6175 0.011695 0.011695 394.491695 394.491695
6181 0.010794 0.010794 394.490794 394.490794
6651 0.004037 0.004037 394.484037 394.484037
6724 0.000873 0.000873 394.480873 394.480873
7231 0.000739 0.000739 394.480739 394.480739
7234 0.000689 0.000689 394.480689 394.480689
7553 0.000624 0.000624 394.480624 394.480624
8002 0.000511 0.000511 394.480511 394.480511
8003 0.000476 0.000476 394.480476 394.480476
8006 0.000350 0.000350 394.480350 394.480350
8011 0.000101 0.000101 394.480101 394.480101
8076 0.000079 0.000079 394.480079 394.480079
8545 0.000035 0.000035 394.480035 394.480035
8581 0.000019 0.000019 394.480019 394.480019
9353 0.000014 0.000014 394.480014 394.480014
9430 0.000011 0.000011 394.480011 394.480011
9933 0.000011 0.000011 394.480011 394.480011
10244 0.000010 0.000010 394.480010 394.480010
10253 0.000008 0.000008 394.480008 394.480008
10420 0.000007 0.000007 394.480007 394.480007
10701 0.000004 0.000004 394.480004 394.480004
10705 0.000003 0.000003 394.480003 394.480003
10709 0.000003 0.000003 394.480003 394.480003
11590 0.000001 0.000001 394.480001 394.480001
11768 0.000001 0.000001 394.480001 394.480001
12053 0.000001 0.000001 394.480001 394.480001
12061 0.000001 0.000001 394.480001 394.480001
12062 0.000001 0.000001 394.480001 394.480001
12120 0.000000 0.000000 394.480000 394.480000
12915 0.000000 0.000000 394.480000 394.480000
12942 0.000000 0.000000 394.480000 394.480000
12943 0.000000 0.000000 394.480000 394.480000
13393 0.000000 0.000000 394.480000 394.480000
13467 0.000000 0.000000 394.480000 394.480000
13469 0.000000 0.000000 394.480000 394.480000
14468 0.000000 0.000000 394.480000 394.480000
15810 0.000000 0.000000 394.480000 394.480000
15812 0.000000 0.000000 394.480000 394.480000
15814 0.000000 0.000000 394.480000 394.480000
15820 0.000000 0.000000 394.480000 394.480000
15839 0.000000 0.000000 394.480000 394.480000
16924 0.000000 0.000000 394.480000 394.480000
17170 0.000000 0.000000 394.480000 394.480000
17188 0.000000 0.000000 394.480000 394.480000
18522 0.000000 0.000000 394.480000 394.480000
18527 0.000000 0.000000 394.480000 394.480000
18529 0.000000 0.000000 394.480000 394.480000
18530 0.000000 0.000000 394.480000 394.480000
19869 0.000000 0.000000 394.480000 394.480000
19871 0.000000 0.000000 394.480000 394.480000
20972 0.000000 0.000000 394.480000 394.480000
20978 0.000000 0.000000 394.480000 394.480000
20979 0.000000 0.000000 394.480000 394.480000
20983 0.000000 0.000000 394.480000 394.480000
22325 0.000000 0.000000 394.480000 394.480000
22384 0.000000 0.000000 394.480000 394.480000
22681 0.000000 0.000000 394.480000 394.480000
24892 0.000000 0.000000 394.480000 394.480000
135000 0.000000 0.000000 0.000000 394.480000
"function evaluation" "current f(x)" "best-so-far f(x)" "current af(x)+b"  "best af(x)+b"
1 63.143091 63.143091 -183.966909 -183.966909
5 63.140321 63.140321 -183.969679 -183.969679
31 42.979459 42.979459 -204.130541 -204.130541
33 42.938710 42.938710 -204.171290 -204.171290
331 14.735717 14.735717 -232.374283 -232.374283
1062 10.129676 10.129676 -236.980324 -236.980324
1064 9.649722 9.649722 -237.460278 -237.460278
1065 9.017997 9.017997 -238.092003 -238.092003
1066 8.825875 8.825875 -238.284125 -238.284125
1070 7.951477 7.951477 -239.158523 -239.158523
1681 7.931415 7.931415 -239.178585 -239.178585
2412 6.294142 6.294142 -240.815858 -240.815858
2420 5.940752 5.940752 -241.169248 -241.169248
2421 5.923884 5.923884 -241.186116 -241.186116
3031 5.907470 5.907470 -241.202530 -241.202530
3036 5.906280 5.906280 -241.203720 -241.203720
3291 2.309668 2.309668 -244.800332 -244.800332
3407 1.728356 1.728356 -245.381644 -245.381644
3410 0.270908 0.270908 -246.839092 -246.839092
3418 0.268856 0.268856 -246.841144 -246.841144
4172 0.267416 0.267416 -246.842584 -246.842584
4175 0.264524 0.264524 -246.845476 -246.845476
4911 0.069755 0.069755 -247.040245 -247.040245
4993 0.068374 0.068374 -247.041626 -247.041626
5612 0.068079 0.068079 -247.041921 -247.041921
5619 0.067915 0.067915 -247.042085 -247.042085
5661 0.067633 0.067633 -247.042367 -247.042367
5670 0.066050 0.066050 -247.043950 -247.043950
5989 0.034950 0.034950 -247.075050 -247.075050
5990 0.030188 0.030188 -247.079812 -247.079812
5997 0.012053 0.012053 -247.097947 -247.097947
6285 0.008963 0.008963 -247.101037 -247.101037
6345 0.008465 0.008465 -247.101535 -247.101535
6352 0.008044 0.008044 -247.101956 -247.101956
6356 0.007116 0.007116 -247.102884 -247.102884
7011 0.006947 0.006947 -247.103053 -247.103053
7018 0.006330 0.006330 -247.103670 -247.103670
7338 0.003288 0.003288 -247.106712 -247.106712
7346 0.002817 0.002817 -247.107183 -247.107183
7347 0.002750 0.002750 -247.107250 -247.107250
7752 0.001585 0.001585 -247.108415 -247.108415
7816 0.000825 0.000825 -247.109175 -247.109175
8431 0.000788 0.000788 -247.109212 -247.109212
8434 0.000704 0.000704 -247.109296 -247.109296
8440 0.000640 0.000640 -247.109360 -247.109360
8686 0.000106 0.000106 -247.109894 -247.109894
8741 0.000072 0.000072 -247.109928 -247.109928
9505 0.000058 0.000058 -247.109942 -247.109942
9531 0.000023 0.000023 -247.109977 -247.109977
10036 0.000023 0.000023 -247.109977 -247.109977
10518 0.000018 0.000018 -247.109982 -247.109982
10858 0.000002 0.000002 -247.109998 -247.109998
11797 0.000001 0.000001 -247.109999 -247.109999
11805 0.000001 0.000001 -247.109999 -247.109999
12740 0.000000 0.000000 -247.110000 -247.110000
12744 0.000000 0.000000 -247.110000 -247.110000
13149 0.000000 0.000000 -247.110000 -247.110000
14086 0.000000 0.000000 -247.110000 -247.110000
14180 0.000000 0.000000 -247.110000 -247.110000
15521 0.000000 0.000000 -247.110000 -247.110000
15524 0.000000 0.000000 -247.110000 -247.110000
16871 0.000000 0.000000 -247.110000 -247.110000
16873 0.000000 0.000000 -247.110000 -247.110000
16874 0.000000 0.000000 -247.110000 -247.110000
16883 0.000000 0.000000 -247.110000 -247.110000
18221 0.000000 0.000000 -247.110000 -247.110000
18225 0.000000 0.000000 -247.110000 -247.110000
18227 0.000000 0.000000 -247.110000 -247.110000
18228 0.000000 0.000000 -247.110000 -247.110000
18231 0.000000 0.000000 -247.110000 -247.110000
18234 0.000000 0.000000 -247.110000 -247.110000
19579 0.000000 0.000000 -247.110000 -247.110000
19583 0.000000 0.000000 -247.110000 -247.110000
20838 0.000000 0.000000 -247.110000 -247.110000
20847 0.000000 0.000000 -247.110000 -247.110000
20924 0.000000 0.000000 -247.110000 -247.110000
20928 0.000000 0.000000 -247.110000 -247.110000
22186 0.000000 0.000000 -247.110000 -247.110000
22198 0.000000 0.000000 -247.110000 -247.110000
23541 0.000000 0.000000 -247.110000 -247.110000
23547 0.000000 0.000000 -247.110000 -247.110000
24174 0.000000 0.000000 -247.110000 -247.110000
135000 0.000000 0.000000 0.000000 -247.110000
"function evaluation" "current f(x)" "best-so-far f(x)" "current af(x)+b"  "best af(x)+b"
1 35.462733 35.462733 -211.647267 -211.647267
3 35.451604 35.451604 -211.658396 -211.658396
9 35.438126 35.438126 -211.671874 -211.671874
81 28.063603 28.063603 -219.046397 -219.046397
82 28.049286 28.049286 -219.060714 -219.060714
83 28.044857 28.044857 -219.065143 -219.065143
85 28.039247 28.039247 -219.070753 -219.070753
87 28.009931 28.009931 -219.100069 -219.100069
131 20.079428 20.079428 -227.030572 -227.030572
137 20.065791 20.065791 -227.044209 -227.044209
301 17.357136 17.357136 -229.752864 -229.752864
304 17.341150 17.341150 -229.768850 -229.768850
309 17.336796 17.336796 -229.773204 -229.773204
361 3.498263 3.498263 -243.611737 -243.611737
369 3.492206 3.492206 -243.617794 -243.617794
1113 1.932618 1.932618 -245.177382 -245.177382
1117 1.022909 1.022909 -246.087091 -246.087091
1711 1.018716 1.018716 -246.091284 -246.091284
1719 1.014530 1.014530 -246.095470 -246.095470
2463 0.150444 0.150444 -246.959556 -246.959556
2472 0.094159 0.094159 -247.015841 -247.015841
3061 0.092216 0.092216 -247.017784 -247.017784
3666 0.062429 0.062429 -247.047571 -247.047571
3813 0.025080 0.025080 -247.084920 -247.084920
3817 0.011792 0.011792 -247.098208 -247.098208
3818 0.000997 0.000997 -247.109003 -247.109003
4411 0.000994 0.000994 -247.109006 -247.109006
4413 0.000717 0.000717 -247.109283 -247.109283
5168 0.000654 0.000654 -247.109346 -247.109346
5763 0.000426 0.000426 -247.109574 -247.109574
7863 0.000049 0.000049 -247.109951 -247.109951
7868 0.000009 0.000009 -247.109991 -247.109991
7871 0.000009 0.000009 -247.109991 -247.109991
7873 0.000006 0.000006 -247.109994 -247.109994
9216 0.000005 0.000005 -247.109995 -247.109995
9219 0.000002 0.000002 -247.109998 -247.109998
9221 0.000001 0.000001 -247.109999 -247.109999
9223 0.000001 0.000001 -247.109999 -247.109999
10563 0.000001 0.000001 -247.109999 -247.109999
10565 0.000001 0.000001 -247.109999 -247.109999
10571 0.000001 0.000001 -247.109999 -247.109999
11913 0.000001 0.000001 -247.109999 -247.109999
11920 0.000001 0.000001 -247.109999 -247.109999
14156 0.000001 0.000001 -247.109999 -247.109999
14161 0.000000 0.000000 -247.110000 -247.110000
14188 0.000000 0.000000 -247.110000 -247.110000
14190 0.000000 0.000000 -247.110000 -247.110000
14463 0.000000 0.000000 -247.110000 -247.110000
14616 0.000000 0.000000 -247.110000 -247.110000
15627 0.000000 0.000000 -247.110000 -247.110000
15781 0.000000 0.000000 -247.110000 -247.110000
15834 0.000000 0.000000 -247.110000 -247.110000
15840 0.000000 0.000000 -247.110000 -247.110000
15972 0.000000 0.000000 -247.110000 -247.110000
17179 0.000000 0.000000 -247.110000 -247.110000
17188 0.000000 0.000000 -247.110000 -247.110000
17313 0.000000 0.000000 -247.110000 -247.110000
17317 0.000000 0.000000 -247.110000 -247.110000
17326 0.000000 0.000000 -247.110000 -247.110000
18663 0.000000 0.000000 -247.110000 -247.110000
18665 0.000000 0.000000 -247.110000 -247.110000
18668 0.000000 0.000000 -247.110000 -247.110000
20013 0.000000 0.000000 -247.110000 -247.110000
20017 0.000000 0.000000 -247.110000 -247.110000
20023 0.000000 0.000000 -247.110000 -247.110000
21366 0.000000 0.000000 -247.110000 -247.110000
21371 0.000000 0.000000 -247.110000 -247.110000
22713 0.000000 0.000000 -247.110000 -247.110000
22716 0.000000 0.000000 -247.110000 -247.110000
25226 0.000000 0.000000 -247.110000 -247.110000
135000 0.000000 0.000000 0.000000 -247.110000
"function evaluation" "current f(x)" "best-so-far f(x)" "current af(x)+b"  "best af(x)+b"
1 42.195503 42.195503 -204.914497 -204.914497
3 42.173870 42.173870 -204.936130 -204.936130
5 42.165519 42.165519 -204.944481 -204.944481
61 34.319114 34.319114 -212.790886 -212.790886
65 34.296597 34.296597 -212.813403 -212.813403
321 17.539270 17.539270 -229.570730 -229.570730
322 17.529428 17.529428 -229.580572 -229.580572
323 17.495428 17.495428 -229.614572 -229.614572
1045 12.393335 12.393335 -234.716665 -234.716665
1048 11.854286 11.854286 -235.255714 -235.255714
1050 11.094673 11.094673 -236.015327 -236.015327
1672 11.090072 11.090072 -236.019928 -236.019928
1673 11.062467 11.062467 -236.047533 -236.047533
2399 10.706977 10.706977 -236.403023 -236.403023
2548 1.470203 1.470203 -245.639797 -245.639797
3111 1.469582 1.469582 -245.640418 -245.640418
3114 1.467588 1.467588 -245.642412 -245.642412
3116 1.467042 1.467042 -245.642958 -245.642958
3117 1.459177 1.459177 -245.650823 -245.650823
3303 1.288893 1.288893 -245.821107 -245.821107
3307 0.956728 0.956728 -246.153272 -246.153272
3915 0.951093 0.951093 -246.158907 -246.158907
3928 0.912464 0.912464 -246.197536 -246.197536
4471 0.907003 0.907003 -246.202997 -246.202997
4480 0.906870 0.906870 -246.203130 -246.203130
4655 0.657989 0.657989 -246.452011 -246.452011
4656 0.070849 0.070849 -247.039151 -247.039151
5155 0.019316 0.019316 -247.090684 -247.090684
5754 0.018141 0.018141 -247.091859 -247.091859
6013 0.017622 0.017622 -247.092378 -247.092378
6219 0.013596 0.013596 -247.096404 -247.096404
6496 0.010539 0.010539 -247.099461 -247.099461
6498 0.008604 0.008604 -247.101396 -247.101396
6500 0.003145 0.003145 -247.106855 -247.106855
6501 0.002232 0.002232 -247.107768 -247.107768
6502 0.000721 0.000721 -247.109279 -247.109279
7104 0.000563 0.000563 -247.109437 -247.109437
7784 0.000252 0.000252 -247.109748 -247.109748
8411 0.000184 0.000184 -247.109816 -247.109816
8413 0.000161 0.000161 -247.109839 -247.109839
9130 0.000033 0.000033 -247.109967 -247.109967
9764 0.000015 0.000015 -247.109985 -247.109985
10478 0.000015 0.000015 -247.109985 -247.109985
11114 0.000005 0.000005 -247.109995 -247.109995
11245 0.000003 0.000003 -247.109997 -247.109997
11548 0.000002 0.000002 -247.109998 -247.109998
11828 0.000002 0.000002 -247.109998 -247.109998
11839 0.000001 0.000001 -247.109999 -247.109999
12054 0.000000 0.000000 -247.110000 -247.110000
13250 0.000000 0.000000 -247.110000 -247.110000
13259 0.000000 0.000000 -247.110000 -247.110000
13399 0.000000 0.000000 -247.110000 -247.110000
13410 0.000000 0.000000 -247.110000 -247.110000
14468 0.000000 0.000000 -247.110000 -247.110000
14596 0.000000 0.000000 -247.110000 -247.110000
14601 0.000000 0.000000 -247.110000 -247.110000
15882 0.000000 0.000000 -247.110000 -247.110000
15951 0.000000 0.000000 -247.110000 -247.110000
15952 0.000000 0.000000 -247.110000 -247.110000
15954 0.000000 0.000000 -247.110000 -247.110000
15957 0.000000 0.000000 -247.110000 -247.110000
16099 0.000000 0.000000 -247.110000 -247.110000
17230 0.000000 0.000000 -247.110000 -247.110000
17238 0.000000 0.000000 -247.110000 -247.110000
18583 0.000000 0.000000 -247.110000 -247.110000
18585 0.000000 0.000000 -247.110000 -247.110000
18716 0.000000 0.000000 -247.110000 -247.110000
18719 0.000000 0.000000 -247.110000 -247.110000
18727 0.000000 0.000000 -247.110000 -247.110000
20064 0.000000 0.000000 -247.110000 -247.110000
20066 0.000000 0.000000 -247.110000 -247.110000
20068 0.000000 0.000000 -247.110000 -247.110000
20070 0.000000 0.000000 -247.110000 -247.110000
20074 0.000000 0.000000 -247.110000 -247.110000
20077 0.000000 0.000000 -247.110000 -247.110000
21416 0.000000 0.000000 -247.110000 -247.110000
21419 0.000000 0.000000 -247.110000 -247.110000
22709 0.000000 0.000000 -247.110000 -247.110000
23981 0.000000 0.000000 -247.110000 -247.110000
24046 0.000000 0.000000 -247.110000 -247.110000
24117 0.000000 0.000000 -247.110000 -247.110000
135000 0.000000 0.000000 0.000000 -247.110000
"function evaluation" "current f(x)" "best-so-far f(x)" "current af(x)+b"  "best af(x)+b"
1 41.920771 41.920771 -110.119229 -110.119229
2 41.861876 41.861876 -110.178124 -110.178124
4 41.836076 41.836076 -110.203924 -110.203924
61 40.512234 40.512234 -111.527766 -111.527766
64 40.508197 40.508197 -111.531803 -111.531803
65 40.499655 40.499655 -111.540345 -111.540345
151 13.541615 13.541615 -138.498385 -138.498385
756 9.199583 9.199583 -142.840417 -142.840417
760 8.303812 8.303812 -143.736188 -143.736188
762 7.966825 7.966825 -144.073175 -144.073175
765 6.994656 6.994656 -145.045344 -145.045344
1501 6.974268 6.974268 -145.065732 -145.065732
1979 5.558897 5.558897 -146.481103 -146.481103
2106 2.036214 2.036214 -150.003786 -150.003786
2110 1.676340 1.676340 -150.363660 -150.363660
2119 1.143502 1.143502 -150.896498 -150.896498
2176 0.261387 0.261387 -151.778613 -151.778613
2892 0.260420 0.260420 -151.779580 -151.779580
2896 0.256663 0.256663 -151.783337 -151.783337
3459 0.138673 0.138673 -151.901327 -151.901327
3467 0.130602 0.130602 -151.909398 -151.909398
3469 0.057582 0.057582 -151.982418 -151.982418
3524 0.046030 0.046030 -151.993970 -151.993970
3529 0.028145 0.028145 -152.011855 -152.011855
4242 0.027648 0.027648 -152.012352 -152.012352
4244 0.027201 0.027201 -152.012799 -152.012799
4246 0.026922 0.026922 -152.013078 -152.013078
4806 0.024248 0.024248 -152.015752 -152.015752
4876 0.010201 0.010201 -152.029799 -152.029799
5082 0.007463 0.007463 -152.032537 -152.032537
5090 0.005386 0.005386 -152.034614 -152.034614
5711 0.004967 0.004967 -152.035033 -152.035033
5713 0.004887 0.004887 -152.035113 -152.035113
6033 0.004886 0.004886 -152.035114 -152.035114
6428 0.002681 0.002681 -152.037319 -152.037319
6432 0.001688 0.001688 -152.038312 -152.038312
6434 0.001411 0.001411 -152.038589 -152.038589
6441 0.001382 0.001382 -152.038618 -152.038618
6552 0.000803 0.000803 -152.039197 -152.039197
7131 0.000793 0.000793 -152.039207 -152.039207
7134 0.000565 0.000565 -152.039435 -152.039435
7584 0.000223 0.000223 -152.039777 -152.039777
7727 0.000108 0.000108 -152.039892 -152.039892
7791 0.000101 0.000101 -152.039899 -152.039899
8385 0.000095 0.000095 -152.039905 -152.039905
8388 0.000056 0.000056 -152.039944 -152.039944
9077 0.000052 0.000052 -152.039948 -152.039948
9139 0.000020 0.000020 -152.039980 -152.039980
9739 0.000018 0.000018 -152.039982 -152.039982
9764 0.000012 0.000012 -152.039988 -152.039988
10124 0.000010 0.000010 -152.039990 -152.039990
10278 0.000010 0.000010 -152.039990 -152.039990
10280 0.000008 0.000008 -152.039992 -152.039992
10478 0.000008 0.000008 -152.039992 -152.039992
10483 0.000007 0.000007 -152.039993 -152.039993
10491 0.000006 0.000006 -152.039994 -152.039994
11089 0.000004 0.000004 -152.039996 -152.039996
11433 0.000004 0.000004 -152.039996 -152.039996
11496 0.000001 0.000001 -152.039999 -152.039999
11983 0.000001 0.000001 -152.039999 -152.039999
11988 0.000000 0.000000 -152.040000 -152.040000
11992 0.000000 0.000000 -152.040000 -152.040000
12825 0.000000 0.000000 -152.040000 -152.040000
13178 0.000000 0.000000 -152.040000 -152.040000
13185 0.000000 0.000000 -152.040000 -152.040000
14528 0.000000 0.000000 -152.040000 -152.040000
14538 0.000000 0.000000 -152.040000 -152.040000
14541 0.000000 0.000000 -152.040000 -152.040000
15881 0.000000 0.000000 -152.040000 -152.040000
15882 0.000000 0.000000 -152.040000 -152.040000
17228 0.000000 0.000000 -152.040000 -152.040000
17230 0.000000 0.000000 -152.040000 -152.040000
17231 0.000000 0.000000 -152.040000 -152.040000
17232 0.000000 0.000000 -152.040000 -152.040000
17233 0.000000 0.000000 -152.040000 -152.040000
18578 0.000000 0.000000 -152.040000 -152.040000
18580 0.000000 0.000000 -152.040000 -152.040000
18586 0.000000 0.000000 -152.040000 -152.040000
18588 0.000000 0.000000 -152.040000 -152.040000
18591 0.000000 0.000000 -152.040000 -152.040000
19839 0.000000 0.000000 -152.040000 -152.040000
19928 0.000000 0.000000 -152.040000 -152.040000
19930 0.000000 0.000000 -152.040000 -152.040000
21283 0.000000 0.000000 -152.040000 -152.040000
22628 0.000000 0.000000 -152.040000 -152.040000
135000 0.000000 0.000000 0.000000 -152.040000
"function evaluation" "current f(x)" "best-so-far f(x)" "current af(x)+b"  "best af(x)+b"
1 85.300356 85.300356 -66.739644 -66.739644
5 85.254826 85.254826 -66.785174 -66.785174
10 85.239711 85.239711 -66.800289 -66.800289
21 70.734102 70.734102 -81.305898 -81.305898
28 70.708507 70.708507 -81.331493 -81.331493
31 22.966751 22.966751 -129.073249 -129.073249
32 22.963854 22.963854 -129.076146 -129.076146
34 22.920684 22.920684 -129.119316 -129.119316
191 18.056705 18.056705 -133.983295 -133.983295
194 18.033191 18.033191 -134.006809 -134.006809
281 5.014622 5.014622 -147.025378 -147.025378
283 4.996092 4.996092 -147.043908 -147.043908
977 4.160957 4.160957 -147.879043 -147.879043
979 4.000036 4.000036 -148.039964 -148.039964
980 3.591928 3.591928 -148.448072 -148.448072
982 3.218729 3.218729 -148.821271 -148.821271
1632 3.218125 3.218125 -148.821875 -148.821875
1633 3.202755 3.202755 -148.837245 -148.837245
1904 1.521003 1.521003 -150.518997 -150.518997
1911 1.366972 1.366972 -150.673028 -150.673028
2177 0.686576 0.686576 -151.353424 -151.353424
2184 0.169649 0.169649 -151.870351 -151.870351
2891 0.166742 0.166742 -151.873258 -151.873258
3254 0.114363 0.114363 -151.925637 -151.925637
3255 0.034027 0.034027 -152.005973 -152.005973
4082 0.033546 0.033546 -152.006454 -152.006454
4087 0.032889 0.032889 -152.007111 -152.007111
4090 0.032793 0.032793 -152.007207 -152.007207
4602 0.011240 0.011240 -152.028760 -152.028760
4609 0.010092 0.010092 -152.029908 -152.029908
4611 0.008098 0.008098 -152.031902 -152.031902
4984 0.004729 0.004729 -152.035271 -152.035271
5273 0.002385 0.002385 -152.037615 -152.037615
5822 0.002308 0.002308 -152.037692 -152.037692
5824 0.002089 0.002089 -152.037911 -152.037911
5827 0.002081 0.002081 -152.037919 -152.037919
5956 0.001420 0.001420 -152.038580 -152.038580
6617 0.001266 0.001266 -152.038734 -152.038734
6730 0.000499 0.000499 -152.039501 -152.039501
7234 0.000307 0.000307 -152.039693 -152.039693
7304 0.000099 0.000099 -152.039901 -152.039901
7315 0.000094 0.000094 -152.039906 -152.039906
8080 0.000085 0.000085 -152.039915 -152.039915
8132 0.000059 0.000059 -152.039941 -152.039941
8139 0.000049 0.000049 -152.039951 -152.039951
8590 0.000025 0.000025 -152.039975 -152.039975
8654 0.000023 0.000023 -152.039977 -152.039977
8662 0.000022 0.000022 -152.039978 -152.039978
8665 0.000016 0.000016 -152.039984 -152.039984
9417 0.000011 0.000011 -152.039989 -152.039989
9428 0.000011 0.000011 -152.039989 -152.039989
9429 0.000010 0.000010 -152.039990 -152.039990
10019 0.000010 0.000010 -152.039990 -152.039990
10024 0.000006 0.000006 -152.039994 -152.039994
10031 0.000004 0.000004 -152.039996 -152.039996
10032 0.000002 0.000002 -152.039998 -152.039998
10484 0.000002 0.000002 -152.039998 -152.039998
10668 0.000001 0.000001 -152.039999 -152.039999
10671 0.000001 0.000001 -152.039999 -152.039999
11320 0.000001 0.000001 -152.039999 -152.039999
11362 0.000000 0.000000 -152.040000 -152.040000
11830 0.000000 0.000000 -152.040000 -152.040000
11832 0.000000 0.000000 -152.040000 -152.040000
12015 0.000000 0.000000 -152.040000 -152.040000
12018 0.000000 0.000000 -152.040000 -152.040000
12668 0.000000 0.000000 -152.040000 -152.040000
12694 0.000000 0.000000 -152.040000 -152.040000
12705 0.000000 0.000000 -152.040000 -152.040000
12766 0.000000 0.000000 -152.040000 -152.040000
13185 0.000000 0.000000 -152.040000 -152.040000
14063 0.000000 0.000000 -152.040000 -152.040000
14065 0.000000 0.000000 -152.040000 -152.040000
14528 0.000000 0.000000 -152.040000 -152.040000
14531 0.000000 0.000000 -152.040000 -152.040000
14540 0.000000 0.000000 -152.040000 -152.040000
14776 0.000000 0.000000 -152.040000 -152.040000
15404 0.000000 0.000000 -152.040000 -152.040000
16778 0.000000 0.000000 -152.040000 -152.040000
17241 0.000000 0.000000 -152.040000 -152.040000
17479 0.000000 0.000000 -152.040000 -152.040000
18442 0.000000 0.000000 -152.040000 -152.040000
18580 0.000000 0.000000 -152.040000 -152.040000
18588 0.000000 0.000000 -152.040000 -152.040000
18820 0.000000 0.000000 -152.040000 -152.040000
19795 0.000000 0.000000 -152.040000 -152.040000
19932 0.000000 0.000000 -152.040000 -152.040000
19933 0.000000 0.000000 -152.040000 -152.040000
19936 0.000000 0.000000 -152.040000 -152.040000
21280 0.000000 0.000000 -152.040000 -152.040000
22866 0.000000 0.000000 -152.040000 -152.040000
135000 0.000000 0.000000 0.000000 -152.040000
"function evaluation" "current f(x)" "best-so-far f(x)" "current af(x)+b"  "best af(x)+b"
1 92.712196 92.712196 -59.327804 -59.327804
4 92.705740 92.705740 -59.334260 -59.334260
8 92.668718 92.668718 -59.371282 -59.371282
21 73.412611 73.412611 -78.627389 -78.627389
25 73.368045 73.368045 -78.671955 -78.671955
31 53.736167 53.736167 -98.303833 -98.303833
32 53.696021 53.696021 -98.343979 -98.343979
34 53.672440 53.672440 -98.367560 -98.367560
38 53.662594 53.662594 -98.377406 -98.377406
51 47.334991 47.334991 -104.705009 -104.705009
52 47.247106 47.247106 -104.792894 -104.792894
181 15.382833 15.382833 -136.657167 -136.657167
182 15.341341 15.341341 -136.698659 -136.698659
185 15.339717 15.339717 -136.700283 -136.700283
807 9.091408 9.091408 -142.948592 -142.948592
817 8.869544 8.869544 -143.170456 -143.170456
818 7.667291 7.667291 -144.372709 -144.372709
1532 7.652766 7.652766 -144.387234 -144.387234
1535 7.650624 7.650624 -144.389376 -144.389376
1906 7.570243 7.570243 -144.469757 -144.469757
2163 6.784228 6.784228 -145.255772 -145.255772
2169 4.011659 4.011659 -148.028341 -148.028341
2587 3.940550 3.940550 -148.099450 -148.099450
2590 3.739003 3.739003 -148.300997 -148.300997
2618 1.642616 1.642616 -150.397384 -150.397384
3152 1.638455 1.638455 -150.401545 -150.401545
3156 1.631889 1.631889 -150.408111 -150.408111
3262 1.541701 1.541701 -150.498299 -150.498299
3293 1.296924 1.296924 -150.743076 -150.743076
3509 1.008654 1.008654 -151.031346 -151.031346
3510 0.542795 0.542795 -151.497205 -151.497205
3511 0.514729 0.514729 -151.525271 -151.525271
3514 0.382957 0.382957 -151.657043 -151.657043
3520 0.154970 0.154970 -151.885030 -151.885030
4231 0.152157 0.152157 -151.887843 -151.887843
4636 0.049993 0.049993 -151.990007 -151.990007
4859 0.029086 0.029086 -152.010914 -152.010914
4868 0.026432 0.026432 -152.013568 -152.013568
5301 0.025509 0.025509 -152.014491 -152.014491
5302 0.013517 0.013517 -152.026483 -152.026483
5312 0.002470 0.002470 -152.037530 -152.037530
5841 0.002366 0.002366 -152.037634 -152.037634
5843 0.002236 0.002236 -152.037764 -152.037764
5846 0.002146 0.002146 -152.037854 -152.037854
6649 0.001890 0.001890 -152.038110 -152.038110
6651 0.001515 0.001515 -152.038485 -152.038485
6652 0.000981 0.000981 -152.039019 -152.039019
7191 0.000927 0.000927 -152.039073 -152.039073
7193 0.000791 0.000791 -152.039209 -152.039209
7256 0.000611 0.000611 -152.039389 -152.039389
7560 0.000257 0.000257 -152.039743 -152.039743
7611 0.000128 0.000128 -152.039872 -152.039872
8312 0.000067 0.000067 -152.039933 -152.039933
8937 0.000040 0.000040 -152.039960 -152.039960
8963 0.000029 0.000029 -152.039971 -152.039971
8966 0.000012 0.000012 -152.039988 -152.039988
9650 0.000010 0.000010 -152.039990 -152.039990
10257 0.000006 0.000006 -152.039994 -152.039994
10259 0.000005 0.000005 -152.039995 -152.039995
10264 0.000004 0.000004 -152.039996 -152.039996
10266 0.000004 0.000004 -152.039996 -152.039996
10338 0.000002 0.000002 -152.039998 -152.039998
10763 0.000002 0.000002 -152.039998 -152.039998
11513 0.000002 0.000002 -152.039998 -152.039998
11579 0.000002 0.000002 -152.039998 -152.039998
11611 0.000001 0.000001 -152.039999 -152.039999
11613 0.000001 0.000001 -152.039999 -152.039999
11620 0.000001 0.000001 -152.039999 -152.039999
11637 0.000001 0.000001 -152.039999 -152.039999
11658 0.000001 0.000001 -152.039999 -152.039999
11660 0.000001 0.000001 -152.039999 -152.039999
11665 0.000000 0.000000 -152.040000 -152.040000
11684 0.000000 0.000000 -152.040000 -152.040000
12964 0.000000 0.000000 -152.040000 -152.040000
13011 0.000000 0.000000 -152.040000 -152.040000
13015 0.000000 0.000000 -152.040000 -152.040000
14086 0.000000 0.000000 -152.040000 -152.040000
14592 0.000000 0.000000 -152.040000 -152.040000
15443 0.000000 0.000000 -152.040000 -152.040000
15492 0.000000 0.000000 -152.040000 -152.040000
15497 0.000000 0.000000 -152.040000 -152.040000
15806 0.000000 0.000000 -152.040000 -152.040000
15939 0.000000 0.000000 -152.040000 -152.040000
15940 0.000000 0.000000 -152.040000 -152.040000
17007 0.000000 0.000000 -152.040000 -152.040000
17052 0.000000 0.000000 -152.040000 -152.040000
17054 0.000000 0.000000 -152.040000 -152.040000
17065 0.000000 0.000000 -152.040000 -152.040000
17071 0.000000 0.000000 -152.040000 -152.040000
18192 0.000000 0.000000 -152.040000 -152.040000
18410 0.000000 0.000000 -152.040000 -152.040000
18421 0.000000 0.000000 -152.040000 -152.040000
18862 0.000000 0.000000 -152.040000 -152.040000
19541 0.000000 0.000000 -152.040000 -152.040000
19544 0.000000 0.000000 -152.040000 -152.040000
19546 0.000000 0.000000 -152.040000 -152.040000
19547 0.000000 0.000000 -152.040000 -152.040000
19981 0.000000 0.000000 -152.040000 -152.040000
19984 0.000000 0.000000 -152.040000 -152.040000
20887 0.000000 0.000000 -152.040000 -152.040000
20889 0.000000 0.000000 -152.040000 -152.040000
21108 0.000000 0.000000 -152.040000 -152.040000
21117 0.000000 0.000000 -152.040000 -152.040000
22240 0.000000 0.000000 -152.040000 -152.040000
22444 0.000000 0.000000 -152.040000 -152.040000
22452 0.000000 0.000000 -152.040000 -152.040000
135000 0.000000 0.000000 0.000000 -152.040000
"function evaluation" "current f(x)" "best-so-far f(x)" "current af(x)+b"  "best af(x)+b"
1 48.767621 48.767621 23.517621 23.517621
2 48.728779 48.728779 23.478779 23.478779
4 48.711440 48.711440 23.461440 23.461440
10 48.707517 48.707517 23.457517 23.457517
71 45.868941 45.868941 20.618941 20.618941
72 45.761053 45.761053 20.511053 20.511053
121 4.142142 4.142142 -21.107858 -21.107858
705 2.566036 2.566036 -22.683964 -22.683964
707 0.902991 0.902991 -24.347009 -24.347009
1471 0.897233 0.897233 -24.352767 -24.352767
2055 0.503918 0.503918 -24.746082 -24.746082
2057 0.429293 0.429293 -24.820707 -24.820707
2059 0.349238 0.349238 -24.900762 -24.900762
2063 0.269529 0.269529 -24.980471 -24.980471
2553 0.146011 0.146011 -25.103989 -25.103989
3112 0.144317 0.144317 -25.105683 -25.105683
3115 0.144069 0.144069 -25.105931 -25.105931
3405 0.036304 0.036304 -25.213696 -25.213696
3410 0.016450 0.016450 -25.233550 -25.233550
4172 0.015644 0.015644 -25.234356 -25.234356
4176 0.015530 0.015530 -25.234470 -25.234470
4755 0.009638 0.009638 -25.240362 -25.240362
4758 0.002468 0.002468 -25.247532 -25.247532
5522 0.002073 0.002073 -25.247927 -25.247927
6105 0.001822 0.001822 -25.248178 -25.248178
6107 0.001136 0.001136 -25.248864 -25.248864
6109 0.000719 0.000719 -25.249281 -25.249281
6110 0.000107 0.000107 -25.249893 -25.249893
6879 0.000030 0.000030 -25.249970 -25.249970
8041 0.000024 0.000024 -25.249976 -25.249976
8568 0.000012 0.000012 -25.249988 -25.249988
8807 0.000006 0.000006 -25.249994 -25.249994
9907 0.000006 0.000006 -25.249994 -25.249994
10155 0.000001 0.000001 -25.249999 -25.249999
10160 0.000000 0.000000 -25.250000 -25.250000
10167 0.000000 0.000000 -25.250000 -25.250000
11508 0.000000 0.000000 -25.250000 -25.250000
11512 0.000000 0.000000 -25.250000 -25.250000
11518 0.000000 0.000000 -25.250000 -25.250000
12855 0.000000 0.000000 -25.250000 -25.250000
12857 0.000000 0.000000 -25.250000 -25.250000
12858 0.000000 0.000000 -25.250000 -25.250000
12859 0.000000 0.000000 -25.250000 -25.250000
12864 0.000000 0.000000 -25.250000 -25.250000
13416 0.000000 0.000000 -25.250000 -25.250000
14207 0.000000 0.000000 -25.250000 -25.250000
14214 0.000000 0.000000 -25.250000 -25.250000
14290 0.000000 0.000000 -25.250000 -25.250000
14292 0.000000 0.000000 -25.250000 -25.250000
14297 0.000000 0.000000 -25.250000 -25.250000
14700 0.000000 0.000000 -25.250000 -25.250000
14772 0.000000 0.000000 -25.250000 -25.250000
15561 0.000000 0.000000 -25.250000 -25.250000
16701 0.000000 0.000000 -25.250000 -25.250000
16703 0.000000 0.000000 -25.250000 -25.250000
18051 0.000000 0.000000 -25.250000 -25.250000
18055 0.000000 0.000000 -25.250000 -25.250000
18057 0.000000 0.000000 -25.250000 -25.250000
18349 0.000000 0.000000 -25.250000 -25.250000
19401 0.000000 0.000000 -25.250000 -25.250000
19693 0.000000 0.000000 -25.250000 -25.250000
19697 0.000000 0.000000 -25.250000 -25.250000
19698 0.000000 0.000000 -25.250000 -25.250000
20751 0.000000 0.000000 -25.250000 -25.250000
20760 0.000000 0.000000 -25.250000 -25.250000
20764 0.000000 0.000000 -25.250000 -25.250000
22101 0.000000 0.000000 -25.250000 -25.250000
22103 0.000000 0.000000 -25.250000 -25.250000
22104 0.000000 0.000000 -25.250000 -25.250000
22106 0.000000 0.000000 -25.250000 -25.250000
22112 0.000000 0.000000 -25.250000 -25.250000
23451 0.000000 0.000000 -25.250000 -25.250000
24233 0.000000 0.000000 -25.250000 -25.250000
135000 0.000000 0.000000 0.000000 -25.250000
"function evaluation" "current f(x)" "best-so-far f(x)" "current af(x)+b"  "best af(x)+b"
1 27.574068 27.574068 2.324068 2.324068
2 27.542947 27.542947 2.292947 2.292947
3 27.534705 27.534705 2.284705 2.284705
6 27.524571 27.524571 2.274571 2.274571
121 13.037402 13.037402 -12.212598 -12.212598
126 13.016307 13.016307 -12.233693 -12.233693
261 3.749584 3.749584 -21.500416 -21.500416
264 3.745637 3.745637 -21.504363 -21.504363
266 3.738378 3.738378 -21.511622 -21.511622
943 1.529406 1.529406 -23.720594 -23.720594
948 1.340595 1.340595 -23.909405 -23.909405
952 1.293802 1.293802 -23.956198 -23.956198
953 1.069823 1.069823 -24.180177 -24.180177
1334 1.000660 1.000660 -24.249340 -24.249340
1841 0.997876 0.997876 -24.252124 -24.252124
1844 0.992078 0.992078 -24.257922 -24.257922
2058 0.108504 0.108504 -25.141496 -25.141496
2690 0.075470 0.075470 -25.174530 -25.174530
2692 0.054874 0.054874 -25.195126 -25.195126
3191 0.053619 0.053619 -25.196381 -25.196381
3197 0.053545 0.053545 -25.196455 -25.196455
3405 0.022353 0.022353 -25.227647 -25.227647
3409 0.011745 0.011745 -25.238255 -25.238255
3417 0.007141 0.007141 -25.242859 -25.242859
4172 0.006922 0.006922 -25.243078 -25.243078
4179 0.006389 0.006389 -25.243611 -25.243611
4757 0.000673 0.000673 -25.249327 -25.249327
5522 0.000458 0.000458 -25.249542 -25.249542
6107 0.000172 0.000172 -25.249828 -25.249828
6108 0.000140 0.000140 -25.249860 -25.249860
6109 0.000118 0.000118 -25.249882 -25.249882
6113 0.000112 0.000112 -25.249888 -25.249888
6349 0.000025 0.000025 -25.249975 -25.249975
7013 0.000014 0.000014 -25.249986 -25.249986
7693 0.000008 0.000008 -25.249992 -25.249992
7695 0.000008 0.000008 -25.249992 -25.249992
8230 0.000001 0.000001 -25.249999 -25.249999
9580 0.000000 0.000000 -25.250000 -25.250000
10393 0.000000 0.000000 -25.250000 -25.250000
11743 0.000000 0.000000 -25.250000 -25.250000
11746 0.000000 0.000000 -25.250000 -25.250000
11748 0.000000 0.000000 -25.250000 -25.250000
11749 0.000000 0.000000 -25.250000 -25.250000
11753 0.000000 0.000000 -25.250000 -25.250000
11755 0.000000 0.000000 -25.250000 -25.250000
13093 0.000000 0.000000 -25.250000 -25.250000
13097 0.000000 0.000000 -25.250000 -25.250000
14443 0.000000 0.000000 -25.250000 -25.250000
14456 0.000000 0.000000 -25.250000 -25.250000
15795 0.000000 0.000000 -25.250000 -25.250000
15797 0.000000 0.000000 -25.250000 -25.250000
15798 0.000000 0.000000 -25.250000 -25.250000
17143 0.000000 0.000000 -25.250000 -25.250000
17147 0.000000 0.000000 -25.250000 -25.250000
17148 0.000000 0.000000 -25.250000 -25.250000
18493 0.000000 0.000000 -25.250000 -25.250000
18496 0.000000 0.000000 -25.250000 -25.250000
18498 0.000000 0.000000 -25.250000 -25.250000
18504 0.000000 0.000000 -25.250000 -25.250000
19843 0.000000 0.000000 -25.250000 -25.250000
19845 0.000000 0.000000 -25.250000 -25.250000
19846 0.000000 0.000000 -25.250000 -25.250000
19848 0.000000 0.000000 -25.250000 -25.250000
21163 0.000000 0.000000 -25.250000 -25.250000
21170 0.000000 0.000000 -25.250000 -25.250000
21195 0.000000 0.000000 -25.250000 -25.250000
21199 0.000000 0.000000 -25.250000 -25.250000
22546 0.000000 0.000000 -25.250000 -25.250000
23895 0.000000 0.000000 -25.250000 -25.250000
135000 0.000000 0.000000 0.000000 -25.250000
"function evaluation" "current f(x)" "best-so-far f(x)" "current af(x)+b"  "best af(x)+b"
1 133.356401 133.356401 108.106401 108.106401
2 133.213189 133.213189 107.963189 107.963189
11 45.224190 45.224190 19.974190 19.974190
12 45.119557 45.119557 19.869557 19.869557
41 20.891884 20.891884 -4.358116 -4.358116
42 20.888356 20.888356 -4.361644 -4.361644
44 20.858446 20.858446 -4.391554 -4.391554
71 11.202184 11.202184 -14.047816 -14.047816
75 11.191111 11.191111 -14.058889 -14.058889
77 11.187556 11.187556 -14.062444 -14.062444
221 4.950786 4.950786 -20.299214 -20.299214
224 4.948012 4.948012 -20.301988 -20.301988
875 2.127914 2.127914 -23.122086 -23.122086
878 1.333146 1.333146 -23.916854 -23.916854
1571 1.326701 1.326701 -23.923299 -23.923299
1574 1.325296 1.325296 -23.924704 -23.924704
2227 0.646278 0.646278 -24.603722 -24.603722
2228 0.408390 0.408390 -24.841610 -24.841610
2229 0.386214 0.386214 -24.863786 -24.863786
2237 0.227869 0.227869 -25.022131 -25.022131
2922 0.223548 0.223548 -25.026452 -25.026452
3575 0.098226 0.098226 -25.151774 -25.151774
3578 0.061375 0.061375 -25.188625 -25.188625
3581 0.058338 0.058338 -25.191662 -25.191662
3587 0.020627 0.020627 -25.229373 -25.229373
3612 0.015144 0.015144 -25.234856 -25.234856
4292 0.014973 0.014973 -25.235027 -25.235027
4293 0.014636 0.014636 -25.235364 -25.235364
4299 0.014250 0.014250 -25.235750 -25.235750
4925 0.011534 0.011534 -25.238466 -25.238466
4928 0.010771 0.010771 -25.239229 -25.239229
4929 0.010402 0.010402 -25.239598 -25.239598
5057 0.004820 0.004820 -25.245180 -25.245180
5691 0.004398 0.004398 -25.245602 -25.245602
6309 0.004049 0.004049 -25.245951 -25.245951
6321 0.002456 0.002456 -25.247544 -25.247544
6396 0.001820 0.001820 -25.248180 -25.248180
6407 0.000961 0.000961 -25.249039 -25.249039
6741 0.000814 0.000814 -25.249186 -25.249186
7042 0.000728 0.000728 -25.249272 -25.249272
7242 0.000593 0.000593 -25.249407 -25.249407
7262 0.000390 0.000390 -25.249610 -25.249610
7746 0.000376 0.000376 -25.249624 -25.249624
7747 0.000007 0.000007 -25.249993 -25.249993
7751 0.000002 0.000002 -25.249998 -25.249998
9094 0.000001 0.000001 -25.249999 -25.249999
9097 0.000001 0.000001 -25.249999 -25.249999
9098 0.000001 0.000001 -25.249999 -25.249999
9107 0.000001 0.000001 -25.249999 -25.249999
10444 0.000000 0.000000 -25.250000 -25.250000
10449 0.000000 0.000000 -25.250000 -25.250000
10453 0.000000 0.000000 -25.250000 -25.250000
11309 0.000000 0.000000 -25.250000 -25.250000
11311 0.000000 0.000000 -25.250000 -25.250000
11312 0.000000 0.000000 -25.250000 -25.250000
11794 0.000000 0.000000 -25.250000 -25.250000
11797 0.000000 0.000000 -25.250000 -25.250000
11801 0.000000 0.000000 -25.250000 -25.250000
11807 0.000000 0.000000 -25.250000 -25.250000
12655 0.000000 0.000000 -25.250000 -25.250000
12657 0.000000 0.000000 -25.250000 -25.250000
13146 0.000000 0.000000 -25.250000 -25.250000
13155 0.000000 0.000000 -25.250000 -25.250000
14006 0.000000 0.000000 -25.250000 -25.250000
14012 0.000000 0.000000 -25.250000 -25.250000
15351 0.000000 0.000000 -25.250000 -25.250000
15427 0.000000 0.000000 -25.250000 -25.250000
15966 0.000000 0.000000 -25.250000 -25.250000
16772 0.000000 0.000000 -25.250000 -25.250000
16773 0.000000 0.000000 -25.250000 -25.250000
17202 0.000000 0.000000 -25.250000 -25.250000
17207 0.000000 0.000000 -25.250000 -25.250000
17316 0.000000 0.000000 -25.250000 -25.250000
18091 0.000000 0.000000 -25.250000 -25.250000
18663 0.000000 0.000000 -25.250000 -25.250000
18667 0.000000 0.000000 -25.250000 -25.250000
18669 0.000000 0.000000 -25.250000 -25.250000
19435 0.000000 0.000000 -25.250000 -25.250000
19438 0.000000 0.000000 -25.250000 -25.250000
19441 0.000000 0.000000 -25.250000 -25.250000
19444 0.000000 0.000000 -25.250000 -25.250000
19904 0.000000 0.000000 -25.250000 -25.250000
20013 0.000000 0.000000 -25.250000 -25.250000
20785 0.000000 0.000000 -25.250000 -25.250000
20832 0.000000 0.000000 -25.250000 -25.250000
21249 0.000000 0.000000 -25.250000 -25.250000
21257 0.000000 0.000000 -25.250000 -25.250000
22169 0.000000 0.000000 -25.250000 -25.250000
22176 0.000000 0.000000 -25.250000 -25.250000
22178 0.000000 0.000000 -25.250000 -25.250000
22722 0.000000 0.000000 -25.250000 -25.250000
24063 0.000000 0.000000 -25.250000 -25.250000
24068 0.000000 0.000000 -25.250000 -25.250000
135000 0.000000 0.000000 0.000000 -25.250000
